,IL2DL,IL2VL,IL2L,URADL,IL1VL,IL2DR,IL1DL,OLLL,IL1L,URYDL,OLQDL,URYDR,IL2R,URYVL,RIPL,OLLR,URBL,IL2VR,IL1DR,URADR,IL1R,URAVL,OLQVL,RMED,URBR,OLQDR,URYVR,RIPR,RMEL,BAGL,CEPVL,BAGR,OLQVR,URAVR,RMER,IL1VR,RID,CEPVR,RMEV,CEPDL,RMDVL,SAAVL,SMDVL,URXL,ALA,RMDVR,CEPDR,AVAL,RIAL,ASKL,SAAVR,RMDL,URXR,SMDVR,AFDL,AVAR,RIAR,ASKR,AVEL,ADLL,ADFL,RMDR,AFDR,SIBDL,RIH,AWBL,AVER,RMDDL,AWCL,ADFR,ASGL,SAADL,ADLR,AWAL,AWBR,ASIL,ASHL,SIBDR,ASGR,AIBL,ASHR,AWCR,AWAR,SIBVL,RIVL,SMDDL,SAADR,RMHL,RMDDR,ASIR,AVHL,AVHR,RIVR,AIBR,RIBL,RMFL,AVBL,SIBVR,ASEL,AVJR,AUAL,SIADL,RMHR,AVJL,ASER,AVBR,RIBR,RMFR,SMDDR,AIAL,RIR,SMBDL,RIML,ASJL,RIMR,AUAR,AVDR,SMBVR,AVDL,AINL,SMBVL,ASJR,AINR,SIADR,AVL,RICL,AIAR,SMBDR,AIZR,SIAVL,SIAVR,RICR,AIZL,AIYR,AIMR,AIML,RIS,AIYL,VB02,AVKR,AVKL,AVFR,SABVL,FLPL,FLPR,SABVR,AVFL,AQR,RIFR,ADEL,VB01,ADER,DB02,ADAR,ADAL,RIGR,RMGL,RMGR,RIFL,AVG,VA01,SABD,RIGL,DD01,DB01,AS01,VD01,DA01,VD02,VA02,VB03,AS02,DB03,DA02,VD03,BDUR,BDUL,VA03,SDQR,VB04,VC01,DD02,AS03,VD04,DA03,VA04,VB05,VC02,DB04,AS04,VD05,VA05,AVM,VB06,DA04,DD03,ALML,ALMR,VC03,AS05,VD06,VA06,VB07,DB05,AS06,VD07,VC04,DA05,VC05,HSNR,HSNL,VA07,VB08,AS07,DD04,VD08,VA08,VB09,DB06,AS08,PDEL,VD09,PDER,SDQL,DA06,PVDL,PVDR,PVM,VA09,VB10,AS09,DD05,VD10,VA10,VB11,DB07,AS10,DA07,VD11,VA11,AS11,VD12,PVPR,PVT,VA12,DD06,PVPL,DA08,DA09,PDB,VD13,PDA,DVB,DVA,DVC,PVQR,PHAL,PHAR,PVQL,PLNR,LUAL,PVCL,PHBR,ALNL,PHBL,LUAR,ALNR,PVCR,PQR,PVR,PVWL,PVWR,PLNL,PHCR,PHCL,PVNR,PLMR,PVNL,PLML
0,-445.26309066665283,-390.8232357771289,475.9968066274449,499.9999999990199,-15.770134188064267,-486.2908091122966,463.3075543245931,405.061886346842,142.18835803011441,81.03811973549058,99.43929874817003,5.105398714891569,117.43916180173669,-29.87140317631715,211.02973279532932,376.90233847906967,189.38872657935,499.9176638945586,455.1117232652176,500.0,379.91241104759507,431.6000381435586,56.52832352279019,83.47279653892268,-62.888255231329914,-35.58538687065162,151.08005481027956,111.21797668211748,-6.594170405400018,-37.458872667430015,-46.88570204505372,-74.49873437569622,-81.62566461825226,-499.03391098560473,126.17295190098432,-41.56493530884365,-225.0015164735282,-251.20518528564816,52.32646322365773,-52.09206335098469,-59.28496118726623,426.48913105890404,-213.86707436641345,-308.3865941289037,-378.11354841100064,-78.41327988007306,-26.9662189740848,0.48487009791111757,33.651768009280815,-29.048085080429015,291.32118106538866,-77.44644490641808,171.65264830486396,-141.4084339698714,-160.91087824825138,9.182810137363195,88.3334545382556,-85.54826678246178,0.6651900451502323,405.5324939246616,-434.4327450329179,-88.61189112459789,-344.3624230241998,-208.93204865173823,-231.61931851064327,397.9359872446039,-33.70050600646384,-89.77519166064029,147.06935788250212,-145.43248597890926,228.23167117200367,429.8523869422481,495.7590899368077,-191.30789527168588,335.32467536523063,-173.71086673576787,232.401722132102,436.7533862011192,13.822953262837332,-14.990354912964102,105.14828055338276,192.8784131760599,78.46525747325086,-240.78857983806049,-57.88759128309619,-157.77489951577638,309.25276678538506,311.3428635209857,-149.88651910265818,-167.21067480818252,-59.12340254369803,-32.26798473818302,-89.89315100860914,-88.07621271588683,-47.48877423937126,-173.42688896493866,-102.4371757650408,262.4474275775013,-72.82084950617893,91.5356407003119,473.8574690647471,-281.5238141430577,284.4680877374148,69.8182539965274,78.29805996699022,-85.20183168718685,-4.381913362604098,-438.59759856204386,-127.60250444804345,-186.76053895633197,275.9834343805895,-42.29706569672146,-33.77614035235554,447.7558583602615,-65.62068249322684,288.5707731085223,64.05028243359153,430.69909359630685,-156.40635677873752,174.11256577779452,312.7913212789576,61.82025586439836,301.4624131704463,303.11952363161504,43.626277759774915,387.44348243328653,-173.45345302405866,49.44061349382891,147.6942329203301,100.1879703504167,334.2844186771259,379.38959848250005,163.5186585839202,-27.364411664049033,499.9999996283721,488.4921673955365,-103.40327336454054,45.716925013056105,-120.34415390226295,153.54314842600934,57.48178855702717,-2.6203241649450724,21.334914143830318,-39.99572954731732,-3.7135009646246004,48.17006964601944,-2.8002788442712356,103.63770784436811,169.37353605861966,-102.24591435772639,-18.735232324513607,258.8149314683527,-115.42194730620291,-79.0309421288982,-49.1734094927813,61.27494942086068,363.06032667144444,12.580071726702853,353.58722080716103,247.7818036255661,141.8213088868913,39.41637444078849,32.494491086933614,108.87992049087866,-156.4572591688467,71.33830979248931,77.22251620716325,38.64795278606359,75.77003500249357,-3.642656632716714,-184.04952598445615,157.7093936822959,-120.02353010047726,33.163097219611835,-0.733844316007112,307.49594286307354,499.56037170525224,-9.918648930489807,-36.869620290867076,-219.5129754874085,18.004288342719246,161.99967907556803,77.11174086546801,151.26184188553154,192.99351316472456,83.04923746993688,-174.67264196568914,4.052661544072691,-149.68974586287501,283.27827927726787,258.0881113376141,15.80155714240401,-319.7166715436622,-167.00618049611637,-74.07667265506826,276.0595074256238,-480.9129204403137,-171.08440427904074,70.93421897366663,36.6249267286526,242.65460918664638,-45.935122589655485,-127.7687509415931,-93.39597968221997,57.25618122497815,338.7577407438506,29.30419628891345,-1.1714447824681078,201.0953564854135,-102.51956996249487,-167.72286726070504,-42.577777960207314,-107.3432820575562,-5.910971532948811,304.5007808057994,311.9833332615024,-36.415201087298016,-20.302926109186618,-73.7637533262973,-8.837583151534004,221.9853595539347,285.65848444883403,230.20457160852195,306.6951385841389,-18.73303103855523,499.9999985262,-499.19976464933,-5.406443845487668,54.862306902743555,-88.40844577741629,3.646967886745496,331.68295635181204,269.52121404878477,-65.31560239136071,-76.69718504481861,-61.849471489633835,64.02927795032453,10.432582859763789,300.76331802068995,-28.30710504344168,2.6594964081724037,245.82710608325723,134.06702032955084,5.335885503821589,-5.411272197430596,308.8129964883324,103.82450319525842,-59.55972305891404,55.20715841658569,-97.29664095852142,279.9772837191374,86.11701909433533,10.23601496499075,-290.85604751975416,83.56386595774732,-158.2168264405617,-355.19427772835223,61.57719151242086,-182.3492673284922,-499.1997646607991,-38.499696995025154,60.256809705249104,108.69366675426126,-253.56415876114536,231.08199969274983,-494.0943814657053,70.06042755285914,-6.966881779242737,141.21656526413358,-281.40691001066875,163.86687177804848,-296.3073024623403,-499.9926787420002,-7.3723258403100775,-10.501482833707312,-168.6119930422553,-486.67014432737875,-32.87866073606389,4.7403093161945264
1,-434.941024895332,-458.1285591219042,481.0914075669365,499.99999999936483,12.399215581158519,-482.01591072989663,465.3862883394317,410.9031554079186,160.61809851163352,84.90477032402993,103.0579778271692,7.390962831895566,124.28627912153792,-23.73947084148287,226.67341381589853,383.825942857527,196.322557981815,499.9623533728649,457.6967747620197,500.0,389.1444319304312,456.67274393400646,63.4142860531271,91.84969215047296,-60.03252050183072,-31.918687114308465,155.40730056618972,114.45216957269082,-7.393159941433943,-40.1347595873235,-43.139783795445446,-73.19974151017831,-79.27051836093402,-499.1645082900276,136.6938458060444,-32.10244471089408,-224.53732593393067,-248.9958217321531,56.26353149273975,-48.985748275175965,-62.37620353494029,428.7819425496975,-218.57277549708962,-310.42310979244115,-381.2225625486559,-83.91132420280732,-20.616212813946223,0.08460319399658447,34.83773142188215,-28.156947292662327,295.8005087441868,-81.03556049305027,173.59673903889689,-145.42567033367686,-165.28854552532675,9.059847233693043,92.04860055860145,-90.8561917851728,1.2647632667498137,414.4426347247027,-437.3435674799601,-94.03177590600747,-352.21622523898924,-220.33131976503458,-231.51817846838236,407.0399604007282,-34.87275576846503,-91.35522393605578,153.93371944643854,-150.56405443123904,233.09015928197908,433.3584609905914,496.5854251784369,-198.18806649971484,343.44787435761543,-176.30406635422628,242.69658578628903,443.3367829634343,14.692050645577806,-14.662459337686334,107.36751277719615,197.53594903985132,81.31238463525118,-245.42044085764806,-61.71818768315646,-162.46882116565655,313.88390010513115,325.23649056505946,-150.47681238498134,-169.59742932923638,-61.14678799063074,-33.040566120455566,-94.53165541402271,-89.89024297972449,-46.377441727622596,-178.84314358052958,-101.28164025280896,276.0300383304294,-75.81383809629251,96.48558324271286,476.71977551993865,-279.1566537569937,294.6444689290475,73.69962077910813,77.40304828042693,-84.7212254939147,-0.9533164685997951,-442.9209926249142,-129.9041438319322,-189.4647478144099,279.877660950765,-42.90720660157754,-33.27742987398251,453.4839283676626,-66.08093927737916,296.3593426475073,68.98562543102096,432.54155848227566,-161.46577873119418,180.0745395326053,314.7342797603077,72.14587666937166,308.96464450471547,311.84121236748723,45.28790413793723,394.5889610779241,-175.77539870187536,51.78406561783871,150.50902573081558,105.77571935748092,345.22937753242087,386.019236929335,166.9166935932761,-27.348017829096083,499.9999997727472,490.3811513025297,-104.40682915522207,49.115519312739366,-118.98817143744255,156.11230975708082,58.25889167532488,-2.529176165923033,18.38162598478013,-39.25017242067383,-2.2620962430201406,48.13864466648316,-2.6432563461863126,106.79713904817957,197.17871162209846,-103.99259380993882,-16.04842420266752,257.0397987958085,-112.6108983412795,-83.37557262447967,-47.92873485091231,63.99440164100553,374.3125933542405,16.59953262813932,364.93810622933984,265.3300895196296,141.35866927977182,38.82234740511865,35.01743664453749,111.08026324964956,-156.9538342242573,72.61212938660542,77.74512278489803,37.950066107022366,75.49939070833223,-4.783930602634915,-186.38833142702444,164.36597689457705,-116.74963321223034,33.09042763565087,-2.45154995846429,362.84749014622736,499.72634697079775,-9.774844141753157,-41.861716170748785,-217.82318914766705,13.298047254004665,164.36535742938045,78.94098542195108,153.5952405200103,195.95366324059734,85.74744574422009,-173.66352938826427,4.866486202168694,-147.92509379712405,288.42687890299425,261.44005686515226,16.337896485552246,-331.348976782865,-165.9365680567468,-75.26487019019488,281.72690958690544,-482.61850029222626,-210.38784716032748,67.8903144056857,39.551219602302815,246.27856586044962,-46.413046145296036,-125.96829206683307,-91.82887455443525,59.03706701833449,345.9190211828843,26.848755945642477,-0.3341979024985698,202.25062606370614,-111.8094923997261,-166.86147822744047,-43.35298543252306,-107.16963121122667,-5.392819513479922,311.7193681870244,317.3216430761593,-36.876659516162576,-19.612103944456617,-72.32917493677036,-9.245858451303983,226.8876858625093,291.2095440313056,234.21019352895507,295.3244364051444,-19.01047320361299,499.9999991169485,-498.733184722479,-5.279606533288305,56.2623522922656,-87.82554056061322,3.768175125440861,340.92185325653327,275.4143911153731,-66.65506578886765,-73.81180841215877,-60.06240166983738,65.2846100813513,10.947181086642148,307.68369528355663,-30.060604247861104,2.8329646320714588,249.3031951052082,136.9884011457036,5.967946845207096,-5.5359403289949904,315.4060181457089,106.62193042369297,-61.91898837618364,56.2354995353008,-97.9457435949897,285.01376824223837,75.10002340859478,10.685864726944956,-294.0526403575289,85.18842700787489,-166.2230301616699,-360.94865486135944,64.0743005552052,-186.02008770616553,-498.73318473945625,-40.53204589366915,56.97916986979775,113.66881055074897,-257.3963842138005,238.5666493532043,-494.15772906316903,7.602806023429535,-6.363989289556275,148.39607657270838,-277.92663304752006,176.89658615087083,-293.1038172201568,-499.9944201192227,-7.401237225992193,-11.08959796586621,-164.5648781560358,-487.16640760665763,-40.05455224392393,2.7015938349169644
2,-423.6710133370312,-484.6831059643739,485.18653233725604,499.99999999958584,39.28154098060362,-476.84552065129003,467.19464579995116,416.1542943164354,173.81032742020193,88.57223240899238,106.51700292354715,9.062268559393834,131.15277121920175,-23.068250348237516,238.12951258294893,389.80741031596995,202.98248138998025,499.9829349355529,459.90530556420305,500.0,397.4695094354916,476.5907550987901,69.88444191398915,99.33454097266248,-58.38055236674872,-29.036007866649967,159.44702975745105,117.44654017031702,-8.119544875401504,-43.91403908334843,-39.573000668871785,-72.33306741061921,-77.18820866859625,-499.271938788676,146.93961293028633,-22.524804930003416,-224.22397962577801,-246.90300223769327,59.8617256200288,-46.00987875302685,-65.47288323134467,430.9409601725852,-222.50367665401112,-312.1122634478537,-384.1687658479713,-89.26230010117939,-14.792830179979639,-0.33222300998695,36.00068513690427,-27.09321287909202,303.3968007423709,-84.96810939309525,175.29167847780025,-149.30643836412216,-169.41953884499654,8.852400738607585,95.63568224818377,-95.8598217971837,1.5721416956963001,422.5114351781162,-439.9907042867414,-99.33656463071657,-359.36486738656305,-230.9699473727013,-231.70296515111312,415.3242304429021,-36.20105818074027,-94.59042842285515,160.6525949188274,-155.5025362707987,237.88400823542796,436.23603824513515,497.2471630984673,-204.7115750004397,351.10256091438697,-178.7959709829532,252.42832496879737,449.1400605790434,15.632249681468116,-14.518599207245074,109.33294520123862,202.0739841660242,84.05142882491731,-249.823256696933,-65.37054985858448,-167.35989012164055,317.82628596150556,337.7119058447642,-151.1766665053843,-171.92047617917544,-63.00496134752522,-33.72961177626569,-99.01683184210115,-91.72024389739477,-45.28631993913551,-185.13608081427742,-100.2735093845713,288.4786386834984,-78.60234644188087,101.32253433074109,479.244227830146,-277.1093352109977,306.4957033564437,77.48757946216416,76.58994616247952,-84.32138979440097,2.3032834417674324,-446.867669171203,-131.7354219211204,-192.05661859059086,283.2065800315022,-41.110606421818524,-32.91135206619553,458.5091407709299,-66.61262222680234,303.8782342496885,73.80857769777741,434.2862421677055,-166.82489356019602,185.98522285506425,317.50391650720206,82.53112889646802,316.2011130943291,320.0266652818563,47.00291810922754,400.96354558265534,-178.0561957355315,53.8787317697614,153.12695802996885,111.20317768011043,355.3431321029843,391.9473450282151,170.22334568112163,-27.328914174513578,499.99999983440944,491.93449815873953,-105.43528691040542,52.420248865961845,-117.65490028389362,158.56632006573818,59.07972400840649,-2.3567618406106643,15.317095112068108,-39.100878524587344,-1.246077689704472,47.913769960480835,-2.405740913380554,109.83051323837981,223.51763557009184,-105.57483071161144,-13.442224707366716,257.32157164865606,-109.99748351110493,-87.81299253069072,-46.658163913174185,66.2458374293095,384.66151560071114,20.75956601229374,375.53851245000357,282.012039569043,140.39145747485367,38.150272688314104,37.16282803931047,113.51606216183225,-157.51909480571518,73.84694914582678,78.48630000488541,37.15034745360267,75.461374740051,-5.815775396533059,-188.6535158600439,170.75753192109838,-113.71246324109546,32.9048871410297,-4.005572445326418,405.3339450639676,499.83252215174304,-9.47892434275979,-46.685771456986416,-216.3815805728439,9.362968287734654,166.77373554991033,80.70677629904192,155.90289649024996,198.8842948692206,88.36933957571091,-172.75376296118534,6.826393215693236,-146.4685991482055,293.4149638900813,264.7309978432491,16.879992059708723,-342.18600618657035,-165.01149864303738,-76.34790446284177,287.20116636785883,-484.12195421861225,-245.64194811575086,65.49799679571662,42.48765802648765,249.64383994954827,-46.82405730588702,-124.34881613910684,-90.43256356966764,60.76514271423355,352.70313222340764,24.927281183848883,0.5438884905473035,203.9058982702257,-120.14905580442462,-165.26401770194104,-44.13995262083921,-107.06805950304135,-4.866299958577628,318.6615445355833,322.32006605469667,-37.2869408755575,-18.984132449068035,-71.01204091322553,-9.547578450623169,231.4708788386063,296.5399416856758,237.96434509638217,283.93908858322476,-19.18903816642599,499.9999994893081,-498.0535783872036,-5.177298699375827,57.65145622466697,-87.31981339877481,4.026247376676841,349.7225880055825,281.0733893199496,-67.75141278878992,-71.12740057294205,-58.4004074320552,66.6080764732488,11.471381725483603,314.33906046083956,-31.722505602649957,3.1564226999409897,252.70743914607007,139.85779458520852,6.628130183203941,-5.569778220403539,321.7590851621305,109.35312809351365,-64.12536310336213,57.33082852206627,-98.61944575963616,289.9010572538939,63.99270746229596,11.220668473191212,-297.06590786927245,86.82731179016142,-173.79128736379036,-366.2153411401491,66.6087120524422,-189.41570510789242,-498.0535784115896,-41.71868612440292,53.92855032597534,118.61339848614796,-261.1067809062151,245.82409640440727,-494.2238217013105,-64.25745189299634,-5.709351630559683,155.36937759168887,-274.55951575802953,189.5152135666018,-290.1306369612838,-499.9956919561573,-7.418997836721747,-11.71679180012151,-159.9931824034674,-487.6299622379106,-46.91309712376516,0.9570640449821936
3,-411.5333512386895,-494.4580876482161,488.39576898684646,499.99999999972823,64.30448964984829,-470.71047649770486,468.66933616479565,420.6261108387477,183.6249131085061,92.01518319488464,109.8170726093837,9.815068723339003,137.86279630569226,-25.175385626034736,248.0483143937165,394.4806906594314,209.3201511078373,499.99227161903667,461.54664508650495,500.0,404.40739732112996,488.76304620774675,76.04285896219238,105.8745398312474,-58.60523886341774,-27.28561899658511,163.1708765094204,119.87696054460284,-8.963158408507011,-48.792793535778316,-36.247720652428434,-71.93983155451458,-75.53249389967571,-499.3610124081616,156.57572519276317,-13.57916246410005,-224.06823681070122,-244.98605025174456,62.77735779261128,-43.22045058287359,-68.44479282383317,432.99109479862057,-226.0468068398643,-313.6148266058237,-386.96941464247675,-94.28251861890391,-9.697367606840068,-0.6996983254234088,37.14485371179409,-25.982859160143946,313.8927413515682,-88.9512798773609,176.88269657364572,-152.9370421296548,-173.3377768520354,8.648363228927947,99.09702710687074,-100.57020547502017,1.582612813098871,429.7465500051338,-442.40829999640897,-104.42781098544282,-365.8890596498089,-240.8841188614615,-232.19361365214277,422.79268768633233,-37.616753500296056,-98.0469491636857,167.2307424742428,-160.2465262498517,242.5929920646874,438.5347017801847,497.7752589190912,-210.89571424241234,358.2781856553743,-181.20145057074075,261.4572729998002,454.23970529791666,16.62661568386741,-14.572380663941791,111.02847095337385,206.49773449404913,86.68278531440244,-253.99334536649297,-68.8206141902852,-172.2272450381579,320.9961421549685,348.39609803505573,-152.18347164353372,-174.18768852265566,-64.75992799523394,-34.40657168227375,-103.28147932307733,-93.56273997050204,-44.229680335467634,-192.63533110392174,-99.38931607076202,299.77071637316516,-81.19867185506057,106.03157574653586,481.46600526890506,-275.6934869156062,320.01453105212664,81.18068778738167,75.86865199864805,-83.99041242820547,5.309207707802654,-450.4879245631011,-133.38345561312858,-194.55297597802485,286.01063260727403,-38.22047778853155,-32.65683658323643,462.8950584881194,-67.18271049217243,311.10468176547664,78.49717389664107,435.95197367710523,-172.3302158335483,191.82110498983684,322.1302125627184,92.86986053592645,323.1551517154373,327.6827567710903,48.75905755709858,406.49859513990265,-180.29821806380068,55.67759204212767,155.55337040063296,116.45062955674828,364.6704810241029,397.1141555046675,173.41848512803608,-27.302966287322118,499.9999998579168,493.2109517736333,-106.49770671708603,55.63826937303425,-116.3365180117235,160.85027171131654,59.94888438940074,-2.1777792734602937,12.324425483775519,-39.42070718694381,-0.5903155459769578,47.65765805258947,-2.1561163518278073,112.72770766654213,248.16657237342991,-106.98745135049639,-10.864377716797131,260.3678072001998,-107.56387787061847,-92.2810246743393,-45.41726010404386,67.92155655863216,393.9512709304232,25.266110637106586,385.32711349081757,297.65758536252713,139.04800153509194,37.50323144652719,38.9691806662907,116.08110101847679,-158.1518657475122,75.10504361693812,79.3566156032865,36.38799955913082,75.58345770439732,-6.718843586899625,-190.83871292412476,176.9556146365326,-110.90197209359633,32.708239092305874,-5.417755661698291,436.2181912514127,499.89876493089673,-8.96810530123084,-51.29063585602325,-215.2030848210481,5.560699005633951,169.17595149279828,82.47965431316148,158.1157209177729,201.8990188298577,90.98189087787128,-171.94364498611696,9.466530298583063,-145.35308168308202,298.3273530635735,267.91490204985803,17.49266589438843,-352.21818616341477,-164.22241600223992,-77.26290391070656,292.4379627504191,-485.4480516749861,-276.8650819117662,63.23134604550794,45.48716685297588,252.71099092054882,-47.10614455087953,-122.90242024343718,-89.19952982507401,62.49630003270328,359.1062583572886,23.321848057294996,1.522959875131231,205.79104676593346,-127.71883955870311,-163.08889980890012,-44.879510244762244,-107.0148588204877,-4.277602069944009,325.2955433583732,326.96997533647453,-37.60283015088456,-18.379068820606303,-69.7904461947773,-9.679618278660156,235.7702825652412,301.6216933846043,241.49654154060832,272.6161503032274,-19.211353186307512,499.9999997112023,-497.09203601646186,-5.088237601482674,59.08735791752574,-86.86814131065154,4.475902223235783,358.07918881917806,286.46542730536436,-68.55322118297677,-68.6408397809188,-56.859480911631735,68.05137562346073,12.05641935061378,320.7141826517727,-33.2070527216649,3.6566926013784147,255.97535800087195,142.64811490331022,7.318949770633444,-5.472808995233959,327.81838993797555,112.00070158614159,-66.14365782240951,58.495750948899264,-99.3240621750596,294.5969516753392,52.77087853645987,11.88973500920815,-299.90518436292786,88.44792691829619,-180.97997417482875,-371.0473157307289,69.16753872751042,-192.6155033834968,-497.09203605051243,-42.100730587806105,51.12009686609257,123.50845596195717,-264.71411236520305,252.84739941589928,-494.28887570844836,-140.46041315604376,-4.997141085095659,162.1199944452909,-271.27698061606543,201.64789651771684,-287.4437878993574,-499.9966325533784,-7.392100226051877,-12.366555359402158,-155.1323805477685,-488.0599113867108,-53.49469082907708,-0.45040569064043334
4,-398.6280176000047,-497.98083089897915,490.88183250520063,499.9999999998204,87.84444673998448,-463.5618831357133,469.8496140339472,424.2621161672103,191.8498929121954,95.25347705835173,112.92149248014275,9.372465356779614,144.1486420838952,-27.992211210982404,257.38345110089915,397.62966103899964,215.33502237459717,499.9964448547942,462.5178569921348,500.0,409.60159856266307,495.05210593124417,81.90313719634115,111.70727356738162,-61.35942562035098,-27.04251958506783,166.5549788657186,121.3044033101476,-9.96783350190132,-54.60964094084352,-33.16049238076867,-71.97173517486107,-74.50837381663744,-499.43541542932314,165.32713476318594,-5.647721269857081,-224.09555121194285,-243.29780506038816,64.91958925016608,-40.63917671621791,-71.30804578550942,434.93048292239536,-229.45121459758445,-315.05428823413365,-389.64142647421573,-99.24222117182296,-5.544770222439483,-0.9872598908750403,38.271913013387035,-24.93838857349788,324.57654330844974,-92.84637825498457,178.2919440379816,-156.3853362458206,-177.06975598249002,8.501092165554065,102.44217335599662,-105.14418061168627,1.2860015858993472,436.19056770783806,-444.62508646617806,-109.32418618518922,-371.85776074648993,-250.15593162640832,-232.99940520788334,429.4654800314911,-39.09747590749386,-101.42125448672671,173.67043475156848,-164.79768289416012,247.19535147217337,440.04555033662183,498.1961090853224,-216.75963792516816,364.85882856558993,-183.53205026155874,269.6297713069755,458.7039302781257,17.6563896518853,-14.841238655137646,112.26370904533454,210.81092200979106,89.20662135581344,-257.96691618000006,-72.15387782100855,-176.97334614204834,323.25599709910307,357.0962656163859,-153.90431671507608,-176.40387379859658,-66.45403910885616,-35.11445281830517,-107.36943769134743,-95.43000580831286,-43.33206004214581,-201.64514269677642,-98.63925513608959,309.8637995191808,-83.61437942696514,110.61261932376107,483.41767315305674,-275.2291778528311,332.5945622757027,84.77786902950896,75.2538815868756,-83.74040485863945,7.943317351235144,-453.8153733237399,-135.0303080743766,-196.96639332778977,288.3765103812385,-35.823532604023036,-32.5133203764247,466.71196325805744,-67.77529413956098,317.9960600150281,83.03981589960519,437.5197488436354,-177.85757091587539,197.542423575096,327.3822416029662,103.04057305011092,329.80981248085715,334.7927077065144,50.547362811711395,411.11493583299097,-182.50109279805207,56.973114392345416,157.78528210231696,121.44390042008652,373.24056142576467,401.4350867775255,176.47592608397986,-27.26799185630219,499.99999985874877,494.2597596493908,-107.67023001332674,58.77474918666405,-115.08399988056456,162.74608413665317,60.574934873104006,-2.043585581319403,9.561435814577257,-40.08072684682036,-0.20133156304706123,47.517244266233895,-1.9429209787691812,115.3890974533385,271.0266678090451,-108.3118268113923,-8.43825749314279,263.9112289900611,-105.34812215856597,-96.75264772587975,-44.26130780036523,68.91999023034052,402.12933330810495,29.357426586533386,394.3165059616988,312.22104837360183,137.43711573387304,36.961722233511,40.46004167487209,118.72863547992628,-158.87465619599234,76.43050127694805,80.31986732883661,35.7739800095596,75.82823153358709,-7.481799045997814,-192.9508584447661,182.984041626566,-108.34493693195873,32.56851669148487,-6.708537488969761,457.77217339700593,499.9393900771787,-8.212208226329883,-55.706058884727554,-214.3103039155625,1.6859470805962067,171.57185888511165,84.29945341862035,160.2286547651203,205.06472171446097,93.60938781615937,-171.24708470721112,12.676486314933623,-144.6094884351911,303.2112295322939,271.01260787816534,18.205413309832174,-361.4573722018157,-163.57923583855055,-77.99619901006562,297.4459669328774,-486.6196294238062,-304.24867322930226,60.89847836456667,48.56971824611353,255.46795619111222,-47.240112103788015,-121.64767263515157,-88.1449588437632,64.2551655808434,365.1267476708154,21.817037927505943,2.6225206172793225,207.68544293790836,-134.63449952623776,-160.46989365714694,-45.532424671657274,-107.01596036384596,-3.6136909160540265,331.60558343641355,331.24522158524326,-37.82389717284719,-17.791874781365678,-68.67624901411317,-9.629989470875648,239.79967427421235,306.4143701056467,244.81603201430215,261.4106709280414,-19.077329077754968,499.9999998384104,-495.7683346941396,-5.011047302111527,60.58891777482479,-86.51483028515386,5.11975990913629,365.9876658284696,291.54547570630194,-69.06725145033225,-66.38930673596258,-55.46587296455147,69.6215051948165,12.711165227087632,326.7882387388592,-34.476722318452836,4.294061066620474,259.0292801090118,145.29137519892527,7.957223438064093,-5.243345676691981,333.51804194450267,114.44536566402908,-67.99243153571263,59.68359333202106,-100.10378529581017,299.032846658736,41.30459963267148,12.703107298488348,-302.59022471108005,90.00639906163835,-187.86668359271764,-375.500341347927,71.67007320684355,-195.68657159831182,-495.76833474043275,-41.88669498304022,48.524006272322495,128.3334801627294,-268.2788805786403,259.62761412779446,-494.3547408534704,-214.7701671114086,-4.244571518828936,168.55466208629227,-268.1059675923664,213.2672416436684,-285.08840159506383,-499.9973365782104,-7.322796990023594,-13.090137300881779,-150.0925702133543,-488.45957794923476,-59.83276774156203,-1.5731680065019333
5,-385.0700518105394,-499.2520327427618,492.79898198098675,499.9999999998804,109.95336930357838,-455.3748135640461,470.75578142538217,427.07664507041767,198.97995961325955,98.2933665802825,115.80806477261447,7.633448152141137,149.735026204191,-30.9430030493802,266.23283028425874,399.26294410258225,221.01147262841172,499.99829434601344,462.79742611625795,500.0,412.8601724945028,497.9542963256186,87.43100909412091,116.80465693570822,-66.91707230621088,-28.381558386770728,169.58742512796286,121.28011121716668,-11.16091460624603,-61.120937994449434,-30.3197671027326,-72.35081609472338,-74.24811147024818,-499.497998860078,172.94437466570386,0.9065561237824503,-224.33268512633373,-241.8816592879145,66.20594929386311,-38.27941696199049,-74.06817915588252,436.75459468652593,-232.73797265547233,-316.516477113858,-392.20276147280026,-104.1656774244574,-2.441919318711416,-1.1893811313618794,39.38177961080499,-24.04477896146959,334.77312393657877,-96.59883641727045,179.38968890568557,-159.68945564925374,-180.63240897476655,8.426618105390453,105.6839517560692,-109.70234594608314,0.7262136567865237,441.90065017980197,-446.6659092967645,-114.02249612190782,-377.3302927702758,-258.8599788475547,-234.11112365994606,435.3799888883002,-40.61606961254662,-104.64901056947944,179.97253136901278,-169.16284114289004,251.66661878902025,440.68728807952874,498.53152058599136,-222.32244478742973,370.77252488930213,-185.79511729673803,276.8788023642017,462.60230559109806,18.69629074965476,-15.307023451658006,112.92026211911951,215.01635969467316,91.62294275801437,-261.7735465796082,-75.39459366382992,-181.5081562992137,324.4867327624965,363.90045255453714,-156.64315369644376,-178.57118990589888,-68.09866741065738,-35.85517996147801,-111.30850329516377,-97.32326801127546,-42.63568880751042,-212.2996796649208,-98.03214282565787,318.78678476554205,-85.8603327733691,115.07008758225847,485.12840626484956,-275.87750459833984,343.5910370227428,88.28055724826278,74.76239490781498,-83.58534815949909,10.189314433554532,-456.8707882073712,-136.70762691486726,-199.3036493785753,290.4070854855739,-34.128416257147116,-32.46894434871829,470.03570869367366,-68.36697541159847,324.5039331118458,87.42586785879523,438.98049200351267,-183.32077836646164,203.09940905504547,332.656309264515,112.95478705021587,336.14392972138216,341.35299077994205,52.37110245050697,414.85071956669174,-184.6624344195048,57.70372123510446,159.8258092281612,126.10905747294129,381.09458823965934,404.92880552701206,179.37596008593727,-27.220874193456204,499.9999998404014,495.12207064383085,-108.95096314366886,61.83592074618495,-113.9355790042157,164.2042672262169,60.88011402371947,-1.9631499562211687,7.145371992916166,-40.980184366509,-0.003952403798311466,47.60471260801128,-1.7767543003658288,117.77748070437697,292.0867284714161,-109.60667980770216,-6.217712479679397,267.32309908367756,-103.38311530859485,-101.21572855757522,-43.23771590986552,69.23139415310877,409.24007105566267,32.64618957223065,402.55705620253116,325.7277030438956,135.6624752726327,36.58461377206033,41.636879524326915,121.42171438577977,-159.7048760164835,77.84261444774809,81.3709090909554,35.3812275656831,76.17465668357403,-8.10129490046501,-195.00625885516888,188.82269645739413,-106.07111094554514,32.52149889190365,-7.890558362090971,472.38609151918524,499.96399613091205,-7.2070067224667,-59.956173427728785,-213.72399916649573,-2.117187131522774,173.96721857713618,86.17003002655674,162.26287643770596,208.4067091741986,96.23249122819979,-170.68431666480555,16.6277967631796,-144.25843526701775,308.0779950938433,274.0632682560443,19.012558579774034,-369.9366250779996,-163.09928608035906,-78.56838879961249,302.2494628072134,-487.6578217376172,-328.0919177060871,58.59749580910454,51.717444988074696,257.91868656084546,-47.24129373130564,-120.6061627355749,-87.29336545659046,66.03270021414647,370.7707550282951,20.352870743958448,3.8232956294160556,209.5560329491856,-140.97183470771608,-157.5052721743139,-46.09171420279153,-107.08597109423972,-2.8890459084084052,337.59573537786093,335.1280997852092,-37.97459241130166,-17.234233693526274,-67.69557807685068,-9.42688897614,243.56363541986642,310.89019856368674,247.92435599045456,250.35556682827553,-18.822421135870506,499.99999990958185,-493.99254134483,-4.950264942468958,62.1505458567732,-86.29128641361831,5.922556494701641,373.4497545751807,296.2847717836977,-69.34499231823958,-64.41224954368647,-54.255554887963115,71.2882412173418,13.410503608497859,332.55048516732796,-35.53407906459308,5.001144765275465,261.81594627320806,147.75877272441605,8.547734237543127,-4.903377504988102,338.81096022109983,116.63978142902539,-69.71992214669723,60.84335799475952,-101.01872368662536,303.16838046291286,29.439366874091977,13.638098405837432,-305.1391924351622,91.48715589199915,-194.5110470569703,-379.6276578570507,74.05553827289822,-198.68196679666565,-493.99254140620155,-41.34806936278626,46.093023622711165,133.07471382935265,-271.86095943409,266.1598674982391,-494.42660400003984,-281.5495343087385,-3.481360998846227,174.61944527818426,-265.11136279631955,224.3581638042107,-283.10543796072074,-499.99786962297316,-7.244489846987313,-13.966699279268811,-144.91378582664797,-488.8353273798351,-65.95602301294893,-2.5248136614297785
6,-370.98449274500007,-499.7166483596292,494.2779597219471,499.99999999991974,130.54330983287468,-446.1506395839199,471.413933304149,429.1598193064033,205.1175621825181,101.13595090876254,118.47361528034986,4.749122381929691,154.4820510843946,-33.89177234908156,274.6044582320513,399.6062849832235,226.3356752668207,499.9991236463449,462.4567866916474,500.0,414.3071256736688,499.19246280719244,92.60566098154472,121.15127508222997,-75.00873793835248,-31.048517120493607,172.28631601936104,119.83666259778306,-12.55070750918535,-68.07647912876527,-27.723694460430924,-72.98991613567567,-74.72047033727362,-499.550986788495,179.40444041796127,5.889586292046376,-224.78943053322809,-240.74204056856846,66.65819420566413,-36.135577712279066,-76.71457695880527,438.46758480570475,-235.90576713774036,-318.03523926969183,-394.66878231619546,-108.94688300780037,-0.30974783446246307,-1.3089638333881255,40.47402963877925,-23.32600550270406,344.3503276208712,-100.17687674964424,180.11885878804284,-162.86120804702014,-184.0326746782506,8.428277327965736,108.83413835984574,-114.27353695873798,-0.006896501654313518,446.94888329278575,-448.5507927615974,-118.50457833083921,-382.3569238665229,-267.0490643243639,-235.47923259274728,440.6046125747401,-42.132803937050056,-107.66201754226371,186.1371522500672,-173.3468545045114,255.98676020675836,440.4519830746463,498.79920242637746,-227.60060551692717,376.043947394347,-187.9931845112575,283.2683786602199,466.0083816004241,19.726363619678374,-15.929265065212341,113.02550331033392,219.11631711273023,93.93710084976773,-265.42960394506173,-78.54485230379093,-185.7222679092742,324.66627809816316,369.1499583848276,-160.30459319888243,-180.6887926089363,-69.6841383237628,-36.60397620333189,-115.10784884319627,-99.23453632039786,-42.13466424167106,-224.4783311131987,-97.56727231339556,326.667609108356,-87.94673287799644,119.40858321172426,486.62636726249127,-277.5555778231087,353.07756406945214,91.69106615754272,74.40884733795177,-83.53203567452535,12.11367500897896,-459.6720074325845,-138.40526887048,-201.5656412373484,292.19412400011316,-33.17779738397497,-32.49871185819692,472.9394696598784,-68.92780409951085,330.60942522953655,91.65258679790439,440.33788063328785,-188.66106348818158,208.45391785571096,337.7855799183835,122.57409461175409,342.1424896095411,347.38648835906037,54.20905756473404,417.84937469704795,-186.77744041427215,57.92929766444144,161.69540918725855,130.39071713129678,388.2906093956823,407.7238296341466,182.11950620451958,-27.156958208415542,499.99999979909234,495.83250973409645,-110.29804673092781,64.82980959362601,-112.90786954726651,165.251043474736,60.88081092637729,-1.9150564870075106,5.152724008859373,-42.03748926194615,0.059997974178598014,47.99695146784956,-1.6394340908835705,119.89706846604793,311.39180268601467,-110.89859524343069,-4.210484882631102,270.5134405897091,-101.68031775280262,-105.64621738009004,-42.35839427952763,68.9447442532546,415.41560134862647,35.09313621644948,410.10895316318494,338.2335188694247,133.81771338941695,36.408183492014906,42.520105935030045,124.08430952901882,-160.6459750976712,79.3452350364893,82.48732924202838,35.253532792668864,76.58851014554958,-8.586410674004387,-197.01690828265194,194.43365566686185,-104.09322619718259,32.58449085865166,-8.984068440782933,482.10880213011046,499.9787567205822,-5.963390842760131,-64.05251261476513,-213.44941136775913,-5.611880266800579,176.33583489512753,88.08022595735899,164.23108368875253,211.92228983087347,98.81331868258134,-170.2663007151788,21.47370056534863,-144.2958394520972,312.915595787464,277.0784742887138,19.896120681599314,-377.70212132016377,-162.79207733735922,-79.01045293281094,306.85818126184154,-488.5813650181364,-348.74985980768525,56.52542562660689,54.89719289746526,260.06670062200743,-47.135925608369305,-119.7874317037221,-86.65907819125647,67.80879047861846,376.0490318238908,18.99133947533715,5.093612465288562,211.4926904149881,-146.7732646975584,-154.2533902452956,-46.56218219035672,-107.23483322645211,-2.1246924681891213,343.2796750360186,338.61588007259866,-38.08326073284057,-16.718392971540908,-66.86959006898671,-9.110895342289744,247.0709897254822,315.03798972005757,250.8269943695442,239.47491437720376,-18.49092012512026,499.99999994892283,-491.6677171283639,-4.913570717611798,63.75711347272414,-86.21087420069776,6.836373336334276,380.4758559734853,300.6721838367447,-69.45165834643932,-62.733100839157565,-53.255969782332755,73.01216902579493,14.122084909628118,338.0020550303356,-36.39873580058353,5.756996355633369,264.3191276536724,150.04329668192895,9.118529249594369,-4.475082515177321,343.69059516245335,118.58494273629852,-71.37399736942662,61.97374983185629,-102.10302830305075,307.0239684195197,17.075669889952646,14.657979108768334,-307.56259629155494,92.87801384807685,-200.92962906820438,-383.4689623539341,76.30060015628999,-201.62114891489696,-491.6677172078098,-40.73759816643124,43.78172637756795,137.7270510790081,-275.4780208627316,272.4456836079297,-494.50980906472665,-337.33456126621513,-2.733066996064815,180.30936041215742,-262.3626406323342,234.9145446595808,-281.52507484794086,-499.99827767268965,-7.194229689916905,-15.049367658897731,-139.53969407573624,-489.19377556789493,-71.879270994869,-3.426145723747676
7,-356.50128890088473,-499.88979413598963,495.4236520429003,499.99999999994566,149.60996271559128,-435.91777611945207,471.86818380037107,430.65455396309335,210.34067042412855,103.78849737284446,120.93283697344748,1.029802997617223,158.41262382919237,-36.79815451483766,282.5202432819946,398.98787333230723,231.3048768316372,499.99951035176616,461.62980080021146,500.0,414.3399159144593,499.6919410883969,97.42657025262854,124.86137778201612,-85.01143596347022,-34.630085079011515,174.70001408077314,117.43024456099089,-14.103489201714103,-75.26049156649556,-25.35029100516074,-73.80496158412068,-75.75745091816528,-499.59612844941705,184.93673464698895,9.426028318403322,-225.44488324411563,-239.83698625010754,66.4368393618165,-34.18050247787635,-79.2285925535229,440.0797200146566,-238.9408112294646,-319.59756952175064,-397.04837017829084,-113.43315502881723,1.065509935636166,-1.3489339164482521,41.5483789059665,-22.75466731660499,353.3144921951189,-103.56115819950341,180.4993522899471,-165.89438496140198,-187.27114302245667,8.506579867974098,111.90158535085922,-118.8240800699019,-0.8076906153248076,451.41494042352855,-450.2949780342986,-122.74832583852205,-386.980608497578,-274.7554573607753,-237.02561733196515,445.22818078123515,-43.59918477664315,-110.39148301353379,192.16414933331683,-177.35026475923019,260.1467392850903,439.35930000113353,499.01338925727447,-232.60688839742824,380.75753328056607,-190.12483256549382,288.9391025121256,468.995031946875,20.73841526626337,-16.65915937270403,112.6958890994867,223.11277123518124,96.16026704478136,-268.9397851051732,-81.59565157444516,-189.50179951722694,323.8839688106422,373.2670099874025,-164.5251847866489,-182.75312908851407,-71.1979278198467,-37.3341650186439,-118.76459952042323,-101.1500221456816,-41.78973125986952,-237.84297559328317,-97.23498829342633,333.68093941887884,-89.88316624415694,123.63139311984038,487.93914713852735,-280.0104421624332,361.31707738704216,95.01291347432044,74.20251858222662,-83.57881159029874,13.829555320396455,-462.23821436627713,-140.0828521637782,-203.74982568697578,293.81082549547705,-32.95516714173852,-32.57020331740867,475.48678795740386,-69.4272122315702,336.326398048172,95.72682112122757,441.60273432976203,-193.83779046816235,213.58970937274938,342.73750650926246,131.89771311129854,347.80508105568316,352.9389721743463,56.01373160589007,420.2813988769015,-188.8398030276178,57.76575642568158,163.4256198681916,134.2537290212182,394.89747489633646,409.9833912738434,184.7243106529209,-27.070916577931,499.9999997235267,496.4200672989426,-111.65220931359049,67.76520836566407,-111.99981939311058,165.95074178617645,60.631455053157154,-1.8718396982177463,3.614088932528965,-43.18290125670136,0.039146092351581036,48.73170874869027,-1.5060760463662763,121.78075704966069,329.01869296950304,-112.19049487397945,-2.4003949820422843,273.50559230791146,-100.23261704635341,-110.00658307152847,-41.60143898956631,68.20758726937821,420.8241093637723,36.83521225503143,417.0282862171931,349.80005264470043,131.97214237720067,36.44267924584351,43.15470612010464,126.60678676123877,-161.68708689525778,80.93168946891471,83.62561141969256,35.406180081002965,77.02149075162332,-8.957764847799748,-198.98658982264098,199.77576299096572,-102.40653550445339,32.75948564290443,-10.018227572154604,488.4994407075522,499.9875413045945,-4.506383304379093,-67.99644076238985,-213.4742397879323,-8.59498406677966,178.62240067376823,90.01469727920042,166.1360013384553,215.58463497010106,101.3081232140904,-169.99167944065334,27.22873621539252,-144.6910514602148,317.69794784500203,280.04334626919035,20.83659440333947,-384.80505926444044,-162.65644396768752,-79.35629569989369,311.2740570767274,-489.4061840603515,-366.5932552899766,54.87260461556973,58.07380320420034,261.9145096347062,-46.95052694656859,-119.18749388822371,-86.2414837413621,69.56317152336715,380.9752007017003,17.838057808792,6.400919575406997,213.6164061321922,-152.02451026897134,-150.7313597604349,-46.95014139272847,-107.46521759795927,-1.3404177696179862,348.67445567196654,341.71896015936386,-38.17444710438269,-16.252515603733425,-66.20941927478339,-8.722786103289991,250.3397543215289,318.86110499659463,253.53736864827636,228.79047996539654,-18.12503822961345,499.99999997063344,-488.69367517206325,-4.910991405342574,65.38803899939022,-86.2733001901116,7.811000247284276,387.07911293278914,304.7125389909016,-69.45203093267794,-61.35867948237838,-52.48269073703624,74.75822336483077,14.816901454028768,343.155891340934,-37.099466354414886,6.719122481107006,266.5669279001707,152.15616009898196,9.696217330155585,-3.972467821974232,348.2276050303397,120.32155825170597,-72.98793001722802,63.191591418461826,-103.31807085242117,310.76105788875856,4.200640122500842,15.720692674282086,-309.86471276401153,94.16683491301936,-207.10756320815486,-387.0512687483999,78.41446421658553,-204.49490280444866,-488.69367527261124,-40.27366139116148,41.550984849083484,142.29097165997317,-279.108244582473,278.4917635380275,-494.6082803343697,-381.23070607955725,-2.015796127328388,185.65531458905002,-259.9147584117595,244.94074423609953,-280.3610637958989,-499.99859333504844,-7.191400274178937,-16.331985371347102,-133.63782155806902,-489.54013661756414,-77.60637441236445,-4.373803304430054
8,-341.75053613891714,-499.95587294597135,496.31690915788215,499.9999999999628,167.25621179210236,-424.7307900504774,472.1698114329802,431.7085542680515,214.78679792591242,106.26431424191284,123.20850287460036,-3.1979610551457167,161.66563573818524,-39.64069194000094,290.0158950133584,397.7180619482323,235.92391232898422,499.9997015439972,460.4590188852895,500.0,413.4101571922633,499.8853858914086,101.90208526134107,128.11451321812615,-96.24387331308465,-38.73314219914634,176.89097818456264,114.51991619523014,-15.758136827632066,-82.50914546025777,-23.166686042233952,-74.72413301797337,-77.16120103922617,-499.63481027399786,189.82761014956657,11.85269781831545,-226.24266346109124,-239.10209521183683,65.7579729772172,-32.3764524823809,-81.59243040888133,441.60218525193426,-241.82344751632942,-321.16780064443884,-399.3411285929391,-117.49813495678832,1.9274011046294879,-1.3120035083006494,42.604592522124925,-22.282212250535583,361.72283120130373,-106.74233591600779,180.60320491176512,-168.7761417215984,-190.34660454617062,8.659614773307153,114.89193654905222,-123.29916156911024,-1.5881749790258224,455.37524882107505,-451.91036570455566,-126.73830682309986,-391.2388276831962,-282.0010958274113,-238.67131628364584,449.34077177761657,-44.97321542602499,-112.79053139689121,198.05331953712036,-181.17140282907684,264.14897121833246,437.43744047003696,499.18539555699675,-237.35169590843762,385.0106427149586,-192.18686705113726,294.03613450331414,471.627725425832,21.73509112289913,-17.452169487588105,112.06047269181587,227.0075294307491,98.30615136307998,-272.3030927187358,-84.5336722541081,-192.76258614065,322.2769671918841,376.6098667632493,-168.97772469321356,-184.75929993257395,-72.63611279219407,-38.03311194707391,-122.27213678417878,-103.05390971747572,-41.551508129290525,-251.95735670862786,-97.02151807315245,339.989590367285,-91.67863305285388,127.73905761402004,489.092563803034,-282.95167887179264,368.5745014423754,98.24874827619949,74.14590762748311,-83.71846143733593,15.447338296285203,-464.59028635241316,-141.70055616193693,-205.85342820532279,295.3121002051997,-33.37780565378313,-32.65324390975148,477.72930117518564,-69.84189942074839,341.68834356087484,99.65999659829022,442.7876203489647,-198.824779720445,218.51117226299033,347.51313635351414,140.93906552534077,353.14593021733157,358.0651455846885,57.736134786738276,422.2869000970731,-190.84331023290787,57.331504151713695,165.047594075227,137.67414090236042,400.9837228408593,411.8438619250564,187.21309855614209,-26.95851491239708,499.99999959120515,496.90855100171336,-112.95806191840143,70.6495478744544,-111.19979693374226,166.38243888008867,60.19619832616196,-1.8158716883009918,2.5151467534839744,-44.360135610567006,-0.02605814352506064,49.80775640719506,-1.360374694710591,123.48269647911306,345.060180973647,-113.47091994110056,-0.7612338569588304,276.3392973689894,-99.02155008943852,-114.25806927002266,-40.930907294079844,67.16971716559834,425.6193411741581,38.058301225964705,423.36403041887405,360.48456301761587,130.1631211488365,36.67345148246947,43.59497942529897,128.87391604475067,-162.8075748469958,82.58786754494979,84.73665339974325,35.82685759860193,77.42236212882001,-9.242752558505035,-200.91273519157784,204.8086136425021,-100.99501635437751,33.03335334072557,-11.02308396201626,492.66360533248235,499.9927335825236,-2.8747617444317,-71.78527906620916,-213.77342071100526,-10.933828334461936,180.76334863994282,91.95680263875106,167.97726169049233,219.34461100603625,103.67155288233477,-169.84998651003545,33.80530211915262,-145.39777113219392,322.3895641991736,282.935704836223,21.81513431235526,-391.2970011400496,-162.68355517744791,-79.64249249835437,315.49327450891104,-490.1455569173405,-381.9814325213826,53.773822416307375,61.21396706794522,263.4714943193086,-46.709815589671095,-118.79330420614771,-86.02969044286797,71.27781995002684,385.5674608521224,16.98882443692552,7.713851786974313,216.02355516279042,-156.6120621247346,-146.90634328625848,-47.261183640640716,-107.7750839735737,-0.5546145467093069,353.79797273956626,344.4589739695712,-38.26890764808613,-15.84193732146916,-65.71872374990855,-8.301107271978147,253.39806670792942,322.37511534047525,256.0781994122046,218.3239554015543,-17.763340873120704,499.9999999826991,-484.9716200242564,-4.948326866041274,67.01831694261062,-86.47083568652172,8.79699460886252,393.2778945368425,308.424941253617,-69.40728005658609,-60.285177621409204,-51.94297501848903,76.49812415229329,15.470939888001771,348.0326697900602,-37.67242879370403,8.261257224281511,268.61336466390225,154.12846346010645,10.302655529819358,-3.4036119621605683,352.57442632126464,121.92412681540192,-74.57979054199627,64.71090496246667,-104.5273748025283,314.6800162506227,-9.159845807436902,16.783920173893268,-312.0490774182721,95.35070016696649,-213.0207628502568,-390.39130233025384,80.43524981056724,-207.28209727326688,-484.9716201488149,-40.16139223585276,39.364283315653246,146.7684279139079,-282.71123876914794,284.30734308045805,-494.7243589018416,-414.25412124063575,-1.3412843760814628,190.71705823281405,-257.80637053030654,254.44951422686168,-279.61074372028264,-499.9988399871959,-7.230902276896337,-17.74708015176187,-126.44005351488572,-489.87801108389044,-83.13657015419085,-5.435631169613544
9,-326.8583113383353,-499.9817759727575,497.01840166260155,499.9999999999743,183.62756510766394,-412.66799086763905,472.3636789060895,432.43979196235716,218.6254528361388,108.57207705876725,125.31942173352539,-7.681248764171591,164.42000073109992,-42.405898597851184,297.1272084263788,396.0300699658093,240.19837862625917,499.9998023969802,459.05964779308124,500.0,411.8777039294209,499.95810244803573,106.03440422475302,131.0689912160916,-108.14603172609058,-43.07143616398343,178.91307933902883,111.39836453713419,-17.453805337870456,-89.7094519900692,-21.142797758068884,-75.6935102825165,-78.77334855018765,-499.6681392182779,194.2922640847276,13.529930504965794,-227.14529325862404,-238.4771687016411,64.80836639735121,-30.687725237070346,-83.80054168143745,443.04553702081665,-244.54564518376606,-322.71063001398016,-401.5417835782266,-121.09300262058854,2.477498794768131,-1.2276506095553135,43.64252334743978,-21.864045506204743,369.63110225485985,-109.72138189393311,180.5235160887275,-171.5002815462825,-193.25930753509718,8.860550694546802,117.80880924364587,-127.64943081395005,-2.2984435229578994,458.8964758583904,-453.40719370611964,-130.47130313367194,-395.1650914584963,-288.8045275500281,-240.3545569025642,453.0207748406555,-46.23552909832005,-114.85740710871151,203.80452747070956,-184.80988253864032,268.0032136178842,434.7174482883645,499.32411405914445,-241.8450596566285,388.88798849636214,-194.17653819139147,298.6722420851355,473.96114223508584,22.724779798029868,-18.27652926340333,111.22113796099542,230.80230317566821,100.38707217828261,-275.51785885052436,-87.34782486473455,-195.48962901541861,319.97510014983146,379.42686496589977,-173.46516852321167,-186.70273454703852,-74.0052001879447,-38.70541175834993,-125.62394949629862,-104.93538163641252,-41.38327875946846,-266.40024529950017,-96.91620371902304,345.72078128778725,-93.34158388583454,131.72729477294487,490.10941236861737,-286.13887071601647,375.0586222252468,101.39375786027013,74.23536468221062,-83.94583629317641,17.03917144174151,-466.74919011390034,-143.23823550305988,-207.87554985106456,296.7363602084278,-34.36162125255154,-32.73133714381444,479.70813560480633,-70.16610184642317,346.73407411457566,103.46217608358367,443.90405604811167,-203.60745144904735,223.23535469977693,352.1348795323631,149.70720655051554,358.188044571218,362.8149000108751,59.33431296721956,423.9598339284767,-192.7831774700269,56.71763553442186,166.58600176220864,140.6296736799754,406.61024481014533,413.3967627309521,189.60557125541825,-26.818130532704988,499.9999993603895,497.3170678081403,-114.18466421792482,73.48733952045603,-110.49391742174525,166.60308555776393,59.62355749316573,-1.743912545319344,1.7992843875853564,-45.532412959769204,-0.10645257234590816,51.183460382457135,-1.1993251249538712,125.037201664189,359.6165938060993,-114.72285769680066,0.7316721434106429,279.0536328722021,-98.02270294743963,-118.37130005780588,-40.3146521869251,65.94543569600452,429.9193232625617,38.93301934250969,429.1595428995802,370.33954215896534,128.3871745793628,37.05686445743686,43.88439498707502,130.7860085077874,-163.98842405493914,84.28207355186183,85.77209326895792,36.46968017889872,77.74205135224744,-9.480734647219034,-202.7918598360208,209.49310819739514,-99.83597829380277,33.37050314470887,-12.027869066104772,495.3564496698886,499.99578371672715,-1.1251089285607718,-75.41695550103599,-214.31534353050364,-12.591649807028638,182.70177981779284,93.87711259845751,169.74913059066864,223.1355647260146,105.85090058326722,-169.82628066148388,41.05612691287435,-146.36731227392133,326.94938187470257,285.7342204555072,22.798088465864502,-397.228282884433,-162.86153459847654,-79.91460842651821,319.5137895969325,-490.8105866576092,-395.2468647160378,53.27026815335029,64.27919478567631,264.75609338104294,-46.45252416970892,-118.58883617292317,-86.01155103449966,72.92757827810611,389.8463752501561,16.49680155654828,8.991228655506527,218.7524235580178,-160.4171738863681,-142.70519582938545,-47.5147988299261,-108.1647950014945,0.20218953178319315,358.66647178674276,346.8648118162814,-38.39607758831606,-15.500531816047754,-65.40176505590384,-7.894170572868743,256.2797831228894,325.6029089176289,258.47747791075204,208.096079215404,-17.454629502768103,499.9999999894995,-480.4093760139973,-5.023413931418084,68.61269332919896,-86.79600694204422,9.739092936802123,399.0889115539414,311.83422323480676,-69.37971349170216,-59.50478752659786,-51.64198160052059,78.19633874515216,16.053780072479515,352.64290137364486,-38.171537304446765,10.392881858734567,270.4171341326751,155.96961327335293,10.94451256095928,-2.7908719047940704,356.75059952465784,123.42901048594139,-76.19067796514668,66.45599725044849,-105.6756019417853,318.766982227094,-23.090508601449546,17.80164694905037,-314.1219098498276,96.42064268965156,-218.65210308541117,-393.5005682594332,82.40052923836294,-209.9640976923631,-480.40937616519295,-40.604377798607004,37.184236531531916,151.16042705680798,-286.2460022394267,289.9021282703309,-494.8589210432059,-438.34274553619326,-0.7285476797668596,195.54769807166386,-256.0642674268786,263.45594873314735,-279.258953157165,-499.9990345669824,-7.302852376131583,-19.24831414596858,-117.50432230632228,-490.20982320520574,-88.47055763844506,-6.670845546849483
10,-311.9432581993389,-499.9922275578129,497.57311236112224,499.9999999999821,198.85287181927626,-399.8277533453582,472.48103683863604,432.9244617565737,222.00535600993328,110.7020185154655,127.2705355769822,-12.270020087584822,166.83089528795423,-45.09962256079186,303.8808460713099,394.0709428768469,244.12636293340515,499.99985894927477,457.50849040160125,500.0,409.97759808261657,499.9848549033376,109.80896003815097,133.82748103738697,-120.33093952697217,-47.477600165134746,180.79263236145798,108.21804304792866,-19.149482977590424,-96.78914991771184,-19.261239267450396,-76.67877633697685,-80.49384610085815,-499.6970052905284,198.4594488495501,14.732447997526638,-228.18900685719302,-237.9196946513376,63.71012238481303,-29.09017549881242,-85.86258632873675,444.41698408578344,-247.11078182370426,-324.20270296037205,-403.6537994411551,-124.2505913433565,2.847397625684959,-1.1526313775459835,44.662100943609815,-21.47074275805378,377.0747201486296,-112.51093236684166,180.34335742807116,-174.07312374478545,-196.0137528113586,9.058481656788354,120.654810965656,-131.84534041255398,-2.928352554656954,462.03373634364755,-454.79505910508664,-133.9596559686125,-398.79041121539933,-295.1885246062885,-242.0366930355635,456.3307803734859,-47.39331416391171,-116.64117551672577,209.41784047523484,-188.26830017656675,271.7216458821064,431.22593270851434,499.4364811008802,-246.09788452446523,392.4507756065867,-196.0929076634361,302.9186120643238,476.0387766632396,23.716682331386245,-19.118615603869046,110.23858919532175,234.498780062323,102.41207976905763,-278.58746038501704,-90.03743665119757,-197.74761912955015,317.08337456690134,381.8681756492327,-177.88994452818346,-188.58038462832258,-75.31695552366742,-39.36624902090545,-128.8235404111355,-106.79500235712254,-41.27137078084833,-280.8244376735442,-96.9156176665329,350.9652190800888,-94.87996087218202,135.5882528557699,491.00898783266535,-289.41241254313326,380.9071151937206,104.43658281674176,74.46291484271616,-84.26239170983739,18.628678872426608,-468.73425273366587,-144.6921744990187,-209.81777228872204,298.1087547612079,-35.82818557559341,-32.80531097979417,481.456779751486,-70.41312914490813,351.4981541485348,107.13990441067257,444.9588905399962,-208.1776032180225,227.7818533212222,356.61471755155793,158.19906945931353,362.9564569939993,367.22334567458194,60.76446338171828,425.35227197594827,-194.65655360088272,55.96863464130672,168.05726184633136,143.0898777900153,411.8249281905179,414.6927982996215,191.9150060507299,-26.65195250386362,499.9999989550219,497.66068478677147,-115.32862049707875,76.2788274679433,-109.87491413721055,166.62129095027365,58.930149027516414,-1.663901112367506,1.3827302973810744,-46.68332386461752,-0.18552473830007268,52.78373656290328,-1.0302974772467186,126.42362684847822,372.79174681026063,-115.93939438739223,2.0904611227133962,281.6643510519538,-97.21253350845994,-122.32981323942067,-39.732570257609275,64.59903204405782,433.8064443147059,39.57915927716002,434.45437027919957,379.41533067471596,126.60616598779895,37.52745054257072,44.04145918148221,132.27459815507493,-165.22412122269793,85.96190309692521,86.68587886322737,37.26355899218833,77.93762248587802,-9.722123365305825,-204.62821180852885,213.79913701819277,-98.90395777566197,33.71725970015166,-13.062472906435403,497.0845257534227,499.9975653451441,0.6775547335585382,-78.89995596318798,-215.06731291311362,-13.635642649211537,184.3973754653616,95.72756165061169,171.43783780744795,226.89404541511698,107.79123686797219,-169.90661422023194,48.79160336391769,-147.5563645853324,331.3404454013128,288.4194901146753,23.73390223517194,-402.64701772682815,-163.17888089998738,-80.21791976192358,323.3353515315257,-491.4105647174042,-406.6881025060379,53.29796076590609,67.22504528885409,265.79609542758885,-46.23262743741421,-118.56028697462003,-86.1764971398033,74.47576980327217,393.83371873805817,16.354401242855992,10.184442853339876,221.76790713817994,-163.52361571197974,-138.08140686578278,-47.7529408542953,-108.64013248136676,0.8891132129240559,363.2934587739949,348.97142892011635,-38.59042983402286,-15.252016546950923,-65.26404917085104,-7.55602866941629,259.01990421066654,328.5698835649482,260.76354833437284,198.12337294979972,-17.25010269523209,499.99999999340844,-474.9268056043948,-5.130932848291908,70.13178906745829,-87.246710319622,10.582961820771438,404.52922014572044,314.9610214782812,-69.42401958092817,-59.00976366914666,-51.583197795838515,79.80300450248951,16.528529675533154,356.9757903159549,-38.65997404101123,12.552852036810743,271.8290439046876,157.6396376446498,11.5999192530795,-2.1803198541702487,360.56413327091104,124.78560585475904,-77.88911488016811,68.04919518462795,-106.97759555099806,322.62262950482113,-37.81043135469507,18.724200237814212,-316.0893595583455,97.3438753263284,-223.998280857285,-396.3965631410661,84.29531464483152,-212.53101596649742,-474.92680578441133,-41.75449913794387,34.98594735833119,155.46671965512473,-289.68449486378233,295.2853536945895,-495.0105110721696,-455.58437751590077,-0.1972850970751385,200.1344078243594,-254.6957859568021,271.9742993532432,-279.27981814918843,-499.99918947229935,-7.4270860306732205,-20.882966775996785,-107.45553373865528,-490.53671641478235,-93.61437170363283,-8.150037963838512
11,-297.1140238323111,-499.9965742977813,498.0144650550038,499.9999999999873,213.02688141488483,-386.3239549457258,472.54069815823533,433.20547195072885,225.02912737755005,112.63596676937516,129.05493118124113,-16.88417994014086,169.00774267486392,-47.7378503253714,310.2956357949274,391.92615390216554,247.69621144642568,499.9998923547379,455.8532657573921,500.0,407.8558893659989,499.99455448490926,113.19860521230825,136.4489672354171,-132.54511788649776,-51.865413409277565,182.53825308854638,105.06015971705357,-20.823714432588282,-103.70305558843694,-17.518235560141566,-77.6604250292413,-82.26475653663302,-499.72212881108084,202.40446126051592,15.640390707921368,-229.40580810363957,-237.40374786211885,62.53379291413499,-27.572439051272156,-87.79841910008997,445.720291970779,-249.5303161488619,-325.6328446035936,-405.69113724631677,-127.04791949279534,3.1115924362897203,-1.1122332974587432,45.66330298897749,-21.086871098784076,384.0744032231267,-115.13080564625292,180.12127971670705,-176.50909721483765,-198.61820528864544,9.230775867512188,123.43220775259242,-135.8753309441463,-3.48853769206286,464.8323999409474,-456.08315237299126,-137.2249872485124,-402.1433615389945,-301.1809324605662,-243.69632846392625,459.31951672620846,-48.467160708683195,-118.21850956003307,214.89356380986726,-191.55198513306507,275.3151735397841,426.98867646944757,499.52789565775345,-250.12220021658777,395.7398545258751,-197.936965079753,306.81617862992283,477.8951114810567,24.717266878703835,-19.973014654703107,109.14160927091136,238.09864986500105,104.38683091263974,-281.51733302715036,-92.60972024122862,-199.64446941141418,313.69205073127273,384.02108424297234,-182.20446407582892,-190.3909809088525,-76.5813795945795,-40.02996123681387,-131.88106978414544,-108.6355815526639,-41.217539495793886,-294.9593198959122,-97.0093528578415,355.7880744723825,-96.30122923265205,139.3220478192239,491.8073011748036,-292.67888659650725,386.2098981266645,107.37726526701636,74.81843853922913,-84.66025474849083,20.20919333438767,-470.56160434909793,-146.06646656088157,-211.6835271005427,299.44491137206336,-37.704626546881016,-32.880366818884106,483.0039531524074,-70.59749509447622,356.00731553761705,110.69914032168496,445.95543442478584,-212.52980958104826,232.1661771412505,360.954925563067,166.40368091701234,367.473507580285,371.30992784199464,62.00452663467976,426.4911334616187,-196.46227975043058,55.1017501582064,169.47108799537986,145.01507287342352,416.6637565324595,415.7573497048976,194.14889735436205,-26.46353093993856,499.9999982375877,497.9512129325836,-116.4005226282713,79.02222340074869,-109.3340540274597,166.43706101038433,58.123363348708025,-1.5873520783181947,1.1992980691196315,-47.803583563716145,-0.2538655118982628,54.543067337923894,-0.8637108949250524,127.62454355827579,384.69099482935786,-117.12331396915395,3.325583216699021,284.1757438414994,-96.56198604943808,-126.12727057977912,-39.175053404684654,63.16485534344903,437.33785145792547,40.06948295733147,439.28652657120864,387.76267105718983,124.79399419002006,38.0411195853946,44.07284555946104,133.31279951717244,-166.50935015593913,87.59401183929214,87.44979615647075,38.15936689671832,77.98703970999588,-9.996503591121357,-206.42674062385254,217.72750392604033,-98.16362522173557,34.04253168144443,-14.145997507675927,498.18461497303184,499.9986005291835,2.4993478928271626,-82.2453011245579,-215.99299995635374,-14.202379507099234,185.83140321798064,97.47973442818319,173.0326486631231,230.59104926837742,109.4732283443442,-170.07504483295784,56.801014422751514,-148.91854199272956,335.54451542523555,290.98118809452217,24.5985547610191,-407.59781356250033,-163.61589396682348,-80.56196546971279,326.96346055916507,-491.95306038135374,-416.5677679886965,53.72312638892876,70.03131804502412,266.6276175072822,-46.07181895622832,-118.68634943899815,-86.49875283629191,75.9057048210266,397.5564739165969,16.50017427506592,11.277916932889926,224.9772363180729,-166.15089207284115,-133.0628817656121,-48.00268194482837,-109.19427277051746,1.4952746566137687,367.69211603363624,350.82479235513057,-38.85514721067765,-15.099168660840439,-65.29069067315392,-7.302538279762046,261.65643912003014,331.3099295670624,262.9685490781418,188.41584451037536,-17.15627098944056,499.99999999570986,-468.4609660482572,-5.260713095374222,71.56542241340253,-87.81126587714147,11.314004861118459,409.6224128718303,317.83490558918606,-69.55269296057264,-58.778626197061705,-51.749781619172765,81.29422457934865,16.88988903283531,361.0373428442222,-39.16224981696404,14.389050073281409,272.825503882665,159.11854048123587,12.239287216204207,-1.5969101489349204,363.9224393071667,125.95389641876531,-79.69265282366555,69.33386848439959,-108.63717808677414,326.06130907071577,-53.372049597550564,19.530660302705297,-317.94982006849307,98.10347172133856,-229.0665501522492,-399.104998391919,86.07929249173728,-214.98066663452852,-468.4609662586884,-43.634576569815145,32.77849018037765,159.68689792201238,-293.0147237332448,300.4656433927861,-495.1744471875393,-467.80802968211515,0.2620585686685624,204.44046432535268,-253.66925049864113,280.0269526203691,-279.63243337215044,-499.9993138673268,-7.633008827697054,-22.683100961492258,-97.07967619887518,-490.8576298124761,-98.57425246340972,-9.918839757558775
12,-282.4675336820248,-499.9984392314634,498.3675387414977,499.9999999999909,226.2185709329808,-372.28094024161317,472.55302309598454,433.3056197948246,227.7593095867568,114.36799825505577,130.66201016904427,-21.469540532144663,171.0206173149345,-50.324079633581015,316.38559812345784,389.6444923382475,250.89135719315487,499.99991289810725,454.1231344982816,500.0,405.6020847465708,499.99804159914515,116.1759647379991,138.96325535949993,-144.61978026570316,-56.1902517346152,184.16404603206644,101.96761349533872,-22.464909035775126,-110.41949351700464,-15.917524476681832,-78.62505158431559,-84.05090274675335,-499.7440964408885,206.17130823602665,16.363704817328273,-230.75930471763277,-236.9139001109499,61.31792325785498,-26.130964005636862,-89.62898748508537,446.95862830691397,-251.81661461843046,-326.9985883897834,-407.6612208220136,-129.5640096427985,3.3106950230833507,-1.0926739824569371,46.64615400494071,-20.70589766711465,390.6458901441592,-117.60159873898093,179.89351462737503,-178.82188060157944,-201.08080932458097,9.390339675693248,126.14314986843858,-139.7385732305317,-3.9930567015719176,467.3308069307902,-457.2801085682022,-140.29027387308517,-405.24909955518996,-306.8094373610419,-245.32137829047545,462.0255175201329,-49.477528180941164,-119.66345714631468,220.232243087315,-194.66802993239918,278.79205358497705,422.03357928494614,499.6025727600016,-253.93077317557578,398.7832451397193,-199.71112354347494,310.39013121364434,479.5581407537642,25.729639915531674,-20.831755146522188,107.9411150993019,241.60361381348383,106.31436099415886,-284.3086643119555,-95.06989152536592,-201.2841509389072,309.88197806374467,385.9363714605069,-186.3848000119787,-192.1346957518337,-77.80426501776589,-40.703755274467035,-134.80414279650435,-110.4529415377592,-41.22605766469593,-308.60050717209083,-97.17413915461958,360.2362702368143,-97.6124066286134,142.9406386957108,492.5176355673922,-295.88718333403665,391.02871101497607,110.23104551242811,75.29113145701416,-85.11529185377067,21.76688817418064,-472.2440759329728,-147.36592310463598,-213.47728733461113,300.7551836181368,-39.91464924852728,-32.95705440963381,484.3752984806584,-70.72566232400808,360.2815403873373,114.14625121261236,446.8973485985036,-216.6640200030311,236.39986406509317,365.15450859052476,174.31089930843228,371.7576957673406,375.08423361916766,63.069397912710436,427.3928310939906,-198.200370990849,54.13436521521134,170.83293392966348,146.36465419353505,421.15563846461816,416.60367979619406,196.31114709525968,-26.255119990327294,499.99999696137843,498.19796595904813,-117.40825911410026,81.71655137460816,-108.8513885283714,166.07223972207066,57.220301259759424,-1.5234893090245945,1.2193140404924632,-48.883018305098425,-0.3031402452725443,56.43336728884946,-0.7075475491808544,128.65931746141598,395.41949409317925,-118.27389690630918,4.458522799486272,286.5926552099809,-96.02990230334976,-129.7639988963621,-38.63837044634363,61.67018517086657,440.5548519253711,40.444838012335886,443.6941510376937,395.4336603994341,122.96299838001441,38.591845451270906,43.98919613253797,133.90816784467455,-167.82254285111975,89.18294452512885,88.06024598692296,39.14552818699518,77.89276927898686,-10.301381148298894,-208.17777575358878,221.31337184842803,-97.56797977311598,34.35388744929878,-15.281233586130918,498.8791035562533,499.9991990203789,4.345059669092991,-85.45579113187657,-217.05072673120475,-14.441703791553094,187.0035687934721,99.14587263220533,174.5331234527958,234.22795222258296,110.92101555342468,-170.30623657765426,64.89076695465062,-150.4012118128942,339.564886815558,293.4208161961435,25.40825714677883,-412.12178378688145,-164.1402470440303,-80.92437288501107,330.40854558238453,-492.44413065726246,-425.11345406372465,54.39816990950327,72.71479046232072,267.2882612363915,-45.95135464308232,-118.93336358929831,-86.93554303524299,77.235789755156,401.04479279809516,16.846197745587347,12.294180270069695,228.26737286720095,-168.4210838350621,-127.69555280130776,-48.25564032958433,-109.80248670800063,2.042560125489705,371.8762196100341,352.4737176725231,-39.16440545185811,-15.01832383226019,-65.44520782944029,-7.110105718897668,264.22583792701636,333.862375224926,265.125747364199,178.98075008261188,-17.142299157119872,499.99999999710127,-460.97053792511196,-5.389944962226254,72.93347536740058,-88.46076054824614,11.95807534741175,414.398181902349,320.49749795347185,-69.73912382294617,-58.77129760985721,-52.10300740715599,82.69135659768114,17.168956213184355,364.8614461208023,-39.66396172250483,15.911166700963847,273.5059829669416,160.43014540295442,12.848235295869102,-1.0234862929157815,366.8696442639879,126.94783890469851,-81.56645376803408,70.3693953923406,-110.60721734395446,329.11793684614,-69.49966941696432,20.24165227198273,-319.69608673315986,98.71768810368596,-233.86882500155312,-401.64675279337445,87.74450836407563,-217.31517380163078,-460.9705381668397,-46.17543875844913,30.588674059619294,163.82094019981025,-296.2330474727386,305.4508130754893,-495.344565621111,-476.45243619807763,0.6827604052330164,208.47326451845078,-252.92192382782426,287.64998420946006,-280.2634136111783,-499.99941459008045,-7.90500561232539,-24.58066355007937,-86.62880679265773,-491.1695870576722,-103.34925935791385,-11.952661756745139
13,-268.0880314216042,-499.99926499580556,498.6513664012339,499.9999999999934,238.4815713931069,-357.82841739705015,472.52309240153625,433.2367774854064,230.22995155916718,115.89954506986793,132.08108180916366,-25.986289433407407,172.91060660342086,-52.853021627998004,322.16205454178987,387.2535207424956,253.69546926748922,499.99992585781024,452.33551386867765,500.0,403.2692617865448,499.9992917912841,118.72115176206316,141.38177785673898,-156.44026588784885,-60.42775346735754,185.68833305080253,98.96122622148117,-24.067170906645288,-116.91472719868167,-14.464599708637389,-79.56178259027382,-85.82950444507186,-499.7633888569741,209.7854629039547,16.96404224266881,-232.20126030475728,-236.44063864774938,60.081540353522236,-24.7657901799596,-91.37182344242594,448.13566329506347,-253.98043038980234,-328.30281916335366,-409.5610343694498,-131.86153875604407,3.46781251064263,-1.0816384007611397,47.61071165402868,-20.326260972143672,396.80418629762585,-119.94092634525309,179.679648009143,-181.02226818849937,-203.40832087804787,9.549184468563436,128.78961927083918,-143.43999431944704,-4.454371353292554,469.56226494529307,-458.39389610943897,-143.17566176646187,-408.12965361518644,-312.09887465275034,-246.90522842271483,464.4802279444022,-50.44106877062394,-121.03269266089801,225.4346712863343,-197.62466798840404,282.1581796875627,416.3868201551971,499.66382086958936,-257.53657024197673,401.6015099669115,-201.4186564069572,313.6582859876322,481.05107633122384,26.754648805594556,-21.687061771495202,106.63918407602436,245.01539416057298,108.19598543641911,-286.9605010846461,-97.42010334658687,-202.7457814533004,305.7221615844902,387.6441953987772,-190.419895832266,-193.81268684303623,-78.98806737558519,-41.388715456432635,-137.59717238850655,-112.24159374539963,-41.30094222330634,-321.60542964709106,-97.38952886219798,364.3429241236786,-98.82009292859902,146.45609656586902,493.151126822557,-299.01091382613373,395.40707553622053,113.0119238760401,75.87002726952929,-85.6044100468885,23.288577002600142,-473.7925395902001,-148.59511857145316,-215.20394486034738,302.04750368802473,-42.386561042295924,-33.03510924235819,485.5940136713737,-70.80315091635359,364.3363076684639,117.48526291240944,447.78873114537436,-220.58799867300618,240.49190270139718,369.21082381448014,181.91835989392914,375.8244257926925,378.5516262285947,63.98040770379425,428.0692911164835,-199.87159494725344,53.082832544961846,172.14568622192428,147.10644092532473,425.32593964044116,417.2397393287857,198.40374810351594,-26.028450412182192,499.9999946883112,498.4083682109067,-118.35615587533528,84.36132745587646,-108.4068436424883,165.55093284761983,56.23533407969363,-1.4774002021845598,1.4231442450775038,-49.91805343282422,-0.32911310373303715,58.43953929342986,-0.565929678884447,129.5491858317473,405.08034869658627,-119.38719916504515,5.510855366380141,288.9163386678805,-95.57543418268622,-133.24546553656214,-38.12250374939185,60.1362862019206,443.48916042170094,40.725292004806924,447.71465520839297,402.480904159911,121.13459100874019,39.18061403180229,43.80071349389796,134.08559786171438,-169.13987664308027,90.73942402620835,88.52340702795337,40.216290525206645,77.66587419371038,-10.629060219154661,-209.86440853665138,224.59551352795035,-97.073467595039,34.664713760489825,-16.464360336144487,499.3137826992232,499.9995434172229,6.221357412210272,-88.53089242599879,-218.20431878485232,-14.480175066941769,187.92410501883546,100.74384793695134,175.94252084587634,237.80731071912152,112.16378973638413,-170.57228857638793,72.91002404485225,-151.96058440498422,343.4128950441891,295.743318650162,26.179953198964977,-416.25847568660487,-164.72176107054483,-81.28791653003341,333.68133786399636,-492.88901330422414,-432.52087945873086,55.199610208486256,75.2967550643101,267.8079451932647,-45.854700125251675,-119.27166646444734,-87.4502461164214,78.48729191399049,404.3237773229447,17.306768109966093,13.254266463771549,231.5385316385826,-170.37588518225118,-122.00535605922828,-48.49800872586977,-110.44285804155633,2.5493395581283256,375.857448669702,353.95450162318974,-39.498979918047056,-14.988789369626232,-65.69645014300625,-6.959513451916116,266.7443937343175,336.2569859381725,267.25052920614917,169.82578515317334,-17.18588674999658,499.99999999796563,-452.4391056751401,-5.497852374302841,74.25246802220782,-89.16846516057585,12.537799891168389,418.8817766422265,322.98220809907775,-69.96135526500213,-58.952280253630036,-52.6089252139563,84.01872814402728,17.39276054546159,368.4757139693794,-40.15461594140176,17.163413586071798,273.93347124820025,161.59804225988373,13.419997850331868,-0.4419360324701796,369.44416961405506,127.78793171036862,-83.48451758926318,71.20705440489017,-112.79042008745115,331.8295846512461,-85.83555693959175,20.880633869433673,-321.3271230449574,99.20751453569903,-238.41881690443827,-404.0347231828688,89.30085735393963,-219.53879014460352,-452.4391059482616,-49.33542605081768,28.42917678818588,167.8689027474537,-299.3380865791767,310.247653766026,-495.51624471251216,-482.5813486618152,1.0879937053385125,212.2566836060891,-252.40216590949,294.87962648636324,-281.1235721728474,-499.9994967892345,-8.201082767943795,-26.492524955917297,-76.17178449801887,-491.4699778154466,-107.93612665648398,-14.200778140087097
14,-254.04677274973443,-499.9996423589851,498.8805510984824,499.9999999999951,249.86402521259643,-343.0966407653359,472.45305875050224,433.0057930721899,232.45791891093162,117.22899966338763,133.30205824162698,-30.410353392391215,174.69989390600477,-55.32216303141344,327.6356603015997,384.76907025773266,256.0951709665372,499.99993408121827,450.50093595342724,500.0,400.8893471990994,499.99974119180473,120.82520420393467,143.70684331627982,-167.9287527431773,-64.56436261282724,187.12428300981662,96.05072418915847,-25.628849010390123,-123.17272846251113,-13.163688679195799,-80.46271955290761,-87.5857065765207,-499.7804021613904,213.2626009648125,17.47427419625006,-233.6980580270148,-235.97803095856796,58.8330782486891,-23.478845252240827,-93.04072500735954,449.2548929532965,-256.03136059567026,-329.55105637821043,-411.3862428165885,-133.98496159098525,3.5968112261507343,-1.0769637538291281,48.557059162781236,-19.949104184042348,402.5658591265436,-122.16268476391106,179.48810255114537,-183.11951031415686,-205.60732359176873,9.710227014811835,131.37337369276597,-146.9875285997651,-4.881980814804836,471.55636324425166,-459.43180681106105,-145.89758788136905,-410.8048051947607,-317.07210052032667,-248.44479343653177,466.7101834460442,-51.370017155602,-122.36405462551716,230.5018815099022,-200.4307677582948,285.4177853680199,410.07103145058113,499.71425213619386,-260.95231641660985,404.21104861220584,-203.0632149255414,316.6353382500536,482.39352971444976,27.791564647544487,-22.533587796823895,105.23434261366276,248.33573694601262,110.03197724712975,-289.4726298074741,-99.66314465548977,-204.08311552826294,301.2700615011089,389.1639825465034,-194.3051126018508,-195.42670407657985,-80.13281809412084,-42.08229988535931,-140.26483675548212,-113.9979262188006,-41.44580002844848,-333.8847138269728,-97.64247304451419,368.1330517312768,-99.93049793657597,149.87568568725268,493.7172287350188,-302.037494694236,399.37801630327033,115.72751572983876,76.54424369647562,-86.11138520851345,24.76319050470634,-475.2169682165899,-149.75853793027352,-216.8683798664786,303.32786088132144,-45.06070124792282,-33.115042780718966,486.68094182998755,-70.83667467046213,368.18424868631195,120.71803860852496,448.633089827125,-224.3135083658733,244.44884071839513,373.1217389740314,189.2346575381959,379.6867470478807,381.71632483388413,64.75339732331213,428.53103464754463,-201.47719233493476,51.958536453086715,173.4107133820635,147.22310508304963,429.1979717529202,417.6718074272969,200.42776106580013,-25.78548193629392,499.99999065081886,498.58840558880576,-119.24758705318975,86.95588855213016,-107.98775682467392,164.89223337105398,55.176805577868954,-1.4503710476001181,1.7891278390683694,-50.91316922106631,-0.3338180444592632,60.54380569008046,-0.43965022206767884,130.30878132073153,413.7726573957807,-120.46102694408242,6.497189830408683,291.14293345253003,-95.16543421007955,-136.58012137652452,-37.629766830326055,58.57776602669305,446.16680374751394,40.91862568477072,451.38334171839153,408.9556371388509,119.32201504033625,39.80295747878974,43.51465558613769,133.88215573200358,-170.4453078712751,92.26728351621485,88.84948223051487,41.36049131392089,77.32031645929864,-10.976240651879179,-211.47421217832962,227.59999016134273,-96.64538791898624,34.97978123335626,-17.68881183142196,499.58347481867577,499.9997407204714,8.125448493187037,-91.47222685515162,-219.4278760961302,-14.409809901965097,188.61111558783287,102.28057473049802,177.26568224975196,241.32591265216016,113.22130239014473,-170.85133275960237,80.75490209701579,-153.565308920125,347.0978019880317,297.954532193439,26.91933396668072,-420.04640749452676,-165.33892587868468,-81.64653501280232,336.79233179911523,-493.2926931999037,-438.95793591712993,56.040500171484425,77.78717446491524,268.2102346209084,-45.777329233431814,-119.68184179474726,-88.01813307388991,79.67034223700196,407.41329506051915,17.814768265868764,14.167694068132697,234.71967400597939,-172.04858070060612,-116.02374160719268,-48.724877709114836,-111.10242578631448,3.023278415722659,379.6460279097342,355.2926358240203,-39.851907091209085,-15.000254777983931,-66.02458123107074,-6.844604496168837,269.20532111482845,338.51409499642403,269.3369261211493,160.95766817148194,-17.278051541698954,499.99999999851684,-442.87697291720883,-5.581720928612875,75.52885137949443,-89.91745367425632,13.061857879476896,423.0942391446823,325.31286178482316,-70.21208778863901,-59.29934550829153,-53.24483108570854,85.28522286961253,17.57488074198333,371.89980881995564,-40.63456087901646,18.166980249722815,274.14836239350933,162.63852673185215,13.949270979360277,0.14986523896779624,371.67357309148997,128.48869465899116,-85.4367592454594,71.86856899214605,-115.1288854043005,334.2223766321957,-102.10179181212531,21.45784263471498,-322.8493094232691,99.58835388992478,-242.7309904246235,-406.2797054445288,90.75672037663682,-221.65689570810562,-442.8769732210059,-53.12714568786792,26.29841235828213,171.83076402990574,-302.3303369349872,314.8621440836722,-495.68719089796394,-486.9533327063534,1.4843458077757592,215.80838452280776,-252.08943209480157,301.74144894437586,-282.1786092733821,-499.999564375308,-8.495226438222277,-28.37721634511939,-65.75967855667473,-491.7579555692732,-112.3350077797133,-16.640407628647832
15,-240.40227761602003,-499.999820296425,499.066398256791,499.99999999999636,260.414752597629,-328.21218981040363,472.3436261402619,432.6181365682381,234.45162227771155,118.35306251204779,134.31711485735954,-34.728394709139614,176.39934316104316,-57.73157414853532,332.8175321955077,382.20083498338454,258.0817807222276,499.9999391746213,448.62582084745566,500.0,398.4817919937144,499.99990399062904,122.49210933033616,145.93744213577185,-179.03368273022744,-68.59232634583715,188.48058219920165,93.24025599901469,-27.150339621373092,-129.18392512706708,-12.015943747031518,-81.32231844338506,-89.30948568600607,-499.7954645330788,216.61312409764676,17.911329173398467,-235.21833916487728,-235.52238480691227,57.57585584167101,-22.272722315229554,-94.64607487847806,450.3195846398463,-257.9775773909149,-330.7497621880434,-413.1338847707732,-135.96394998137367,3.7063400109141016,-1.0781814936058935,49.48530148322799,-19.576871160406487,407.9496010839519,-124.27747985159212,179.32047714996756,-185.12095438954586,-207.68438128654495,9.874955846347422,133.8959593879295,-150.39022836467444,-5.281939557990866,473.33981436496805,-460.40044636220676,-148.4692495030164,-413.29234770402655,-321.749981342579,-249.9387785126906,468.7383677666808,-52.2720959840988,-123.67971657903675,235.4351319382285,-203.09517862514673,288.57397866874896,403.10751084174444,499.7559400693883,-264.1902257887808,406.6262792187716,-204.64851552402698,319.3360044124993,483.60239452768764,28.838462793872644,-23.367045440239437,103.72543158753021,251.56641063140495,111.82203147962677,-291.8440261760203,-101.80230545842869,-205.32974416324672,296.57438466459126,390.50998484911713,-198.03911007771993,-196.97882239827797,-81.23681278863624,-42.779523555135675,-142.81186524331014,-115.71851575676921,-41.661723913171876,-345.3902860319955,-97.920902777143,371.6282162440548,-100.94946545838764,153.20496117446652,494.22404632650876,-304.96207940596054,402.9686361778367,118.38326186209763,77.3032873510839,-86.62084028296806,26.183286575437236,-476.5266957182652,-150.85977932008632,-218.4752075510092,304.6004934359904,-47.8868754772019,-33.196599329885665,487.6545167264735,-70.83198510659916,371.8362559533651,123.84654139914453,449.4335805449187,-227.85149922552915,248.27531819236435,376.886601855132,196.27885662869681,383.35591614952773,384.58298787255507,65.40352845331073,428.78976203480846,-203.01868297314107,50.771102213077405,174.62864615762396,146.71616318860276,432.79360043541834,417.9070702103148,202.3840300346553,-25.528050256188223,499.99998352562153,498.742954439076,-120.08340500440168,89.4997232559597,-107.58386232676737,164.1139748793964,54.053119954293635,-1.4406804235832833,2.2980496358203863,-51.87505941126284,-0.32176485530124416,62.729809289608475,-0.3269059674362922,130.95168324675285,421.5899071928423,-121.49449614602932,7.430483445481659,293.26752819122567,-94.76770694980807,-139.77669053103764,-37.16276611088636,57.005741170972364,448.6103738036997,41.02608981268713,454.7330819679303,414.9064021545156,117.53536134849426,40.45463329172249,43.138233924704785,133.34650015661123,-171.72502952251673,93.76982822732914,89.05396730543518,42.56762950852734,76.8746941558007,-11.33888670817297,-212.99704476583017,230.34703818495115,-96.24995285685381,35.30199303032973,-18.94482871163559,499.7493203866715,499.9998532812798,10.05277907333668,-94.2821521417283,-220.69915002090255,-14.289335968866855,189.0898654369453,103.75962249081473,178.5100811005207,244.78031225633165,114.11157343933125,-171.12435419806644,88.36237511630327,-155.18738050214904,350.6267368646601,300.0622060948579,27.629453488868755,-423.52147220821,-165.9724103756548,-81.99594752441378,339.75290465703347,-493.65987660054554,-444.5680281111907,56.86834609639717,80.19173605699957,268.5160377335398,-45.7172381975895,-120.14736792959806,-88.61723783428992,80.791736924529,410.3305768883737,18.32538605649164,15.041630368328978,237.76905865328905,-173.46842716092763,-109.79649050296845,-48.9340982846767,-111.77010644769723,3.470084622048118,383.25226134901715,356.5087959119339,-40.21902720569478,-15.044451148762388,-66.41174053024345,-6.762069290650759,271.59464707716114,340.65036716339586,271.37259019427006,152.38097321361957,-17.4123022197396,499.99999999887683,-432.3213689190152,-5.650114176242824,76.76737013205086,-90.69274078680513,13.535658072287783,427.05470315258043,327.50971479420116,-70.48769980758482,-59.79348049792848,-53.98908219888822,86.49432140235673,17.725694974734157,375.1513557808366,-41.10534839596367,18.943367335196783,274.18745142636743,163.5669317038505,14.43362584216,0.7484196136914489,373.5832918442131,129.06363144002617,-87.41596341009169,72.37195960903719,-117.57194030073589,336.3215308995052,-118.084239329941,21.97976719526725,-324.27050127467953,99.8753470751032,-246.81960966140497,-408.39186684628913,92.11957992640517,-223.67531468973547,-432.3213692519693,-57.576068953395705,24.19193703286695,175.70660246678645,-305.21188406417855,319.29988377088284,-495.85648139680507,-490.09862081472596,1.8721267584804515,219.14312203335854,-251.98138920388996,308.2519165937993,-283.4059393510764,-499.9996203432764,-8.779232453318215,-30.221788593111405,-55.41873103081679,-492.03391685952937,-116.54807721737747,-19.272502401391588
16,-227.2009997141294,-499.9999068280201,499.2177240741185,499.9999999999972,270.1859102898361,-313.2945198292006,472.19497877734347,432.07999977348993,236.21684712611656,119.27001673752686,135.1220311502427,-38.93241967076808,178.01366035882324,-60.08100323146796,337.71976913507285,379.55574160059086,259.65264440657666,499.9999420796646,446.71413259570755,499.99999999999994,396.05857549207167,499.99996370306707,123.73893106785167,148.0725554114291,-189.7224385513741,-72.50697620528916,189.76439676834676,90.53120239415836,-28.632452113209215,-134.9435027734826,-11.018275394011475,-82.13635696796892,-90.99363985153128,-499.80884927919556,219.84470975839122,18.28400101293303,-236.72855483455086,-235.0712111081371,56.31116750853273,-21.149451839273816,-96.19525813963946,451.33300931127656,-259.8256294689946,-331.90525607547625,-414.8011420828286,-137.8174595220044,3.802376770558765,-1.0839528955982292,50.395560947687514,-19.21223036097966,412.9757126906593,-126.2932351023005,179.17469417720855,-187.03167780130394,-209.64569017115983,10.04596744030206,136.35872273316295,-153.65688541840132,-5.657861421016461,474.93692897236673,-461.3057256551647,-150.901309416804,-415.60819797659605,-326.1506203977171,-251.38651422719545,470.5850986708814,-53.15133429331426,-124.98996481365755,240.23588909550452,-205.6261909171982,291.6292294197158,395.517513905042,499.79053829101167,-267.2618362006906,408.86099492044417,-206.17814245879285,321.77689182252556,484.69244897910323,29.892779171135217,-24.183615883364595,102.11419571090227,254.70920351605986,113.565626467296,-294.0712651649878,-103.84009782448514,-206.50466746460663,291.6765477527487,391.6943838525039,-201.62242087308792,-198.47124972147552,-82.29759788916869,-43.474198594368,-145.2418964124967,-117.39955549785482,-41.94620740847922,-356.1056143174953,-98.21056710521219,374.8487680857513,-101.88249543355992,156.44857501758563,494.6785856571965,-307.7838280505785,406.20272633484905,120.98314334248532,78.13726757348442,-87.11545319438993,27.5452681903551,-477.7304987349411,-151.9013889737173,-220.02864857055704,305.8683989417381,-50.82219655705831,-33.27845186599022,488.5307527296892,-70.79334600739561,375.3023405090356,126.87367219177453,450.1933337869267,-231.20998177746182,251.97496705908472,380.50631958957973,203.07803232013217,386.84198058335767,387.15768767270026,65.94500778252798,428.8595240012277,-204.49771952529468,49.53019025876335,175.79998536418324,145.60771181836944,436.1335504414816,417.95499688443414,204.2737177063697,-25.257671485234354,499.9999710732787,498.8760235778838,-120.86123985904501,91.99267683275639,-107.1832627822908,163.23374801994257,52.87510910814363,-1.4447697016831627,2.9345032591091154,-52.80898935093244,-0.29647287621978136,64.98475095786594,-0.22432268675835637,131.49112945796932,428.6190113516305,-122.48690981474977,8.325795076610815,295.2870246860009,-94.34543189034173,-142.8424205855324,-36.72290571771643,55.42974061858159,450.8403338214499,41.04629280764746,457.7942332746919,420.3784021114768,115.78405337703862,41.13337929299162,42.68006817951183,132.53487466211845,-172.9633584465984,95.25237865851607,89.15606043935755,43.829889905210734,76.350983829302,-11.711016346159584,-214.42097025402052,232.85634918109022,-95.84875520204439,35.635613910808544,-20.22043750044264,499.8503815501261,499.9999172405594,11.999214803320438,-96.96180644480545,-221.9944631150043,-14.152755626786782,189.3903612748561,105.18514875782722,179.68509195742072,248.16825281605605,114.85424896010633,-171.3703241071039,95.69724024773681,-156.7968169239132,354.0061588109773,302.0752308468124,28.31402726014065,-426.7156026182052,-166.60061631358883,-82.33076023496955,342.5747091076215,-493.9947981760518,-449.47282861192053,57.6555047144343,82.51609135371191,268.74369473938856,-45.67199423947705,-120.65013353367968,-89.22360582836365,81.85891968110955,413.09062992544864,18.81349408700349,15.884126659311601,240.66839361568896,-174.66162221509768,-103.37658964876142,-49.12263748379354,-112.43327938751601,3.8963420902497643,386.68643843140427,357.619732785716,-40.59579585116963,-15.111740417498135,-66.83776245964167,-6.708442295265918,273.9028809226774,342.67984799052186,273.34932625205056,144.098662541966,-17.582150644767296,499.9999999991168,-420.83505708294877,-5.71181979530644,77.97357813174027,-91.47672900671007,13.964774277053078,430.7801684160947,329.58987778798274,-70.78480440109539,-60.41278482486279,-54.81619198139022,87.64939293266757,17.855821127277004,378.2448382562123,-41.56739828912087,19.51457261810682,274.07856837319713,164.397528583249,14.872546254343199,1.350685129163948,375.195754081723,129.52534105530458,-89.41465844350363,72.7354130053286,-120.07156419863115,338.1491297836376,-133.6168164256047,22.453197569547044,-325.59693400676247,100.08322890937636,-250.69810543961557,-410.3803406908109,93.39701801980029,-225.59976968968064,-420.8350574428051,-62.69764778695275,22.10574840031867,179.4967381277923,-307.98536163468833,323.56642739069395,-496.0237629758395,-492.3842724013716,2.250243711954489,222.27069768525715,-252.08021835288318,314.4185894197908,-284.7890183534989,-499.999667005332,-9.052140245518103,-32.02414660704444,-45.164650610287175,-492.29870989657775,-120.57853663661594,-22.10414136624251
17,-214.4782135308696,-499.9999501983786,499.3414467604688,499.99999999999784,279.23393024588455,-298.45328090228736,472.0075470991709,431.3996436443202,237.76151709854324,119.9810415031291,135.71681283890703,-43.016482875539104,179.54591380097773,-62.3687649982618,342.35565757338236,376.84075808953185,260.8119561549262,499.99994336619005,444.7690905912196,499.9999999999999,393.62893917750927,499.9999859709695,124.59416750614008,150.11358691288711,-199.9754494214224,-76.30507908999255,190.98259813501738,87.92444342794347,-30.07542893548293,-140.45009520918563,-10.162924993912393,-82.90131107271729,-92.63247385380045,-499.8207851689869,222.96422696214498,18.599567153799544,-238.1917713437187,-234.62242097320905,55.040609063862945,-20.10956444096345,-97.69339591443547,452.29847915036055,-261.58069029976645,-333.0227948465425,-416.38479253856497,-139.55832626366754,3.890019175588859,-1.0927898357202137,51.28797235919964,-18.857250980940474,417.6653627750652,-128.21597726784114,179.04785504584032,-188.85482197950245,-211.49704241673786,10.227073523055719,138.762824354336,-156.79514728324904,-6.013503905658181,476.3698505595675,-462.1528836500748,-153.2027416406033,-417.76661240859994,-330.2890118599439,-252.7872120333527,472.2686632981007,-54.00943057580796,-126.29757674373357,244.90580971085643,-208.03115650247221,294.58589207703375,387.3221384873517,499.81937096774215,-270.17787245711713,410.92919355738627,-207.65538516254543,323.9772427280688,485.6767689492845,30.9519316261937,-24.980228769953552,100.40678004327953,257.7659206225813,115.26234556824312,-296.14792456937886,-105.77786331649827,-207.61849121995937,286.61127820525223,392.72942088758504,-205.05653279338475,-199.9061532822227,-83.31324058538095,-44.1607038356674,-147.55722227953942,-119.03732911872012,-42.29336357286183,-366.0374991474777,-98.49454842787607,377.8150193404749,-102.73476836826626,159.6060841289666,495.0869507229842,-310.5030774738442,409.102778575664,123.52370095729061,79.0370291328193,-87.57603433565704,28.848459003210287,-478.8366712123374,-152.8851764633459,-221.53244287708958,307.13378468597745,-53.83041172847393,-33.35882538813988,489.3232737016733,-70.72415418445732,378.59231998123647,129.8016864753583,450.91549625934914,-234.3928419068438,255.5512099343598,383.9832090903397,209.66360920190132,390.15433677635247,389.4485722730024,66.38574826046688,428.7569117311594,-205.91596682666838,48.24575832103749,176.92555666357356,143.93984137054457,439.23750269217715,417.8278198165129,206.09865384429068,-24.975604920712826,499.99994958205014,498.99093614441114,-121.5764733858169,94.4348771311767,-106.77107663338919,162.26809561953678,51.65566975847091,-1.4590209766048987,3.6861112736751935,-53.71727933189475,-0.258876756712485,67.29877547102043,-0.1285267559402922,131.93857485191776,434.939830361703,-123.43753198765906,9.20117874637316,297.20098202220146,-93.85453363062624,-145.78207269744325,-36.30997579898462,53.85851687492762,452.875854340598,40.97849559671169,460.59446526858505,425.41310266138134,114.07607690260919,41.83792693504021,42.15024388691798,131.50538671643906,-174.1414812969911,96.72187153771021,89.17524604297745,45.141682085738765,75.7716464445549,-12.08598647114289,-215.73070055967978,235.14818948138617,-95.39608232511378,35.986289748742536,-21.503219040651754,499.9113685545199,499.9999534399311,13.960491620555215,-99.51052723335496,-223.2863182941051,-14.029620832603714,189.5440018154539,106.56217363765265,180.80058770422116,251.48833530597852,115.47022990979812,-171.56372458161533,102.72340245706886,-158.35926614329307,357.24223675821986,304.00224284107077,28.977511570520512,-429.65616419481256,-167.19794495796725,-82.64416361088483,345.2679912445496,-494.30111339689836,-453.7748762631599,58.37865067968226,84.7665090376107,268.9074832412854,-45.63884621841692,-121.16895207254927,-89.80959744656776,82.88042374116665,415.7054011169514,19.26574054948894,16.704381018400536,243.41164525689146,-175.66004204368488,-96.8205881630525,-49.285977183701974,-113.07715326458894,4.309463462124983,389.95777037322637,358.63714818937444,-40.97726285160653,-15.190933826287909,-67.27906002021243,-6.680138195627666,276.1290235460254,344.61291155980376,275.2664167178356,136.11283496084073,-17.78142243187494,499.9999999992793,-408.50344609961144,-5.7704684747803086,79.15347912882882,-92.24804094031082,14.354765487021488,434.28553875852003,331.5659267711139,-71.10006216706395,-61.130429395031015,-55.695438162450685,88.7548836764449,17.976373420018454,381.19073537716395,-42.020103734575606,19.90234672850732,273.8405434108739,165.14170421904709,15.261747337082333,1.9559815746361902,376.5308386599989,129.88233323855505,-91.42473766448748,72.97863107910952,-122.58306628247641,339.72282265393073,-148.5770373360098,22.884949677893143,-326.83185697635,100.22359292826029,-254.37897281052608,-412.2535461103787,94.59504983497858,-227.4355481836442,-408.5034464834866,-68.4882992574708,20.034987900805273,183.20175334840056,-310.65326081893437,327.66749654334353,-496.1887660363178,-494.06354458885835,2.615978079470693,225.18265755039027,-252.38411451108055,320.22700141588285,-286.3131451285272,-499.99970616032175,-9.314075293359862,-33.78234553868934,-35.0142244629251,-492.55314319626973,-124.43398562479628,-25.138408265349653
18,-202.25911009748353,-499.99997258427186,499.44301897049,499.9999999999983,287.61764233124154,-283.78651108717446,471.78219505462056,430.5871560163967,239.0968509147527,120.48885495225338,136.1050844143404,-46.976828507175405,180.99917566106458,-64.59269731188712,346.7393455712243,374.0632007895673,261.57024282772466,499.9999433880541,442.7935573842147,499.9999999999997,391.20049077914996,499.9999944433,125.09414684609268,152.06435352173912,-209.78384268974537,-79.98526765410998,192.14058216137667,85.42036185770523,-31.479205535253513,-145.70530511832607,-9.438380816424587,-83.61446881241552,-94.22192537486185,-499.83146460137834,225.97789227201702,18.865534347167838,-239.5679975132065,-234.1742149816628,53.766090712172726,-19.152013747101527,-99.14415196705994,453.21918881313246,-263.24730577990647,-334.106377600553,-417.8809151182042,-141.19650678192528,3.9734781218268713,-1.108576672723527,52.162679003100465,-18.51344819723634,422.0397247969188,-130.05050563120597,178.93735271108608,-190.5925744911092,-213.24422283336236,10.42088893378508,141.10925310906106,-159.81197513884908,-6.358642269935832,477.6584570214803,-462.94661230545034,-155.38149097727805,-419.78051020439676,-334.1774842535093,-254.13995580944982,473.80559478419855,-54.8473581551437,-127.60102164539666,249.44672091992933,-210.31651679956303,297.4464966161268,378.5405178535153,499.8435010775425,-272.9482312496001,412.8449425928564,-209.08320133463496,325.95785376861124,486.5669444468081,32.01364990798224,-25.756344564461816,98.61292892736716,260.7383793755843,116.91197615256118,-298.06518221529507,-107.61658257082077,-208.67764100987173,281.40601135439886,393.6275369922786,-208.34417973740955,-201.28559895213093,-84.28322273388737,-44.83526246149637,-149.75963491415163,-120.63023488491808,-42.695974594328696,-375.2096781173727,-98.75608717400573,380.54731165690646,-103.51116539580619,162.65585942013138,495.4544821417676,-313.12087627030223,411.69066085070864,125.97142231977685,79.99414678036185,-87.98571574898543,30.092874206329302,-479.8529052908047,-153.81309106186654,-222.9898646551338,308.3982407837659,-56.88302598614998,-33.43722440852402,490.04350275536723,-70.62919467755663,381.7159991623663,132.624713543271,451.60294520940414,-237.39981438139742,259.00758638093475,387.32051580708224,216.06746262438088,393.30203014299644,391.46570555457095,66.71120774635105,428.49991125429574,-207.275077860566,46.92638844581054,178.0065267762159,141.7703030647767,442.1239125987916,417.5396715312849,207.86124866295359,-24.683214983103987,499.9999130369667,499.09046114027205,-122.22556521887846,96.82639452426078,-106.33107968641632,161.22848112322112,50.40572545994581,-1.4816765375374845,4.542033633114835,-54.600643012391224,-0.2090229830931502,69.66285312701145,-0.03778680840346455,132.29743611773577,440.62512792109845,-124.34641321408112,10.075555262858652,299.00979518048644,-93.24365376372752,-148.59835977928677,-35.92436869752442,52.29903835280463,454.73492750937805,40.82344790201632,463.1586316590548,430.0482453304852,112.41515949896109,42.564917597889185,41.55840580750277,130.31335910605773,-175.23915786129237,98.18374604992003,89.1265743505385,46.497514997535085,75.15617136952619,-12.460126925875306,-216.9086968991681,237.241698560997,-94.83853057734882,36.35858655509488,-22.78252017750974,499.9477426954792,499.99997383792845,15.930025513496822,-101.92711314715083,-224.54354010763112,-13.988971847216952,189.58092462530124,107.8933935960261,181.8655386046128,254.73945364626417,115.97839793238437,-171.67489765607016,109.34151349817394,-159.83625798197204,360.34067975667114,305.8504055777459,29.621739124148046,-432.3663401785017,-167.73575228648568,-82.92997208511196,347.8387300208797,-494.5819195075091,-457.56017938193264,58.97669036396772,86.94763664710204,269.0132645080773,-45.61845363634287,-121.6811244301728,-90.34508473316016,83.86273855564757,418.18100188211014,19.6636586814372,17.510380823171204,245.9854881251658,-176.51850161401265,-90.19040181660394,-49.42080780906999,-113.68744312890048,4.714427338606216,393.07204286477463,359.56286624733127,-41.36228598818072,-15.273140997570595,-67.71079435858003,-6.676587108709474,278.2750517984356,346.45136018842726,277.1250349025487,128.42522549061255,-18.007765188474345,499.9999999993901,-395.43057278437453,-5.829831056619261,80.3100664331221,-92.98427957575912,14.707612001131475,437.58323995050637,333.4404828318899,-71.43257202168739,-61.916655452965045,-56.593031009193105,89.81356428468769,18.095973656012454,383.99200870757477,-42.464043460010835,20.12428995649518,273.4786653638797,165.80152711404332,15.576861314074819,2.562518820754525,377.6038373388317,130.12770786996845,-93.44050962879612,73.11869661381263,-125.06779445567228,341.0504989486799,-162.88551031201655,23.27717052780857,-327.97667247898306,100.29682017928053,-257.87484305660155,-414.0200603343458,95.71212356864548,-229.18776956624544,-395.43057318890055,-74.93271827220345,17.963814000230904,186.82233240339954,-313.2179593269435,331.60891785936667,-496.3511915329942,-495.3114894539391,2.954717414956685,227.80988345936169,-252.8863929093989,325.59115338851933,-287.96475920375747,-499.999739218064,-9.567212529266033,-35.495171140668056,-24.99200685732301,-492.79791042843897,-128.14022904265124,-28.375884534834114
19,-190.55998992874729,-499.9999844728034,499.5267525332354,499.99999999999864,295.39582512658797,-269.37962319679747,471.5201610594527,429.6535934140823,240.2368390340239,120.79440913959854,136.29268859453063,-50.81302708476961,182.37677893315558,-66.75197436655579,350.88540544288736,371.2301689235002,261.9430281944346,499.999942368871,440.789937198179,499.9999999999993,388.7789854656478,499.99999774100763,125.27842514151902,153.93015986345125,-219.1473616563079,-83.54890052453322,193.2392154090237,83.01808860135486,-32.84425121043912,-150.71346389921015,-8.830877286433603,-84.27447811011281,-95.76014289994538,-499.84105011835277,228.89088323392818,19.089441099723963,-240.80958446106092,-233.72519596715517,52.48884531601662,-18.274540435741784,-100.55059723272095,454.0979252690863,-264.83057448816834,-335.15893350039715,-419.2845535913638,-142.74165698479587,4.055610136170819,-1.1493824130296408,53.019831373565864,-18.182558477703267,426.1194119057856,-131.80092440869325,178.84107147000594,-192.2474417268031,-214.8939301502564,10.627645049777364,143.3988764707083,-162.71530498536092,-6.721936896293339,478.82004131282184,-463.6913178961867,-157.44498037437288,-421.6618951722625,-337.826762118267,-255.44347227752274,475.21078411970905,-55.667200890634604,-128.89677183314666,253.86060065897482,-212.48801995519003,300.21378522071063,369.188228181113,499.86378275957185,-275.5820284455592,414.6218333475522,-210.46422869219714,327.73913089435507,487.37325098116764,33.07595418175686,-26.517488475553773,96.7441417247054,263.6284050778742,118.51447765783597,-299.8127673703811,-109.35869582100048,-209.68736077708934,276.0808939482698,394.4011124533066,-211.48994370049311,-202.6115581376477,-85.20866658513698,-45.496149536489284,-151.85210043179057,-122.18227949993899,-43.14896701668954,-383.6555059419574,-98.98235475461914,383.0673647049239,-104.21628641276783,165.51394087120562,495.78585810252224,-315.6395292053075,413.9878106367666,128.2053025490477,81.00095005072032,-88.33745217817969,31.27607416874998,-480.78572455183223,-154.6883914296665,-224.40374583319456,309.66271611586865,-59.961115795042794,-33.51713360180069,490.7010201258349,-70.51854403095389,384.6830210918305,135.30972697373102,452.25778643875407,-240.2242260888738,262.3475639165068,390.5220168250072,222.3193930250829,396.29378894932387,393.22045526049163,66.84896456812474,428.1062356089234,-208.57672769165822,45.576853736705544,179.04423423521857,139.1659904757171,444.8097429836107,417.1053208366493,209.56416598717868,-24.382572621473358,499.9998519200623,499.17691322974,-122.81281050456654,99.16676479348592,-105.84739840557555,160.1136860934082,49.128956310250025,-1.5150691635813245,5.495271557837308,-55.45914791295936,-0.14995647648402435,72.06904596358912,0.04624677750143291,132.54980621274234,445.74081507985227,-125.21628495499019,10.96682254575628,300.7127682978418,-92.45123714882779,-151.29275856148922,-35.573154666179825,50.7548728139348,456.43422347465213,40.58302795103315,465.5087998757172,434.3181429165824,110.80036585700054,43.307300097034684,40.91096046105832,129.0126750482727,-176.23643006079658,99.63928265308148,89.01640462126073,47.89241435098813,74.51979453219303,-12.83619874158384,-217.93686051513677,239.15681239571967,-94.11060832545125,36.75558489758275,-24.05147452978623,499.96906200358154,499.9999852619133,17.899935796873027,-104.21229419258319,-225.72869318796333,-14.231089301013581,189.53124428131304,109.17617407491825,182.88911397517367,257.924692365062,116.3947804305,-171.67000999268012,115.25339852523949,-161.1815528664872,363.3077630232548,307.6274096595547,30.24270734990707,-434.86533069448495,-168.18178082942288,-83.18210260541933,350.2854184534821,-494.8398208344834,-460.9007499783484,59.26434569877365,89.06184596184299,269.05134593496376,-45.61884825137669,-122.1627598483858,-90.7961035975411,84.80703127878043,420.51175979754976,19.951626183012642,18.308645828556372,248.3342705932814,-177.35597683365637,-83.56522303102133,-49.527954715263256,-114.25354125318422,5.11067694426101,396.02751619202604,360.3785052873249,-41.75909274147486,-15.356982234635037,-68.10778244664478,-6.702184492042041,280.34174506620855,348.17779070747207,278.92366036243993,121.03661761751125,-18.265400933723306,499.99999999946556,-381.7343423143626,-5.906128801442959,81.43977281311902,-93.66529357461606,15.019250516883691,440.6820139650209,335.194396943586,-71.78342142167084,-62.7391499250153,-57.47293027342843,90.82492722747466,18.219096614394925,386.63505149915835,-42.900314500640334,20.195580382123207,272.9725534982854,166.35661170514743,15.735919197600873,3.1633857024679206,378.4225081786262,130.21219918980432,-95.45965050417313,73.17085772706461,-127.48817871913992,342.11866806792307,-176.49666752150446,23.621524016035224,-329.03152549793947,100.27620670366704,-261.2010239271968,-415.6906581146311,96.72446617512385,-230.8623366514448,-381.73434273582126,-82.00529205042997,15.844913437841699,190.35907939106033,-315.6823428599189,335.39647348862513,-496.51051509577997,-496.2497026193318,3.2162659842613315,229.9116295857232,-253.57155708437168,330.22060669295445,-289.732453476969,-499.9997672913133,-9.823358874980254,-37.16490368110959,-15.138538152823518,-493.0336334445104,-131.7769912878269,-31.822236240183308
20,-179.38946435609765,-499.9999909626232,499.5960676917663,499.9999999999988,302.62488117392166,-255.3050589351451,471.2229448681739,428.610041197384,241.19725861079576,120.89253234032152,136.28576263730307,-54.52814776441839,183.68222342504973,-68.84834734980072,354.8083935347499,368.3479909391471,261.94900676036394,499.99994045119803,438.76009920157054,499.9999999999984,386.3685746315092,499.99999905663964,125.1848501213338,155.71689934446871,-228.07066598804863,-87.00030295914719,194.2709476313735,80.71589712685982,-34.17271029871161,-155.481890416418,-8.325847021012224,-84.88220747147494,-97.24776284049865,-499.8496796317363,231.70736144701985,19.278491227629875,-241.84422590964786,-233.27426430481654,51.20839791865401,-17.47399834775204,-101.91589651717649,454.93667996486505,-266.3374931923883,-336.18266377961123,-420.5879543679825,-144.2040505467905,4.137928569597316,-1.2550350657777423,53.85958621440263,-17.868017427765665,429.9241379149593,-133.4708802933936,178.7572980484584,-193.82322652619365,-216.45532735298553,10.84795502703942,145.63249721686083,-165.51709357958092,-7.16752000634786,479.8688287275345,-464.3915380234901,-159.400275495047,-423.4223580446216,-341.24682257495215,-256.69518424282563,476.49755400427307,-56.473606642795886,-130.1803096661039,258.14955867520564,-214.55079262623408,302.89055172699574,359.27684685346657,499.8809020062034,-278.0876503466096,416.2723463392694,-211.80077220651958,329.33867253046446,488.1048853929123,34.136859501710695,-27.28097488500046,94.81161321239054,266.4378265690542,120.06993917747788,-301.3774712129521,-111.01041222122713,-210.65324978230802,270.65007674742816,395.06284665125776,-214.49971401993213,-203.8859131336136,-86.09202915938452,-46.1426504320046,-153.84069338477966,-123.70806809908457,-43.65311223091747,-391.40957878692905,-99.16259695390278,385.40296949784346,-104.85446720063337,167.96758708326433,496.0851762062572,-318.06330212209843,416.01541831064964,129.93155711890336,82.05061208298186,-88.63747271499851,32.38989308627203,-481.63944722412015,-155.5172227161025,-225.77642334781697,310.9274144066811,-63.05771076049357,-33.60910082217974,491.304076552885,-70.41219099063696,387.50257856970484,137.7678551050639,452.8806302689495,-242.8439343489755,265.5738925536733,393.5917820359029,228.4471797380497,399.13787854452727,394.7246572869083,66.61631161417415,427.59142920200645,-209.82260257147178,44.19460850677886,180.03993557744965,136.19595818371317,447.31021210718916,416.5389191341514,211.20986437957606,-24.077245794675772,499.9997515387198,499.252234529427,-123.35925520234909,101.45432851390646,-105.30227304504959,158.89669723494316,47.81636379538947,-1.569239026918149,6.551189418114501,-56.289272268858205,-0.09153688711611183,74.51553816791291,0.11587910744842626,132.6335708582407,450.3463686982805,-126.05608212536978,11.893441922919857,302.307571896935,-91.3900498695621,-153.86526425236212,-35.28030892767102,49.22384949958381,457.98893963520425,40.2594725414613,467.6642604425015,438.25417020285994,109.23125174668058,44.056147264795065,40.20711631366679,127.65664376172364,-177.1105729313377,101.08541093377632,88.83333052096977,49.32744863706445,73.87079172695906,-13.22621212456189,-218.7948282972216,240.92364633254658,-93.11566300637946,37.183890735511525,-25.31013220814556,499.9811529892592,499.999991592868,19.86636140109196,-106.3707582966474,-226.78518862420893,-15.264534859351427,189.4255023165367,110.40175273087067,183.87949338767294,261.06151384433764,116.73683378738667,-171.50464387369843,119.72583793633518,-162.3264395099177,366.15413975195725,309.3417728496447,30.830165060195533,-437.1668840942579,-168.49099305413276,-83.3879731511222,352.590718371935,-495.0768819650658,-463.8566424043432,58.775479229907454,91.11225613127525,268.9838871901899,-45.6570594909355,-122.5815838020992,-91.11436384675079,85.70792676278681,422.67003760017053,19.97649167957485,19.109003567742356,250.29523811524672,-178.42242804831488,-77.06520254113957,-49.61294562143305,-114.76713955583216,5.492631217430715,398.8067142575621,361.02847696186836,-42.18914384139543,-15.450569657575887,-68.43791799835815,-6.764837345244106,282.33302921184924,349.7385463199178,280.6607440383049,113.94544093338664,-18.56421450282387,499.9999999995159,-367.5414301017009,-6.041147917254832,82.5306695983512,-94.27091370425701,15.280079783497449,443.58445177391206,336.7674460992362,-72.15054461152418,-63.554639145611716,-58.28936163814862,91.78729286658346,18.347927134624136,389.07454922065233,-43.324834668588494,20.13689720079592,272.25394471943906,166.74136650239956,15.541207487983447,3.7460080614555786,378.98166116474033,129.9971297538162,-97.47967443468352,73.1575932727966,-129.7960281258562,342.8726337184873,-189.38476277193996,23.89361454025521,-329.991750926533,100.08154410286936,-264.3801658238219,-417.28235164733127,97.55712936868672,-232.46771353667717,-367.5414305361842,-89.65373619776464,13.575524876590064,193.8124582639481,-318.050774248237,339.0358096458398,-496.6653712308077,-496.963239742419,3.2785379745570626,230.88790067097574,-254.3964025346941,333.3878458497358,-291.60540665285083,-499.9997912643254,-10.114708968344125,-38.79497576697539,-5.533232967428798,-493.2606291643239,-135.53048540493802,-35.49292809295089
21,-168.74961445501384,-499.9999946004656,499.6536853784146,499.999999999999,309.35756322984486,-241.62248303677575,470.892264429928,427.46711065685963,241.99482029409756,120.77455756957634,136.09138891276106,-58.12418364735563,184.9189700748179,-70.88262389409185,358.5226144525285,365.4224695147605,261.6085166386071,499.9999377264132,436.70573843317123,499.9999999999963,383.97253525990794,499.9999995952608,124.84730555567006,157.431257976219,-236.55651468495032,-90.34379766282608,195.22274321301285,78.51186519648144,-35.46781891504448,-160.01992554931456,-7.908353629409854,-85.44036990998299,-98.68575390740745,-499.85747064903364,234.43107791922466,19.439571278769094,-242.5382473305908,-232.81973284658838,49.92569143016958,-16.745717705639453,-103.24348497304163,455.7365772610767,-267.77586556840566,-337.1792498097865,-421.7756963088904,-145.59492835398822,4.22220831721687,-1.4589856280691673,54.68210835292517,-17.575433224708217,433.4726051215003,-135.06388066694186,178.6845639577224,-195.3230686846009,-217.94029224059926,11.099230978610578,147.81085854918135,-168.23421640500374,-7.7745099769457,480.81620194470474,-465.05218429156383,-161.25427991652154,-425.07307866789654,-344.44499940083267,-257.88834272137683,477.6777364665273,-57.27142174529401,-131.4477386024074,262.3158189317959,-216.50873894745618,305.4793817742903,348.81293461140945,499.8954095333794,-280.4727617921382,417.80743816125624,-213.09471587517487,330.7701940194511,488.7703564438277,35.19398158815668,-28.070270688270465,92.82542037020333,269.16847222896024,121.5785800867269,-302.73227748030513,-112.58002195266486,-211.58160951480616,265.1223163090696,395.6269864357988,-217.38016231093604,-205.11040506490906,-86.93613937867124,-46.77189143125902,-155.73266897969722,-125.22523990977638,-44.20836641352342,-398.49717956727153,-99.25592609899552,387.5960984340726,-105.42979623121168,169.71075495416576,496.3560200334525,-320.3978960127451,417.79432734952843,130.75929740206539,83.1372527816977,-88.86786301782435,33.427147654386964,-482.41419628165505,-156.3074234243751,-227.1095631799967,312.19185459523396,-66.17479637048413,-33.72591100406704,491.8602464465415,-70.33262996821502,390.1831164701377,139.87755461905408,453.4708098932048,-245.20636140515518,268.68796747543644,396.5340339499239,234.47993745193023,401.8418843811188,395.99037550621995,65.77752832648731,426.9683706909163,-211.01430990425885,42.77523245668027,180.9946500715625,132.92668939051248,449.6389973640467,415.8537956778433,212.80025047304616,-23.771805091203888,499.9995897841426,499.3180656720209,-123.89278923564261,103.68656096865712,-104.6555610505418,157.53364327209778,46.461752503577266,-1.6642020287674737,7.7438364244139715,-57.070665771238794,-0.042132752841873906,77.0224678758611,0.1559757531181183,132.4482184200812,454.4953992883082,-126.88199038022339,12.892690176288113,303.79263727316714,-89.90702059725372,-156.31028994108732,-35.08578498393516,47.703904176894206,459.41285629309897,39.85478264211561,469.6419045144365,441.88546710236085,107.7278607640784,44.81693002858285,39.444129383676085,126.30768187392705,-177.81363612298017,102.5295611982556,88.55572212215279,50.8269136620175,73.2163924096929,-13.640196130549487,-219.44457234761126,242.59867913246316,-91.68115818259744,37.671594824448185,-26.56396841027925,499.9876401291183,499.99999505280965,21.84343990133439,-108.40419857097801,-227.604335111718,-17.927805143307694,189.30099589726782,111.56797799416555,184.84816109083502,264.19411409369224,117.03773540272051,-171.10058461504823,121.65122824001891,-163.14158166374455,368.9003304796462,311.00961026898017,31.38408015431883,-439.2760373659611,-168.5746443878485,-83.50865638868363,354.7311376582828,-495.2943934093124,-466.4771187299653,56.77867388590678,93.11433519565196,268.75657992059723,-45.74214052238193,-122.86710221947622,-91.20544756292895,86.56689452951983,424.6151711237247,19.43986088587345,19.94114715907698,251.55877373074946,-180.08080994079438,-70.86608641337283,-49.67283561801229,-115.19696274270365,5.871015044488793,401.37826185876344,361.4299200034433,-42.66738883185934,-15.545621717921556,-68.63222471197133,-6.860727323287345,284.27509958145953,351.0551151361787,282.3517646582245,107.14813579032757,-18.900166875187487,499.9999999995488,-352.9822399427715,-6.291459722377093,83.58055576622974,-94.75292145003847,15.490348824652422,446.2883522612227,338.0720107652056,-72.51648722882908,-64.27778930501267,-58.956219917550705,92.71039914264826,18.498009144582262,391.24362503719243,-43.71390693225177,19.990679171561922,271.21616753225044,166.85402678312633,14.73149452315247,4.308329576701665,379.2634421433413,129.26222750905666,-99.48334099658807,73.13033534507015,-131.91073960122128,343.2254896233387,-201.53001340726314,24.06748452586304,-330.8376838417788,99.5974832704062,-267.441246484218,-418.82228012425327,98.06901267931008,-234.01506065310764,-352.9822403863406,-97.7756070731959,11.038638101704212,197.18289918523962,-320.32911713614044,342.5324189592872,-496.8127014337817,-497.5120765444008,2.9702055628127977,229.8248283903129,-255.2557176995428,333.9374357189561,-293.557968199669,-499.99981184436524,-10.491317134613524,-40.3757441318769,3.692168956014569,-493.4780635461062,-139.66097812754782,-39.40085162070497
22,-158.63709774373288,-499.9999966921993,499.7017777928953,499.99999999999915,315.64184064838685,-228.3794183058417,470.53021818092293,426.2357961873668,242.64665031314232,120.44972979550887,135.7255597148302,-61.58856285085792,186.09041343236964,-72.84075464743393,362.041929269776,362.460284262059,260.94420977363984,499.9999342530829,434.6287414688399,499.99999999999176,381.5935657446004,499.9999998216561,124.30137169597941,159.0827466391753,-244.59887480814356,-93.57453952451675,196.09692004999917,76.40419064765683,-36.727978519525415,-164.33412451713133,-7.561152782381959,-85.94872055252252,-100.06813538204163,-499.8645236860011,237.06696864526822,19.579105491224773,-242.66460565258313,-232.3571017401546,48.65303543456902,-16.080594465257917,-104.53447779159328,456.49912263571724,-269.1468274819574,-338.14968682919425,-422.81811492709255,-146.91955961910708,4.315192887767302,-1.7118199302091093,55.48756893159991,-17.308076204768575,436.7826848439832,-136.58295720894193,178.6216326532183,-196.74050468551582,-219.35820627266173,11.445628164686957,149.93476925594763,-170.88057630092968,-8.55540091856285,481.6726312124633,-465.67781476961903,-163.01297328692274,-426.6232199082276,-347.41906652200845,-259.0077689364292,478.76184136068775,-58.0554988123795,-132.69442717123835,266.36170279274995,-218.36308616173855,307.9825254242175,337.79405138705107,499.9077497365746,-282.74428002271975,419.2370240432671,-214.34739085469545,332.0473847420773,489.3780378105229,36.24453926689569,-28.88288232174802,90.7976952251724,271.8221661458468,123.0408630207849,-303.81787099991016,-114.0649346612692,-212.47151844526786,259.49917568436547,396.1108302184485,-220.13742515517964,-206.28652066726244,-87.74105087294042,-47.371577063657455,-157.52429835331577,-126.72069249090417,-44.78780706097153,-404.9303599473336,-99.12969177820148,389.7098093761082,-105.94612873434768,170.6144868698482,496.6015221669959,-322.6466673209667,419.3446928409172,130.58440833435208,84.2560405119698,-88.90361179761504,34.407274658338714,-483.1047721117478,-157.0600391122978,-228.4040271120572,313.4558141677223,-69.30490599299165,-33.861760835366724,492.37704155491053,-70.27492691931593,392.732323559219,141.6128074080295,454.0296827123774,-247.2281811776654,271.690627051958,399.35315133562955,240.45420006278906,404.4127032732065,397.0318955113817,64.30344937117346,426.2511454061598,-212.15322814464622,41.34229373842254,181.90956138048813,129.42432526405022,451.8095395057732,415.0646817752712,214.33706711175665,-23.467880376177455,499.99933423829214,499.37580976029403,-124.39818396545296,105.8632619167771,-103.8006004508872,156.0335535153247,45.116929361484424,-1.82138585006874,9.151393595443215,-57.74428253112358,0.02369345292891057,79.65739719307174,0.15111572592897238,131.94624334059696,458.2363127783338,-127.7057825912481,14.063512149937695,305.17308437617817,-87.73582478434056,-158.60899442019712,-35.01094449789158,46.21763738026268,460.7189477181571,39.371555278335805,471.4575736735864,445.2399902560959,106.36529966381592,45.64422095796964,38.64437945173577,125.04654782484614,-178.22835847743556,104.02611748796151,88.19363666214136,52.46388161301231,72.58352942617869,-14.050625110810307,-219.79854749083094,244.27726515709023,-89.51254597429002,38.29613234937412,-27.80950829655359,499.9908422761366,499.99999693174567,23.884336187338516,-110.28783736006929,-227.98612241977108,-22.866525205728685,189.21006469957157,112.71391230450828,185.82184878171503,267.39356422355064,117.36894547093864,-170.30854109923143,120.35162693261762,-163.3951544315886,371.57831447826834,312.66931860191727,31.954606157798388,-441.18765729895534,-168.25590077274708,-83.45215814972066,356.7227754934805,-495.4926748560539,-468.80149135033446,52.77928474063125,95.11615455938986,268.3629142601611,-45.83112854662425,-122.86105259490567,-90.88653744983509,87.42967700009709,426.34164565663235,17.98701813219396,20.87964325273381,251.78931273270265,-182.56813429387725,-65.15264848149428,-49.66166493844989,-115.43611557342889,6.3191304340331405,403.725201763774,361.5436995159463,-43.147146630920304,-15.554091635917787,-68.53666663069626,-6.943117645348403,286.2469889249213,352.0970127554581,284.0599793747016,100.64567378878573,-19.21598812831387,499.99999999957043,-338.18628750750156,-6.662300315626476,84.645995354198,-94.97722690569513,15.696461043155825,448.79657220342796,339.0781350176507,-72.83413382747396,-64.73329000424539,-59.30104125542554,93.64049668544918,18.731315888886922,393.1183617692613,-44.00654719793104,19.83980137059244,269.8031182160736,166.65098584487185,13.24451726463961,4.898900510363655,379.25480491278677,127.87299138496958,-101.41574924684741,73.19705052519993,-133.69218309668048,343.1348036739359,-212.90656754624027,24.17073835585285,-331.5237049724355,98.79393195836613,-270.4034908375786,-420.34279519084566,98.11618444572218,-235.51222005246225,-338.18628795630775,-106.21976247610935,8.249721405092169,200.47121533017318,-322.52086308317763,345.89173460904465,-496.94767155768693,-497.9388917801805,2.2274749499350817,226.1372504154531,-255.9592068132073,330.9623633251834,-295.5126683999308,-499.99982960066285,-10.979266559292094,-41.85594175911706,12.397225310115852,-493.68276133320745,-144.2812736487667,-43.51653229586931
23,-149.04408543431526,-499.99999792461074,499.7420880607678,499.9999999999992,321.52077954101645,-215.6120721204977,470.1395635431626,424.9300529420312,243.17028540976145,119.98556753771054,135.2282426629914,-64.87155576838326,187.2006426488058,-74.66763624752606,365.3797418796187,359.4714193847719,259.9858637890515,499.99993006967577,432.5310168020688,499.9999999999824,379.2330792479272,499.99999991934277,123.59915681906938,160.6867899940886,-252.17789781078247,-96.66493721594072,196.95199556658426,74.39169478230264,-37.93310901020548,-168.41650018072522,-7.258588357714747,-86.39110058145249,-101.36926131383116,-499.87092507359785,239.62401511092168,19.702688517579688,-241.93614389396097,-231.87472241768464,47.42210889108816,-15.4582713700178,-105.78206092187527,457.2305135870348,-270.4316466230669,-339.0932576324256,-423.66695349967165,-148.16984541715433,4.438182554673394,-1.8538058656108982,56.276134634944135,-17.05229227810849,439.8719812191176,-138.02958965624083,178.56832253667773,-198.04500137760374,-220.70120931964797,11.994845240374932,152.0050050773658,-173.44433354385026,-9.395470692350782,482.4510723981652,-466.2702076397162,-164.6799387530091,-428.07616405596985,-350.1447723161925,-260.02837268981955,479.75946614409526,-58.80204981138044,-133.91273618762102,270.2896121585709,-220.1101384848606,310.4024760585951,326.19275415487465,499.91828887830434,-284.9083839083652,420.5724136451788,-215.55960795832286,333.1963045162012,489.93660167424076,37.28714324687285,-29.649580147810212,88.75261426670416,274.4007241987894,124.45781516536691,-304.53088556537733,-115.42344667075858,-213.30277055063647,253.76429204767604,396.53404734956166,-222.7752871351368,-207.41531139986344,-88.49330834371949,-47.902230459772866,-159.1758850261581,-128.11231883355094,-45.31014571659625,-410.7159638640511,-98.54786401918324,391.816437863071,-106.40710406814931,171.04183385321582,496.8244394421341,-324.80199944827064,420.6844313096513,129.91398443442705,85.4028243672578,-88.48203683198439,35.40298002729071,-483.7016224654973,-157.75630133966172,-229.66042177203025,314.7227658369789,-72.39629020175965,-33.971584972532824,492.8622042490935,-70.18141606260052,395.1581432504685,143.15854447432977,454.5685873472062,-248.83121304819232,274.5874775175997,402.05401088786533,246.42367692805237,406.8574523933983,397.87126483274267,62.588198626913645,425.46421026134846,-213.2402695515186,40.00135923730535,182.78731017459725,125.7656962958412,453.8379476543065,414.1921509528681,215.8240782705858,-23.15769951056474,499.998938615912,499.42669002776677,-124.7547157242588,107.9923844672453,-102.53364985367932,154.56838984379664,43.9448850307026,-2.025907458080541,10.86986903879572,-58.208368872436985,0.20806014533764622,82.53263978110738,0.11649585032499281,131.28880871955624,461.6130876140271,-128.49849575778296,15.600886803779378,306.46319410609897,-84.50744151484047,-160.72247794496488,-34.99708958484338,44.84544271238717,461.92064142608893,38.817193376140644,473.128468707424,448.34540835300146,105.27247056810147,46.64577087245079,37.89260433363948,123.93495794226935,-178.14214716028815,105.69453499533648,87.83151209909707,54.346485780808315,72.02852048679935,-14.369025221621413,-219.68827453506356,246.06584687060183,-86.22405983544722,39.178080009384885,-29.014297923586643,499.99223273847764,499.999997975399,26.064659313913847,-111.93991165872585,-227.6470143159883,-29.48794574726707,189.18956494885768,113.94350879760735,186.83275032763845,270.70457132226767,117.83307457015589,-168.8855502565848,116.74998408400614,-162.77309925778806,374.21524165600295,314.3587739208543,32.656083673485355,-442.8928688225622,-167.26656546590996,-83.09552479778363,358.6222650889063,-495.6713003789868,-470.8604407546808,47.39513741770131,97.19711191730853,267.8894103693775,-45.81396885598466,-122.30740072575809,-89.8958052016599,88.41452117044493,427.91122521434096,15.602724914121534,22.031776832705074,251.07286726548517,-185.62473618770667,-59.9511797552267,-49.464178406721174,-115.2816798798571,6.978216148294546,405.8886516545669,361.4424933427356,-43.49592118147934,-15.279916578006507,-67.91314957670731,-6.9271142453189904,288.37839437812397,352.9518801628567,285.8988954807832,94.46308693746005,-19.41348892660729,499.9999999995869,-323.2781145842526,-6.996937459357698,85.86086270431186,-94.692682145194,15.998496374211243,451.1287627556272,339.8955340380131,-73.05082013461184,-64.65174605229689,-59.066359531962895,94.66501374146016,19.162126535650522,394.7791157439998,-44.12960634137179,19.776610961898992,268.11553963028206,166.27923658540016,11.455990013554752,5.636889617434623,378.9701303181164,126.06136135794482,-103.20165464467911,73.48885696894604,-134.9425775662261,342.68741586740333,-223.47915117965485,24.33853975157578,-331.98611615424545,97.86522898594258,-273.2446702815795,-421.85401796865654,97.75332648617196,-236.94819076513627,-323.2781150346353,-114.90034416308126,5.452309375630561,203.68044110978087,-324.6132722783028,349.11973692458133,-497.06613912442583,-498.2743368980096,1.2850551021301078,220.54397730959687,-256.29124239226553,325.0534319132807,-297.2894857192113,-499.9998449941379,-11.486622978419568,-43.120257876260155,20.581780263536118,-493.86901055343947,-149.0435710380741,-47.72270374583602
24,-139.95921408766716,-499.9999986678559,499.7760204205684,499.9999999999993,327.0301656523148,-203.3464996873504,469.7224544683479,423.56224963853623,243.58206033963558,119.46569258222583,134.64443523958494,-67.9205445228333,188.25495776694044,-76.29771346210715,368.54762064736786,356.46066213558584,258.76675962798754,499.9999252014448,430.41044228526596,499.9999999999638,376.88803535519304,499.99999996258794,122.79414027746174,162.25710871710442,-259.28470358815736,-99.58892963070423,197.86776362759466,72.47313349887918,-39.0552213107338,-172.251040339761,-6.970453973746087,-86.74104113617489,-102.5590011110108,-499.8767492135973,242.1120336272414,19.813502552417972,-240.1721796799812,-231.35742293164085,46.25682729051114,-14.851950916137824,-106.97624025285602,457.941461630746,-271.60663128351933,-340.00771130873,-424.27476676394787,-149.33817631613513,4.618530748074085,-1.8076862956623883,57.0479578800345,-16.781504973011256,442.7572416810997,-139.40424066896395,178.5262306484117,-199.20219890024362,-221.94883914469318,12.779654915117895,154.0219435863449,-175.89498151197233,-10.20481551261651,483.1646244750821,-466.82847608209875,-166.25791254471335,-429.4323565338446,-352.5884303049696,-260.93155323672073,480.679487857337,-59.49617406456051,-135.09513997721416,274.1020155570054,-221.74514608221,312.7433718095899,313.9361320517359,499.9273338193331,-286.9709827360444,421.8259738325994,-216.73266563325564,334.2495326193096,490.4536428541167,38.32455109242233,-30.300780723147934,86.71904213614991,276.9059511210386,125.83078745266563,-304.78212457081406,-116.59469282993619,-214.05207430369546,247.87243459067264,396.90817217512887,-225.29883247445852,-208.49764867900706,-89.16439670526732,-48.30122836852138,-160.632744063719,-129.32612466075187,-45.699773960973815,-415.89185311399063,-97.35435084065624,393.9568703544618,-106.81615538793753,171.4121640195872,497.0272377922022,-326.85070759839033,421.8257955936822,129.2542503118913,86.57257066318955,-87.42059546973663,36.481881632537075,-484.20010192638074,-158.37636782923076,-230.88122093372263,316.0003244274873,-75.39319339857728,-34.02163208604776,493.32210552891496,-70.0113781819603,397.4699987246638,144.70403966936433,455.10413507572224,-250.01354270211806,277.39251152264285,404.6419387278504,252.45327125453804,409.18498826023847,398.5351951784324,60.97438647646544,424.631600161644,-214.27630373391685,38.875412304987755,183.6313823354369,122.02945203478842,455.7417095896552,413.253250708379,217.2670850667199,-22.832692759130257,499.99833855459076,499.471754393849,-124.83930796065533,110.08317342678102,-100.6849343047157,153.33618031868508,43.07448072991239,-2.2124700973646685,12.909231676317996,-58.410182581907826,0.6104665394904755,85.69456486218023,0.10925849486118579,130.68378158260361,464.6653541785784,-129.1978583675815,17.666365546428047,307.64960244723915,-79.94084280899956,-162.62107025594463,-34.95697363038445,43.66689793076518,463.03022288773445,38.20209223939599,474.67102773626584,451.22634833880784,104.4890558256644,47.855325989546735,37.272399899097465,122.96276353038223,-177.38303389870552,107.5986037644823,87.53684697277903,56.499321943601736,71.57442846970154,-14.553747255220294,-218.95377028622624,247.98298574391592,-81.5449498501611,40.35495879306176,-30.149831475680706,499.99264786429535,499.9999985871789,28.372271939613338,-113.27400562139732,-226.3823396206579,-36.55113608564755,189.22423916130157,115.3101311285562,187.8778397478844,274.07087727653874,118.45282837925674,-166.6116806340927,112.35206015251512,-161.06971531176828,376.79803804837934,316.06476888626014,33.531185456386325,-444.39819391442495,-165.4132333207505,-82.41788012440657,360.4601410983709,-495.8306928459017,-472.68102858590396,41.78297625117662,99.37477937573281,267.39311266772484,-45.65949533487268,-121.02706244249264,-88.07024208482618,89.59292842921751,429.3823408918485,12.765303048290761,23.415541323526238,250.0078797043989,-188.84577079723468,-55.114052711340264,-49.00502191015042,-114.60118690551988,7.901913631227456,407.9283962940179,361.1879958182901,-43.65781640163747,-14.60494734749127,-66.62062576797058,-6.817791172479993,290.7012107108873,353.70466288289185,287.89105691618204,88.65221368377848,-19.50380722898487,499.9999999996035,-308.3741637034901,-7.121903023714402,87.28459769573837,-93.71666185209405,16.41031631137704,453.30354379797905,340.6307135686133,-73.21081386950115,-63.854890868398364,-58.09324759559035,95.8051062214593,19.826492353364984,396.3150294592095,-44.10710591314243,19.7803197846803,266.25747987970925,165.90575279074122,9.716039373802408,6.58244949626657,378.40549830147353,124.17044041353176,-104.86197678341198,74.01426383323026,-135.53238904493944,341.97447890720645,-233.2564406694914,24.653996662375548,-332.20214980367786,97.0030141557645,-275.9257065804295,-423.3283293731626,97.21099178946248,-238.30088477505973,-308.374164152097,-123.98515826779577,2.7897419193764237,206.81772343919386,-326.57521731316916,352.22391463116236,-497.16945388408396,-498.54065454310734,0.39139684851864465,214.17425822902862,-256.1953048320302,317.57403698220605,-298.69104962877157,-499.9998584001294,-11.868460355079797,-44.09971927847703,28.389038694491717,-494.0341029367567,-153.5402349326656,-51.943772001731
25,-131.36835576323844,-499.99999912618654,499.80470164275795,499.9999999999994,332.1958220970537,-191.59976449326226,469.2781542941392,422.13344553349765,243.89061492952922,118.9160386798756,133.9932238177734,-70.73687320776544,189.2563533808007,-77.71434758694784,371.55386277490214,353.41485307144023,257.3056318303081,499.9999196660636,428.25652949205215,499.9999999999278,374.54741128290107,499.9999999822114,121.91220607209863,163.79679408645865,-265.9466343105657,-102.35137269853233,198.87523476550615,70.64569962793729,-40.082480372106836,-175.8326369124467,-6.678083086233857,-86.98398974327496,-103.62814682012267,-499.88206045921254,244.53619608636959,19.90850868654901,-237.35416109421996,-230.79716073020379,45.158584563769296,-14.24547183041543,-108.11392801759936,458.6396268799377,-272.6643890136502,-340.8929161783912,-424.6187059773865,-150.42718982237975,4.866198138323889,-1.6253352604687978,57.80318585964023,-16.48430350456228,445.45333920003213,-140.70870846152283,178.49579672835688,-200.20201431534,-223.08944080731334,13.73390538180012,155.9857729194189,-178.21669827630475,-10.96191470424938,483.82246065917946,-467.35238722519483,-167.75096397298432,-430.6952145393408,-354.7357915469674,-261.71702461430255,481.5293480697053,-60.142881994157456,-136.24019548374142,277.80143393317246,-223.27055941723088,315.01063572811546,300.94482629393383,499.9351355803978,-288.9384637409831,423.0053687477695,-217.86954856984588,335.2227419880008,490.93428104271294,39.361776584980106,-30.81428766709817,84.7044065499137,279.339637195507,127.16008697269105,-304.5450579544844,-117.54845517452627,-214.71245237978624,241.7762265710998,397.2274267314321,-227.71636407767326,-209.53512104553678,-89.73565285124322,-48.526320299723224,-161.87029196325966,-130.34450373199516,-45.93385794605329,-420.5236994429076,-95.54407654559147,396.1297917835672,-107.17652289542974,171.88926121335854,497.2121052962579,-328.7912201356026,422.77229190235045,128.79296050530004,87.75910571003467,-85.70091385817972,37.66258090493375,-484.60365658841874,-158.91709114316663,-232.07150618135066,317.2939652962975,-78.28522618419382,-34.01453659866866,493.7596531530916,-69.77063094402382,399.677004523306,146.32060166755875,455.64555001906103,-250.84743960834555,280.1209286179995,407.1218387346446,258.5911832179555,411.40504784911633,399.04242625979145,59.555660448888894,423.75864073970826,-215.2631662169411,38.01643304459325,184.44247967458656,118.26539593087931,457.5347437450787,412.2477669180288,218.66939317928285,-22.492578895492688,499.99744691093684,499.5118488359853,-124.61310443213328,112.13718697293143,-98.22006268669452,152.4199843052229,42.51583315205574,-2.3195026684849993,15.186304605004933,-58.399550983332915,1.2362058778081353,89.08404564128669,0.18175528315885256,130.21387489915116,467.42757380447637,-129.76072636117672,20.283517954431048,308.6630964656844,-73.96490201144914,-164.31357998458273,-34.849530378975956,42.706189339803075,464.0553554388985,37.52638598467368,476.0971372644699,453.8998111898688,103.93647987155072,49.20501388942851,36.80819909458582,122.08770544621918,-175.91467104557304,109.69364263275035,87.31593598161635,58.84447916225418,71.19947746964127,-14.646893541558603,-217.54351082637385,249.9392506137155,-75.42233407195883,41.74787916991008,-31.213106613517784,499.9925104290283,499.9999989698505,30.704478174437902,-114.26156426817576,-224.15292010951498,-43.19516673482691,189.2821779230966,116.75534096363208,188.9320551452241,277.3719332952414,119.14325889893433,-163.4077736943467,108.11783365555175,-158.26585209978722,379.2723958278232,317.7493421285308,34.507811093995315,-445.73193756314373,-162.66821746229803,-81.5101753906839,362.2313982224546,-495.97319720909036,-474.2916355841629,36.80694519081418,101.57004220755499,266.88302477069374,-45.44963571930299,-119.00744958568593,-85.41932158615543,90.92096794698861,430.7755181881852,10.067536754295238,24.938502935709558,249.25467902313488,-192.0085201190087,-50.50403684620204,-48.315970634878184,-113.40509990990947,9.022329979248044,409.8828318636283,360.78596558752065,-43.696765500324936,-13.558424324329827,-64.68229866142138,-6.72088790522864,293.0799100604121,354.37770481273947,289.90378274165954,83.26065658892807,-19.6017235861639,499.9999999996238,-293.58040115689096,-7.047671553616106,88.85876379769408,-92.03854522952429,16.82879753517302,455.3260834290923,341.31009120118836,-73.44764178670096,-62.3481983981437,-56.39743092428023,96.97504180726969,20.647317687193873,397.7583977994381,-44.05044603590117,19.72405938734354,264.25529471652385,165.58438643624524,8.144995212417035,7.676650786350863,377.52723061202653,122.3679999334458,-106.5051525096306,74.66066639626818,-135.4777512582783,341.017849260003,-242.31689297144902,25.059216759262007,-332.2023365394695,96.26012473049188,-278.4300883563029,-424.73326487956473,96.66546669554494,-239.5624668401321,-293.5804016006941,-133.81095093540856,0.2224459953921603,209.8915496703427,-328.37997738496193,355.21288870280097,-497.26382414356794,-498.7541459557469,-0.39952190263738985,207.64998920306363,-255.81650682406772,309.4417292569927,-299.6271510851354,-499.9998701259847,-12.08785271183586,-44.87449597211618,35.94843775291303,-494.18190740621156,-157.61028865266567,-56.27026753562447
26,-123.25528905431297,-499.999999414887,499.8290322279132,499.9999999999994,337.03511308511804,-180.38112637543952,468.80290643820166,420.63368563196855,244.09331689337955,118.31406875841955,133.27042145554168,-73.36603382379582,190.20122142490166,-78.94471951158403,374.40423783222064,350.3070383424029,255.60067849766972,499.99991347821435,426.05264190812585,499.9999999998606,372.193385946014,499.99999999133115,120.95403283037419,165.299973369258,-272.21216810532457,-104.97927410935861,199.95888998346365,68.90528935852092,-41.01937025342264,-179.17074970292404,-6.38009460943032,-87.12161302948755,-104.58588262571027,-499.8869146643786,246.89724218006555,19.976813450083974,-233.52959054456605,-230.19624637519348,44.11417871618323,-13.639314765736845,-109.1990532220762,459.32687012535087,-273.6105495670025,-341.7533119540677,-424.7008958788099,-151.44464736782925,5.16953815817449,-1.3798652486090042,58.54197642796576,-16.17215682140049,447.9734893086124,-141.94648296132704,178.47250930722382,-201.0533828517467,-224.12380098166136,14.780585847612516,157.89678277879636,-180.4145331385044,-11.6705284692695,484.4301668825088,-467.843553603013,-169.1639972554429,-431.8710112516198,-356.5970131498448,-262.39851752260336,482.3145161676684,-60.75292924544978,-137.35134012944013,281.390428306843,-224.69642040250017,317.208721658046,287.21928516805747,499.94189429117176,-290.81789093789484,424.11131841219884,-218.97471306538347,336.1124290547957,491.38161604801655,40.401167404048515,-31.19425407119165,82.69225274457511,281.70355567617605,128.44388516087056,-303.83413758603376,-118.2883616441926,-215.28814771962323,235.47181675249294,397.47416591603053,-230.03459416561597,-210.53058745286108,-90.21909218485852,-48.59048834949225,-162.89462877867433,-131.1772469486761,-46.02193811745609,-424.67558200666014,-93.1736988544645,398.31561853910307,-107.49126565155397,172.50235525799005,497.38091315747783,-330.6366352982652,423.5201436077033,128.5639999781054,88.9565010672423,-83.37211461998601,38.934317262334964,-484.92009741336466,-159.38289269059285,-233.23724744208698,318.6032692930224,-81.07752411938576,-33.96361951553053,494.17395466863616,-69.4790527813013,401.7852912317648,148.01725297681642,456.19381686415653,-251.4193110398314,282.78170207161503,409.4978939198627,264.83403966336164,413.52572879973826,399.3989934798442,58.336652152723765,422.83610904983226,-216.20384994967344,37.41893574909102,185.2169248238824,114.48780220214478,459.2261319292826,411.1625152728893,220.0298033004231,-22.141088571137697,499.99614883198575,499.54762775291323,-124.08565985221732,114.1521329830145,-95.18177723363209,151.8244197967432,42.23003183272561,-2.332726200709055,17.608650525728084,-58.26998468291006,2.027009432239895,92.61417622948827,0.342623101518732,129.89129336359503,469.92866804417184,-130.17597993006663,23.39948808391262,309.41351500709385,-66.62840618632032,-165.83235885154295,-34.673970235524905,41.94905894528657,464.99926599744805,36.77539515678411,477.41489257965276,456.37556346795077,103.52923061020006,50.61739679742547,36.489078418796396,121.30184388182688,-173.77509433686103,111.91026742184424,87.17336459729945,61.291995200747984,70.89038570789526,-14.698883572003437,-215.48460686826996,251.82987679803503,-67.91408078753524,43.261612996534815,-32.20523604951309,499.9920224571183,499.99999922381545,32.97041567397803,-114.91834827149029,-221.00458894721638,-48.94536364895018,189.3601262952728,118.1951233455924,189.989061564716,280.5081248900649,119.80854802725419,-159.29784505823838,104.58835680067777,-154.42210397141426,381.57913111885466,319.40369455022403,35.49817767699319,-446.92960045795854,-159.08435117048575,-80.46675193618125,363.9445288007044,-496.1021729134063,-475.7221539467429,32.954940835763495,103.68854285981476,266.3755370538317,-45.27228719263196,-116.31072921824979,-82.01719874751508,92.32319094863476,432.1037500534506,7.9313467209384445,26.502471818913687,249.25082300735994,-195.02064136804034,-46.0588429881686,-47.466378777356766,-111.7569544283882,10.255896911872563,411.77741496810944,360.24329076462527,-43.68959137919685,-12.21149148476533,-62.17385649534406,-6.732052440117405,295.3529677375582,354.9815808067422,291.78487993838127,78.30719812240538,-19.802954275117504,499.9999999996496,-278.99076958199913,-6.899901079977605,90.51013616417161,-89.72122017610049,17.152884921430605,457.1963710231508,341.9337068343168,-73.87116899977558,-60.20947244790407,-54.05259886333043,98.07549527698953,21.53999108372738,399.1161709239408,-44.05323160326508,19.501389885585816,262.11999889927216,165.32299784327262,6.773138830726109,8.82916725036606,376.3165177971324,120.70749860242272,-108.21623620965754,75.32638055899602,-134.85826655503217,339.8267286589317,-250.7549205867751,25.46692824824663,-332.02753315338146,95.63926535023991,-280.7624067941719,-426.05455636428945,96.19337770986694,-240.74283566646255,-278.99077001835036,-144.60366249146728,-2.3181819233613474,212.90561695680745,-330.02013217210464,358.0937979653978,-497.3552193742979,-498.92687442289986,-1.1157045958782659,201.23771217266383,-255.34711426073008,301.10052733508155,-300.10807374885064,-499.9998804247163,-12.209572851844287,-45.59322047843496,43.33538109431927,-494.3189482990852,-161.23139901423596,-60.865525696075174
27,-115.6022787929968,-499.9999996004538,499.8497368740223,499.99999999999943,341.56131599783583,-169.6932084186805,468.29181684678633,419.04991106830755,244.1801370743984,117.6309890162148,132.46450177511244,-75.85640770765274,191.0803569521343,-80.02192063805126,377.1036181828714,347.1102585384134,253.64033586650936,499.9999066541509,423.78211089131844,499.99999999973846,369.80739707331173,499.99999999566955,119.91198110820613,166.75679550714375,-278.1258169335423,-107.50134912154395,201.0931600309103,67.24778749912674,-41.876117377861355,-182.2816138213665,-6.08455896753464,-87.16282553618183,-105.44591088105109,-499.89136046441433,249.19401651644665,20.003254875282845,-228.74532969061403,-229.56206805219176,43.1054885763267,-13.04289263424132,-110.23757835280963,460.00224778655473,-274.4541907341197,-342.59607779473555,-424.53367121107624,-152.39786820679342,5.508875981612673,-1.113289666158106,59.26450184942841,-15.866315798340407,450.32985376572645,-143.12134132035607,178.4476028392915,-201.7693321758066,-225.05791888613984,15.87452902861942,159.7553679146897,-182.5040377518352,-12.338606023706655,484.9915594602622,-468.30443847143505,-170.5016530583507,-432.9665031645209,-358.1926868739348,-262.99393558951635,483.0388611376319,-61.334843267673264,-138.4327129037849,284.8715885147525,-226.03467744785095,319.33977071982025,272.87318908375465,499.94777011647767,-292.6164470052774,425.14038154018294,-220.0527160389775,336.9082791041729,491.7978600952358,41.44087645279548,-31.452877785678673,80.65837070991452,283.9994605060156,129.67879699192096,-302.67488767172927,-118.82962694047143,-215.78584047266438,229.0092431850426,397.6304971575524,-232.25554132314952,-211.48761047116685,-90.64961303075111,-48.5533892901852,-163.7214104963077,-131.83983635844598,-45.980975170347854,-428.4002715537472,-90.30060137963872,400.4944453483049,-107.7632720982443,173.2407518141451,497.53522891553087,-332.40472983500786,424.0633848219484,128.5578855151468,90.15966437799136,-80.48681412286959,40.27932963724539,-485.1592845134541,-159.7785983789076,-234.3831592593775,319.9243401569541,-83.7594675722165,-33.87782653278367,494.5620712967964,-69.15175858973701,403.79785246498324,149.78311301302574,456.74674040603946,-251.79715830305759,285.3774339268805,411.773961187659,271.11319092764404,415.552496580932,399.6032980268066,57.30618534023627,421.85231265678846,-217.10170749620107,37.05649270869153,185.94847421609552,110.69305234255802,460.8221442665804,409.9831084061788,221.3444048559864,-21.781545058868048,499.9942970410964,499.5796118754795,-123.27826224374947,116.12612005898323,-91.62200578326224,151.52550847972753,42.18034595502066,-2.2782643660843958,20.11467495838569,-58.1002450828345,2.9196289340289425,96.22202220917872,0.5626610779816683,129.7117870706526,472.1932684291288,-130.4486405099753,26.95577275432538,309.8337232138494,-58.004104516660384,-167.21117055964865,-34.44462846570831,41.36913381007274,465.8635858747357,35.927857172554454,478.630584642508,458.661110673489,103.22985216385167,52.049971853772654,36.295945875238026,120.61306417133291,-171.0107127001653,114.20493350935027,87.11772456352928,63.78495342326729,70.64721993249542,-14.73394643283777,-212.81948648082374,253.59643029077174,-59.09565224799595,44.84031576186923,-33.12664249692251,499.99128905116766,499.99999940089776,35.1296207566143,-115.27060365865422,-216.99181195882394,-53.59449627703184,189.46623825115603,119.58008254538221,191.05282265385208,283.4269628578987,120.39728445110892,-154.33083621152863,102.02975810834204,-149.60217932039342,383.68083236850515,321.03360076059613,36.452872580267616,-448.01975612188517,-154.7204259405087,-79.33936042814268,365.6101190685989,-496.220470923569,-477.00043535818264,30.372108115152027,105.67573818627447,265.89256628896857,-45.17205428728857,-112.99950796341298,-77.92973582141106,93.75324808456084,433.37965579440686,6.562565287979094,28.053172735919393,250.15608614755203,-197.8549380885459,-41.75907028208943,-46.505007046943305,-109.71272250971924,11.553359145878465,413.6261250330489,359.58149579580623,-43.67532286697383,-10.615364584160119,-59.155458203420146,-6.893787975351717,297.44914532288817,355.53457557557067,293.4706708667661,73.78678737073726,-20.146941385604645,499.9999999996813,-264.68639993126214,-6.770851689812275,92.19770703938387,-86.82522745717155,17.335505398540427,458.91227823130043,342.4987903669823,-74.52678190958149,-57.50489925416645,-51.11710178551435,99.05256956167743,22.461524953275823,400.3882888366444,-44.15692008476532,19.076862911748336,259.871289480787,165.12384600881296,5.602169486225356,9.983285214304278,374.77829971281113,119.2034797204157,-110.02408705600931,75.97232433673018,-133.73272260170847,338.4209764762894,-258.630712883087,25.828928220915273,-331.7036878938044,95.13589692152718,-282.9382321981232,-427.28946704701565,95.82437935623761,-241.85865775738588,-264.68640035791327,-156.36791448090847,-4.8656394871816016,215.8565740715841,-331.50236785171825,360.8702902172596,-497.4466109277182,-499.0678507761573,-1.7783211315783258,195.05099730918357,-254.90532753479394,292.76885043620297,-300.17618339883956,-499.99988950567086,-12.302164096550337,-46.35655343080079,50.58809044099688,-494.449818757224,-164.42709510469916,-65.83073446251235
28,-108.39056500340021,-499.9999997220482,499.86740654587015,499.99999999999943,345.787714674452,-159.53309663004035,467.74058799464524,417.3714415911952,244.14008128296302,116.84597839451045,131.5644038620711,-78.24450004682338,191.88289925581893,-80.97248851036943,379.6572192143212,343.80494071816094,251.4138472950237,499.9998992164344,421.43207880503167,499.99999999952234,367.3751876311479,499.99999999778197,118.77932774750204,168.15742908897903,-283.7215334662436,-109.9405892287564,202.25643066126744,65.66988156919169,-42.66447062858433,-185.18365899524102,-5.801555510591125,-87.11918461224683,-106.22104318083936,-499.89544034191243,251.42527969682044,19.97371097526034,-223.05263635353032,-228.90282999941547,42.115337527654916,-12.467556534278282,-111.23531511976822,460.6639216575865,-275.20516286106573,-343.4285150193106,-424.13174993413696,-153.29285629829337,5.865671007317922,-0.8451273358400111,59.970943388176714,-15.588417951481459,452.53378909464345,-144.23663953931742,178.4111395011034,-202.36311452540698,-225.89986046923934,16.992181692990474,161.56195735407027,-184.50579431243722,-12.974196504829836,485.5097695895864,-468.7376761536494,-171.76804441511055,-433.98831534216555,-359.5464027778196,-263.52023927127294,483.7051692060524,-61.8948763969529,-139.48772907500225,288.2475223854413,-227.29648757007774,321.40378656006635,258.09430020968824,499.95289362042286,-294.34070523086257,426.0871333295885,-221.1069381598715,337.5999217067669,492.18492537007893,42.47593572058126,-31.60613046144495,78.57917086775981,286.229084024482,130.8609577223244,-301.1008255219174,-119.190233082048,-216.21322136930135,222.46830130106673,397.6837790711699,-234.37828954814748,-212.40956803276396,-91.06916862910022,-48.49401238533378,-164.36829052222322,-132.3511245807103,-45.8294967228696,-431.7428054062939,-86.98237473397221,402.64954238628417,-107.9952698721407,174.0850639720783,497.676377804213,-334.11118907227984,424.3981273515896,128.7514702671259,91.36411579681213,-77.10070528268308,41.6783761575633,-485.3319514314051,-160.11065893212387,-235.51153874542442,321.2523080201342,-86.3101465307744,-33.763047530666725,494.9210936123175,-68.79918740919432,405.71560162868076,151.6001155181956,457.3010594013009,-252.03300996781957,287.9062792500442,413.953822031541,277.30715648371563,417.48865859589824,399.6516156048427,56.43945632344608,420.79800311950464,-217.95984124529983,36.894346203002314,186.62975324768578,106.87492148275571,462.3277696514798,408.6992418295439,222.60793452024416,-21.41641178710459,499.99170799179245,499.6082438016513,-122.21871182095434,118.0580597613402,-87.59380659744545,151.4853681503181,42.333729870290256,-2.2044803847483854,22.666715405219485,-57.94445615575933,3.863296235406665,99.86851817698465,0.7921669906729701,129.6596807107153,474.2433826243667,-130.5921551890716,30.89658336220615,309.8891333243509,-48.18741826256385,-168.4800764138851,-34.1798794597712,40.93702312469953,466.6501728184478,34.96295874632597,479.74889587426816,460.7652227923683,103.03391438535739,53.48454345995235,36.20640027776578,120.01695011193395,-167.67071225386198,116.55125949462578,87.14004874317398,66.2918628673108,70.46361975313401,-14.763464772786481,-209.59496958982578,255.21955336175762,-49.06398519110956,46.456681117452106,-33.98859022186271,499.9903720892527,499.9999995293625,37.173303700283554,-115.34640116009369,-212.1719775077889,-57.23601611555953,189.59721414718092,120.8898957126346,192.11258021762384,286.1057636885585,120.89169163253618,-148.56631746277463,100.39512926692899,-143.8773561535709,385.56205267745503,322.6295526370271,37.35088097238487,-449.02197541186615,-149.63911095519498,-78.1536422245387,367.23147114347876,-496.32996637656544,-478.1498538049956,28.86179994334951,107.50929602369754,265.4404808134517,-45.16369385847504,-109.13405044296705,-73.22140438795715,95.18853130738678,434.61208087893147,5.9385143157370734,29.56520320565191,251.84350621964384,-200.5233105385425,-37.60851491115108,-45.460669831507964,-107.32330104669042,12.887949437995967,415.4288224353304,358.8242767126664,-43.668417688130376,-8.807412064176045,-55.681129141325535,-7.214569465271582,299.3733209399822,356.0548413681414,294.9705573460388,69.68209333576083,-20.640439351706487,499.9999999997178,-250.73545910768502,-6.68891253416512,93.90009952857199,-83.40969621283631,17.36418833414249,460.4710532402823,342.9969000208722,-75.41885844391642,-54.292370232233765,-47.64616478899755,99.88784395803143,23.393592823053755,401.5711401569597,-44.37137935718901,18.45934434201144,257.52883152242737,164.97908178474947,4.6141362194512725,11.112501597849995,372.92604539016094,117.84824037339935,-111.92709728825537,76.59502938184397,-132.1371217186835,336.8227863133996,-265.9707456014511,26.125199454494894,-331.2472695893883,94.73307623610556,-284.97984572362617,-428.44069574941,95.56241584696797,-242.9266578591587,-250.73545952277644,-168.9578832124471,-7.42868830670408,218.73625786764472,-332.840313232375,363.5429829712593,-497.5385282290349,-499.18386554959966,-2.397136295553224,189.1232140103048,-254.5329288483596,284.54324963114067,-299.8755373519996,-499.99989754291346,-12.403450858325986,-47.20163122349928,57.713660773546074,-494.5765395278139,-167.2373937808764,-71.18165569216714
29,-101.60077208709573,-499.9999998031959,499.88252836372794,499.99999999999943,349.7296094263447,-149.89335209494573,467.1463811401074,415.5920932580319,243.96579957844975,115.94656005324066,130.56246217717327,-80.55596402746488,192.59931909463918,-81.81792565544418,382.07110569444865,340.38066064707226,248.91649632316916,499.9998911985057,418.99471592013964,499.99999999914866,364.8888391903176,499.999999998835,117.55369647407394,169.49451547723945,-289.02463577815615,-112.31342496825164,203.43192888266654,64.16938210822505,-43.395896358747386,-187.8951714385353,-5.539721643392213,-87.00294619059373,-106.92223024185093,-499.8991915170777,253.59071094800845,19.87844777300231,-216.51997762007093,-228.2260112011822,41.130299316638805,-11.923461079536894,-112.19730228222684,461.3098066586989,-275.8736250382112,-344.2567461931008,-423.5118831288793,-154.13426170113584,6.2252148494108726,-0.5841041019261376,60.66149079743587,-15.355578694935305,454.5959366655951,-145.29508546066185,178.3543466174833,-202.84816341490153,-226.6584972118397,18.11933067045918,163.31703697996207,-186.44046699141393,-13.584368049663796,485.98771878288125,-469.1458118916929,-172.96673198865383,-434.94278870380583,-360.68390607527135,-263.99179967162195,484.31532293331577,-62.4376462627148,-140.51856739412213,291.52084628572004,-228.49188597981762,323.39910772956415,243.0942118110003,499.9573731573104,-295.99624681058737,426.9445743522199,-222.13902122434408,338.1786691187606,492.5446588071878,43.49916110589185,-31.670535777023368,76.43344766870372,288.3941350721641,131.98656663947452,-299.15599688229906,-119.38982240489929,-216.57847753479163,215.93467974489394,397.62739828486235,-236.40125437956746,-213.29914896802725,-91.51361764720835,-48.48201260852224,-164.85424570895623,-132.73148415625124,-45.58649818441549,-434.7432666107236,-83.28202888442426,404.7676074941006,-108.18983486853882,175.01450810446923,497.80549295653907,-335.7678883228912,424.5244202901372,129.11552793939106,92.56601093033174,-73.27777566419624,43.11265032922804,-485.4485102624629,-160.38672402961507,-236.622242810039,322.5824385388729,-88.70926349353581,-33.62469476418144,495.2494706612105,-68.42918774255462,407.53800556334136,153.44622750491752,457.8531774382469,-252.169175604561,290.3633616256173,416.0412455442513,283.2642156409361,419.3359560621774,399.5412830440044,55.70840740358668,419.6673755351274,-218.78093254933003,36.895827971690075,187.25258712058886,103.0313148110402,463.7473967967526,407.30551964708076,223.81404019002068,-21.04758773246169,499.9881597897065,499.633919052781,-120.9415087548121,119.94728940261516,-83.15644414229135,151.66122977700076,42.65789618053856,-2.164729016505943,25.239462263507036,-57.83685686827531,4.819423973606471,103.52901455448088,0.9772505242121629,129.71226282600932,476.09939765127393,-130.62442972878455,35.16374517679944,309.5724003854212,-37.310378641849645,-169.66532843023865,-33.89824928838556,40.6245487072718,467.36162689813176,33.863494243561476,480.7731019908782,462.6990738923026,102.95004217585115,54.91501920567533,36.19762136895843,119.50292643770705,-163.81416021458136,118.92906178905375,87.21993248375047,68.7945744589345,70.3270945444361,-14.793509517574952,-205.86876048823254,256.7009843912654,-37.95283711332778,48.095812219045264,-34.829733698077284,499.9893096901599,499.9999996254424,39.108132833392126,-115.17657898992243,-206.61460177855466,-60.149132807047934,189.73684366201562,122.11911964103696,193.12406137893313,288.52414161086307,121.29108441895269,-142.08206632651397,99.43008437754811,-137.33732947966342,387.21676177402026,324.14940997671624,38.18500315616557,-449.9497913250406,-143.9165151716179,-76.92574397952579,368.80029843429907,-496.4318091595764,-479.18918184366083,28.03836553487955,109.17931410579894,265.00512291683685,-45.24732053285432,-104.78069259879386,-67.96776236087003,96.6168206570539,435.8048936815174,5.852561767014364,31.02556063865507,253.98617534687983,-203.0545817567943,-33.61718410413909,-44.353765073667574,-104.64270656597056,14.242095304027915,417.1752586992067,357.9930579172232,-43.67325221378638,-6.8218975808167714,-51.811759616689734,-7.686528224479044,301.16216932399027,356.5557373120527,296.3244638240409,65.9686907275517,-21.275543878695693,499.99999999975734,-237.19350768785145,-6.644465379229519,95.60349551353393,-79.54173625987401,17.243187970597617,461.86825209322524,343.41323317451804,-76.5313778197049,-50.63491405870721,-43.70709436458272,100.58069311292262,24.327090458867907,402.65740741349646,-44.6916835690326,17.675520958296705,255.10779999865073,164.8719061063213,3.785411634275849,12.206466951865583,370.7720506050874,116.62295335939,-113.91145896412058,77.20505170224655,-130.10335026219062,335.0501590385444,-272.7814552837682,26.349730465938173,-330.67247077165854,94.40663668781076,-286.90967164111436,-429.5140943843198,95.39726761138402,-243.95965448420137,-237.193508089886,-182.1564846968994,-10.003669910985842,221.53512862168301,-334.0506849531332,366.1110552940817,-497.6301847982273,-499.28007949120496,-2.9760495969449594,183.45370332051155,-254.2270921287665,276.465538165399,-299.24602048367643,-499.99990468185445,-12.526650178164799,-48.12434974886347,64.69957487470458,-494.69949460184574,-169.7030713456864,-76.87751922119658
30,-95.21323805052761,-499.99999985830163,499.8955067680832,499.9999999999994,353.40497383252534,-140.76290958321792,466.5081670377601,413.7107682491137,243.65602654579152,114.92734672075706,129.45565615758485,-82.80861952739548,193.22320067278213,-82.57695890697248,384.3523263271821,336.83595202284573,246.15201465787854,499.99988264895416,416.46739122740934,499.99999999851684,362.34714794397985,499.9999999993724,116.23794367272082,170.76429206933426,-294.0543692272326,-114.630339408905,204.60676568054805,62.74529746430231,-44.08048368469349,-190.4329189491243,-5.30462105725741,-86.8256417633458,-107.5584654890637,-499.90264669534974,255.69129448334587,19.71355239563843,-209.2345354639496,-227.5377146832363,40.141727608834586,-11.417960691047519,-113.1275178908389,461.9379710194769,-276.4696551787109,-345.0852688998655,-422.6932817661371,-154.92542412150507,6.577389418167211,-0.33594538807133034,61.336342116838225,-15.177898887144359,456.52629366757714,-146.29857046304863,178.27113172236213,-203.23793036341112,-227.34256541441715,19.241977024561503,165.0211325169393,-188.3247233533279,-14.175060846763632,486.42829951817293,-469.53117484421347,-174.10068500625238,-435.83584316328347,-361.6323689661156,-264.41995278642946,484.8702186467984,-62.966623348396254,-141.52609747429662,294.69417654084543,-229.62959687623146,325.3227274933506,228.07756366676688,499.961299924417,-297.5876524475379,427.7035405906886,-223.14894390291036,338.63728630317723,492.87895252298,44.5017493459633,-31.662072285669336,74.2020894272093,290.4962973266727,133.05203764360732,-296.89294874700573,-119.44907415519243,-216.88979209477765,209.48459707654575,397.4600867637049,-238.3230605046733,-214.1581872921823,-92.00156310657856,-48.55446763126457,-165.19914698146124,-133.00226339112078,-45.27061543924177,-437.43850562903157,-79.2674127107589,406.8386456727909,-108.34940000838749,176.0103034721789,497.9235452848036,-337.38276481834316,424.44676622071665,129.61915465014798,93.76215694383035,-69.08943398205184,44.564916235178366,-485.51841102995604,-160.61505045162502,-237.71340090667385,323.91094305340374,-90.94385258619917,-33.469615443193426,495.5475217093063,-68.04865212087739,409.2632896782042,155.2979479417911,458.39953987577195,-252.24036092194595,292.7418443377566,418.04001599698876,288.82220186873934,421.0949928878713,399.2725942846288,55.084104860265576,418.45749201777045,-219.5672209417142,37.025308868690814,187.80777566736313,99.16674625323226,465.0852083037239,405.8008796904151,224.95495495035163,-20.67672949369232,499.9833931322213,499.6570008833222,-119.4859501347243,121.79312287464946,-78.37597744210322,152.0079092028526,43.11823985386152,-2.1990372289984266,27.810545442916347,-57.79710170090106,5.759313786757925,107.18506960908783,1.0764352980275367,129.83672650742878,477.78054157987475,-130.56513865026227,39.695080045805426,308.89634953140103,-25.539262091864213,-170.78889161874542,-33.61665786355934,40.4059891555765,468.0012889916512,32.61704305128064,481.70520868643393,464.4761214479615,102.98635635076896,56.33882489240341,36.24727275960491,119.05641570657758,-159.51077046857552,121.31758922969398,87.33056478116598,71.27910991039802,70.21347210596936,-14.830590493326818,-201.7102921674662,258.05093831988165,-25.93078025291165,49.745090246043816,-35.79607793691121,499.9881271380908,499.99999969897095,40.94517981298557,-114.79461150050236,-200.40298847174535,-62.64494226259039,189.82724113930468,123.26704442722877,193.90416431530005,290.59345053923613,121.6004309344986,-134.9741311360297,98.83545803319197,-130.0900194864322,388.6170493825828,325.4146090294102,38.951984209997306,-450.8133145068896,-137.6427632227988,-75.67128991677463,370.2789880483593,-496.52672719061167,-480.1333538150201,27.507735622371893,110.65752423183233,264.5076743667168,-45.418434359998336,-100.01344893453849,-62.25728699212685,98.02769008799969,436.9549086781854,6.019053740020394,32.42358360771981,256.2017486800214,-205.48281115315027,-29.786885193510358,-43.20584378129335,-101.72972678590222,15.599509860279664,418.85352553734293,357.1036728926485,-43.69299405594038,-4.695096446010557,-47.617671037532595,-8.296910389365872,302.8512181309661,357.04353144098457,297.57153410614836,62.617715026835164,-22.04036499022639,499.9999999997977,-224.10421816718923,-6.616365857366852,97.29384037992357,-75.29755818238003,16.982035803288234,463.0982120114829,343.7263554393902,-77.84094929040512,-46.60414376708968,-39.381028743794815,101.1357741212944,25.25334122505492,403.63540414635696,-45.10890826643821,16.753729239418227,252.61243222102635,164.7671708238556,3.0925190879276654,13.260659510462602,368.3209545157886,115.49746379674649,-115.96103962408489,77.81443234548806,-127.66869662512828,333.1097641335721,-279.0591205941908,26.501088251004003,-329.99427329558273,94.12385793237418,-288.74544187087264,-430.51681411316457,95.3100721854907,-244.9645319049166,-224.1042185550078,-195.72788807083208,-12.58255297139494,224.24590283214079,-335.1506086901384,368.57405730672167,-497.72030300396847,-499.3604462441367,-3.518085913546474,178.02586027384922,-253.96666473072986,268.5596149145605,-298.3219967312118,-499.99991104451766,-12.670244450440704,-49.10001285068362,71.52746633245579,-494.8182796981126,-171.8602048924985,-82.84890679563166
31,-89.20827934117389,-499.99999989634625,499.90667863062714,499.9999999999994,356.83365672984985,-132.12786690809133,465.8266013147482,411.73050512641873,243.21587110491052,113.78641882509199,128.24485257109464,-85.01818007515136,193.75164664987835,-83.27004395397334,386.5086048573608,333.17611901394713,243.1320920200218,499.9998736355032,413.8518630414393,499.99999999747007,359.7547156820908,499.9999999996533,114.83862478163387,171.9664901384102,-298.82698976308734,-116.89790661403279,205.76909202267183,61.397580438433835,-44.727294253158504,-192.81209636181504,-5.098827835902502,-86.59807151082586,-108.13774713107182,-499.90583469652506,257.7292587273459,19.480706297426053,-201.29615096758107,-226.84277353897846,39.14539404920678,-10.955476177462375,-114.02898076199402,462.5466331862824,-277.0030363315913,-345.91714315784316,-421.6975329467469,-155.6687844731198,6.915817035614539,-0.11045688642872696,61.99570191486136,-15.059812786962627,458.33422275608916,-147.2481029077554,178.15864036682663,-203.54589888327473,-227.96060472704028,20.334266610037783,166.67481823363696,-190.16956532923837,-14.751372845690923,486.83435618816446,-469.8958506097167,-175.1722812577465,-436.67302337951327,-362.4192816301763,-264.8133214781291,485.36947333242847,-63.484799601786506,-142.5102523487434,297.77012164240847,-230.71699017929694,327.17034787115904,213.20714404725624,499.9647513853991,-299.11881141475845,428.35110614902334,-224.13564161516925,338.967876211656,493.1897484050919,45.4734100398215,-31.59764780297955,71.86543265036678,292.53722784554435,134.05375173287834,-294.3683224462202,-119.38961729877109,-217.1551654115144,203.1746764958906,397.18422223764765,-240.14403781215944,-214.9878049446976,-92.52935488667886,-48.70759487345102,-165.4237535469583,-133.18741820540527,-44.89992530580776,-439.8632447652364,-75.00832405527018,408.85561462285347,-108.47626347439463,177.05607594598717,498.03135494760994,-338.96069289954045,424.17338316678695,130.23035435560192,94.94995629268979,-64.61098327162935,46.01955691793764,-485.5497992692447,-160.8046904330028,-238.78250667307478,325.2353195533464,-93.01308902668494,-33.308168080455005,495.81713851760526,-67.6652937608723,410.88815421071604,157.13138560399426,458.93642350999966,-252.2748833887039,295.0331884424094,419.9539273303357,293.817712934583,422.7653913941633,398.84928125412296,54.52579098550402,417.1660468893813,-220.3206050003328,37.2463349392483,188.28429605181924,95.2913046769085,466.3453305042691,404.18668215885265,226.02059169338008,-20.305592329676706,499.9771169510918,499.6778233402941,-117.8935161671174,123.59442730264114,-73.3242311817478,152.47078608753787,43.67173894905393,-2.3236348592489233,30.35149638707597,-57.83527829831037,6.661522644477461,110.8170611230111,1.0692425280073796,129.9680890053763,479.30486126681967,-130.43618657340906,44.42445308028358,307.8857817171024,-13.060209428037972,-171.8683252887171,-33.35029208113826,40.25541073280227,468.5727796246809,31.214845404166066,482.54557016382074,466.1106391361198,103.14109645328281,57.74876589927371,36.330088332824985,118.65031667243824,-154.8373946215609,123.68788464178084,87.43257610536524,73.7272279311873,70.05770662512833,-14.8922675694529,-197.1984501201032,259.2799375922221,-13.186198205110829,51.3873032189279,-37.43709658719901,499.98684525058155,499.99999975623,42.68957133018591,-114.23600291969716,-193.62965742241198,-64.9327493768733,189.65141695306752,124.32999496882223,193.74114501145246,291.9349858152435,121.82081979146179,-127.3506306874399,98.40516893925931,-122.25384622213512,389.6174065332888,325.7186940617072,39.64451532415683,-451.6210193748897,-130.91637329858796,-74.40994199615156,371.52187663796474,-496.61527196065947,-480.9944775850383,27.00907576446655,111.81729739206537,263.6269360562565,-45.67576918370666,-94.9112329069121,-56.18670183196844,99.40638609994114,438.0388661496361,6.1849361184045355,33.74383485717546,258.1736944065792,-207.8427859487109,-26.10985176090566,-42.05411248103719,-98.64648397678118,16.939313531338502,420.44918276905526,356.1572334153093,-43.736422664462424,-2.4682743014371034,-43.175176351237475,-9.036783885397991,304.45936691250677,357.5128864613645,298.7343820630509,59.597217987000235,-22.92619660866734,499.99999999983663,-211.50034396768538,-6.5941728057142255,98.94919175287046,-70.75910374654886,16.58753523367541,464.15547802750456,343.9043782248875,-79.32532721921979,-42.277462234977435,-34.75734657439229,101.55327384404089,26.15729608986162,404.48625300825256,-45.61940714684085,15.714444767778048,250.0240838258204,164.56803428505356,2.5126182497417573,14.267569884260869,365.5642782241409,114.40978154374,-118.06503975646805,78.4277584449466,-124.87856576649814,330.98419634454837,-284.7982264520128,26.57461119431877,-329.2300551607836,93.82429392325405,-290.4970992772206,-431.45721476277896,95.2659940894247,-245.9426245116635,-211.50034434046165,-209.45249692621115,-15.15844589942954,226.86636599814852,-336.15656091576824,370.9334194156441,-497.8076564238219,-499.42801707444687,-4.030136313195828,172.80106770118405,-253.72879712820207,260.84159362330917,-297.13397345717084,-499.999916733749,-12.829437430923159,-50.10258524455816,78.18061802105859,-494.9323356100845,-173.73812883774474,-89.02065508363886
32,-83.56639678887558,-499.99999992302764,499.91632423662344,499.9999999999993,360.03635873670714,-123.97216182478849,465.10355988850586,409.65606082916594,242.65512914135655,112.51810787691105,126.93183461003879,-87.20994783553465,194.18412795083006,-83.93077160138907,388.5480797622115,329.4091137220351,239.87414309965405,499.9998642472787,411.1526571396945,499.9999999957689,357.11983294825046,499.9999999998038,113.36264922347314,173.10356444142258,-303.3584537895509,-119.12226674739482,206.90254241712975,60.126656765067565,-45.347487620680916,-195.04883011362742,-4.923320323294649,-86.3334042161297,-108.66949306024229,-499.90878098739995,259.70753571670485,19.18538456822722,-192.80787127238636,-226.14548615430724,38.14012557285177,-10.538641859459005,-114.90445083941312,463.1336078647479,-277.48363767586903,-346.75481991883714,-420.54731480530086,-156.36621851582134,7.235746499267451,0.06978481078092941,62.6397818319817,-15.005227614652027,460.02848617721014,-148.1437971770853,178.01669467922034,-203.78611506005282,-228.52263110154917,21.333247353982433,168.27869128941518,-191.98246523008547,-15.31863035992369,487.2085564909101,-470.2417476916707,-176.18328415211064,-437.4600059340352,-363.07120303727714,-265.1785647252391,485.8109788287907,-63.99555626260169,-143.4705965802915,300.75127532039556,-231.760214589995,328.9359593112908,198.59888434740097,499.9677932944139,-300.5934799162119,428.86806658858296,-225.09794246741745,339.15834585978587,493.4789718964094,46.40161280619696,-31.50365466898993,69.39856567933562,294.51855582651274,134.98740781634544,-291.6385456830568,-119.23523948161962,-217.38266244238895,197.04137642739468,396.8037278771782,-241.86609220859688,-215.78883789032142,-93.0778289744953,-48.90798613443779,-165.55095056773362,-133.32334157302597,-44.494229441333765,-442.0496176112105,-70.57475460621637,410.81398067473873,-108.57259676675851,178.13562172574277,498.12958605097884,-340.5050873772517,423.7150709882589,130.91422278528756,96.12727592895845,-59.920389392779455,47.459899418260065,-485.54931370358764,-160.96947411652744,-239.82749547662377,326.55359198698227,-94.93535354483205,-33.1582279661513,496.0607368060275,-67.29086913484096,412.4068760743462,158.92244170602513,459.4586821071512,-252.29253246444273,297.2259254885054,421.78670629419196,298.07549952256574,424.34547046270245,398.2779207307502,53.926120728998946,415.7874541849058,-221.04287167623653,37.511523334328636,188.66796391283393,91.41768126312515,467.5317523378606,402.46397094204747,226.99715740359395,-19.936549072627383,499.96902124175466,499.6966892245385,-116.20724233277805,125.3489700322726,-68.0736094562237,152.95783020496305,44.25056893387358,-2.5360411975914996,32.81553352041315,-57.95562605906784,7.510153396030636,114.39399062761913,0.9503660842607082,129.93262389123922,480.6887270469649,-130.26818342673172,49.28113227886721,306.56915020296793,-0.06263118987347072,-172.91727011077506,-33.11416083113754,40.13572481318326,469.0793995720389,29.648364503748944,483.2913537028875,467.6151135235106,103.39827954909265,59.12203585991427,36.40239370400922,118.18906516007728,-149.87374826679127,125.98437087681278,87.41960426145334,76.10356038398406,69.65010345553716,-15.03819140683777,-192.4209470210644,260.39640698688805,0.09015908201454066,52.994270674468325,-41.50947125775178,499.98547752326294,499.99999980140313,44.33749083602386,-113.53839121609555,-186.3885396425438,-67.11782250512866,188.46634161740883,125.29315095912911,190.2790322947563,291.2447261289534,121.94027275252799,-119.32220113780282,98.02703337921552,-113.94934282420367,389.6477092462842,322.6673959402397,40.24096937034154,-452.37981198936,-123.83691740650903,-73.16691716079316,372.0261965739953,-496.69792001204314,-481.7827049077513,26.417150833945904,112.20675738727944,261.2464902842532,-46.029170979081265,-89.55348620428416,-49.8558328451245,100.72689789569895,438.9671335686666,6.190139855845472,34.95623217657031,259.69319196262813,-210.17513275142252,-22.573854076506407,-40.98777844178491,-95.45725143404889,18.226976040316966,421.9298428018878,355.1113400883754,-43.82412401363118,-0.19342096394358668,-38.56121040347335,-9.908806046245708,305.9963150674358,357.930688853572,299.8233782971565,56.8727405296073,-23.9314062882827,499.9999999998721,-199.4048282732034,-6.591084900729154,100.52193000287774,-66.01083560023822,16.056622384235464,465.03348540085335,343.8870834568288,-80.9670917627856,-37.73213104543103,-29.92566639347955,101.8205503191971,27.00836245327443,405.17265659043903,-46.234909351109486,14.570235067934329,247.27573758322097,163.97507094093388,1.9991287779422686,15.210588703080186,362.4734005645889,113.19457297196622,-120.21936897411587,79.0428833410101,-121.78037526243033,328.6046658119879,-289.99389010288047,26.550962872498364,-328.39602792488625,93.34271330122361,-292.169623341217,-432.34861650052704,95.17713535998263,-246.89340354614285,-199.40482863037772,-223.12664125836346,-17.722298434014952,229.39987877188474,-337.0857284021629,373.1931699206313,-497.89110570895133,-499.4851613472065,-4.5255532609668645,167.67274934798743,-253.48817388472006,253.31599789765013,-295.7103641806969,-499.99992183659634,-13.004673371483193,-51.11178940582311,84.64513903870306,-495.0411427940771,-175.362639276304,-95.32139850195885
33,-78.26845311623062,-499.9999999420206,499.92467651244044,499.99999999999926,363.03383873331325,-116.27817434365623,464.34177210663745,407.49174277890495,241.98680932426828,111.10513581640328,125.51605454762954,-89.42953996722996,194.5210263186619,-84.61834794158405,390.4790944540174,325.54309962836624,236.39880570598456,499.99985459562913,408.3765220737551,499.999999993055,354.453389568743,499.99999999988626,111.81402451027758,174.18031955448913,-307.6633306031658,-121.31069462836625,207.98043877973515,58.93326956010905,-45.95777361526039,-197.16335900412292,-4.778615675721641,-86.05129558839009,-109.16610415147107,-499.9115081282602,261.62957464363865,18.83544185273504,-183.86914167135438,-225.45011242895185,37.12767478979779,-10.169450305711958,-115.75724942090143,463.69552578417836,-277.9221041618535,-347.6008805214248,-419.2648973366003,-157.0192521050661,7.532759638581746,0.16905267869215415,63.26880086031009,-15.0225727198489,461.6172898231877,-148.98478683024933,177.84701463410772,-203.97407306328225,-229.04267044762628,22.142651932054434,169.83341363600087,-193.77169560823444,-15.882882108834286,487.55327199163906,-470.5706773604865,-177.13473209617564,-438.20319477185683,-363.6136902495644,-265.520042702373,486.19042802635994,-64.50321310002009,-144.40683579670875,303.64021048110885,-232.76440816582854,330.6110172002389,184.33398954767966,499.9704813337805,-302.01560828242117,429.22631392935904,-226.03497465426258,339.18910612902033,493.74847993995877,47.270071675160416,-31.41929921037205,66.76695943129528,296.4418816229683,135.84745372101304,-288.7588441273426,-119.01416197137557,-217.58101513001944,191.1075394868443,396.32296522466925,-243.49281579614413,-216.5621235536137,-93.62371562972157,-49.112647071582956,-165.60776621705492,-133.46123435586912,-44.07666940523693,-444.02390766086,-66.03625446998959,412.7113398119039,-108.64045112575577,179.23399082815558,498.21873696850935,-342.0190224401095,423.08457771352596,131.63425688497043,97.29251960112795,-55.09664123160885,48.86652430504283,-485.52146989245045,-161.12957090632665,-240.84695498314403,327.86333330781423,-96.7483858135146,-33.04653185262892,496.2801754625931,-66.94212880144546,413.8101928283975,160.64711062524023,459.9586108643772,-252.30330671019058,299.30334772174825,423.5420152669969,301.37862472916464,425.8315511601223,397.56703926670457,53.09679420247553,414.3096758147244,-221.73580241377488,37.75601896890148,188.94016002299293,87.55880357781056,468.6481847471411,400.6313230893307,227.86570841860095,-19.573063782393476,499.95880021317635,499.71387010564285,-114.47224623280806,127.0527574082984,-62.69925630046782,153.3351839618648,44.76364057040049,-2.8308701319745135,35.130997374306766,-58.15778755746421,8.29478458040446,117.86599837658476,0.7142769296156964,129.4442818276598,481.9463392204723,-130.10804695359536,54.190097993231106,304.972539458225,13.270944543554712,-173.94638652245084,-32.9247855856184,39.99428439973194,469.5235931534203,27.905858952127563,483.93476866758056,468.9979980246029,103.72661919068453,60.41511734367371,36.397040049377274,117.52386960993499,-144.7010018335336,128.11968022372412,87.12364131491618,78.35147283440658,68.69265892746715,-15.371186163093862,-187.4783245249775,261.40604732084995,13.71649901174175,54.52501202592278,-50.07464187202878,499.98403575598627,499.9999998373984,45.87284287545568,-112.74305280206639,-178.77102751290028,-69.27457855510012,185.2348474259289,126.12550538806197,180.41081093312556,286.4649218116661,121.93053329092156,-110.99753035848755,97.62564472272778,-105.29364431018901,387.49854074769365,312.88263782520545,40.70239820149383,-453.093627972814,-116.50140063297799,-71.97015149699939,371.1093878714258,-496.7749844083903,-482.50640150365496,25.659916614879556,111.11802119267598,255.7268964625563,-46.50084595202915,-84.01899273280699,-43.36367482568598,101.94680739408179,439.5837116627502,5.926371983321763,36.014967376791084,260.59704340268286,-212.5327925372248,-19.168303456641485,-40.160307113848646,-92.22766310118656,19.413890750941093,423.2429501908299,353.8615511608475,-43.98809390057955,2.066122087501705,-33.85052711430272,-10.927631237934628,307.4759648702837,358.2262147395492,300.8471155364439,54.407287102986,-25.059109777212896,499.999999999903,-187.8320166327552,-6.645824097244196,101.93486681342291,-61.138253183919495,15.37353461160085,465.7244457944129,343.5767510209921,-82.7518021019901,-33.04326426856276,-24.97283337439671,101.90676379553587,27.75659407126798,405.6295088818301,-46.982651143382014,13.328013863324468,244.22397229562847,162.52459990610163,1.4789501006878571,16.061809098487235,358.98397722575316,111.58547982842082,-122.4255828431971,79.65191179219147,-118.4184098643114,325.8208700616846,-294.63828693002205,26.387588938543768,-327.5046161171296,92.40876325986522,-293.7670878171106,-433.21539189756436,94.86953098525657,-247.81778764258658,-187.83201697401503,-236.54900917239414,-20.256785586198443,231.85317894925282,-337.9588777445388,375.35919440837023,-497.9693269835925,-499.5337281650144,-5.0190254509457395,162.42982754171626,-253.20291051343747,245.9811274102474,-294.07544668841496,-499.99992642703023,-13.202102791489438,-52.10992712946946,90.90754461472227,-495.1439351940935,-176.75915617576788,-101.67623309637221
34,-73.29580053846922,-499.9999999557333,499.93192878222897,499.99999999999915,365.8463591906385,-109.027221083275,463.54486264268775,405.2451433752683,241.22617739526837,109.54177496802698,124.00479845699586,-91.7059001719441,194.76257795870214,-85.37510788893218,392.31003043469093,321.5905009823119,232.73068898848888,499.99984481432216,405.5324008302955,499.9999999888011,351.76830198085236,499.9999999999325,110.20236611797999,175.20396244200782,-311.7508797715993,-123.46415934777446,208.98307987554338,57.81849173859385,-46.56814904285307,-199.17202427603505,-4.663504423311147,-85.76548803068965,-109.63484614013059,-499.91403615566605,263.49950658303453,18.440115407355904,-174.56200368146202,-224.7597039707476,36.114480356278456,-9.847703921647957,-116.58941213919856,464.2297017399207,-278.32683116159905,-348.4586000171166,-417.8704674143981,-157.62729213369474,7.80506994017182,0.19966865324392483,63.88298554514499,-15.126224652583755,463.10836999453306,-149.76855954971015,177.653101980947,-204.12110325532205,-229.5327588079993,22.777914244089764,171.33974309507175,-195.54712777367894,-16.44522687921757,487.87059572156915,-470.8843919005414,-178.02651324976088,-438.90768983226485,-364.06941758894675,-265.8384613736354,486.5010221744726,-65.00763542579624,-145.3180510323703,306.43947378406835,-233.73381205908026,332.1836072462709,170.46282335998126,499.97286266350494,-303.38946359132694,429.3881480147848,-226.94618998038422,339.035453819557,494.000098449968,48.057763283413,-31.354836671335125,63.92795622082925,298.3087758407348,136.62675175939316,-285.7756489244025,-118.75006504275404,-217.7568635159538,185.38536328455203,395.74588903875076,-245.02738695203075,-217.30859166864647,-94.14523771487274,-49.27756788320088,-165.615849568801,-133.61357421139928,-43.66004508304721,-445.8043424312759,-61.43380575461703,414.5474948669483,-108.68176428606525,180.3449158807472,498.2991345918372,-343.5044085751692,422.2960833673844,132.36821460839465,98.44477616308954,-50.187999298335164,50.230458216005296,-485.46764758591723,-161.29094782330546,-241.83980464357316,329.16343647001173,-98.47439485290441,-32.984863832995565,496.4761721034967,-66.6208995800917,415.0846065555809,162.28272528264932,460.4318474661773,-252.30873625969835,301.24414410867206,425.22349330584416,303.43527958169136,427.21749220907554,396.72742938815054,52.01894511982917,412.72365109759903,-222.4011806904008,37.951492452904,189.07739855870702,83.72873351810246,469.69830443232377,398.6900154605974,228.6018532291781,-19.217169938849118,499.946191100972,499.729611044934,-112.72116586994024,128.70315910489057,-57.25677998984519,153.578630230165,45.20589054805835,-3.2075558561943733,37.26279642453766,-58.43084343624584,9.011845642501589,121.21463114309302,0.34756376593236343,128.5108941836551,483.08958049885155,-129.99348964903075,59.113197907530456,303.1299349792801,26.786573552990454,-174.96363960234285,-32.80017265068416,39.818005995128196,469.9067170146693,25.970767093100005,484.46608988230327,470.2642247786406,104.11221003779643,61.63000081462564,36.30417065581418,116.69855490507432,-139.38226794310816,130.08607248710416,86.56488811128166,80.46764741462721,67.32476239505824,-15.869625018375505,-182.45133932443244,262.3290387640826,27.539788873244316,55.974148897075345,-61.45775502030511,499.9825305708864,499.9999998663028,47.31712343980491,-111.88234249518716,-170.85484781609534,-71.40428156031702,180.49273638267425,126.8286723915181,165.98412071016685,277.88597360933034,121.80685375619382,-102.47156091015516,97.18818304521685,-96.38082255111368,382.5005660767466,297.89833833635174,41.039721599324935,-453.7628053455162,-108.98622618638746,-70.80555474362856,369.13935486213853,-496.84655108308993,-483.17213947567944,24.741378508575796,108.7516840469538,247.76987058657696,-47.06781011129534,-78.36446444011743,-36.77351839353032,103.05590622724267,439.92309918640666,5.311430941697798,36.933153871939716,260.7334682349201,-214.98359225202404,-15.889287066482186,-39.59231422980187,-88.98999627073766,20.508755675148418,424.39928013589144,352.38952907228196,-44.21118468807787,4.295363506802164,-29.086730140850936,-12.061795953050348,308.9380724384063,358.37422659135365,301.84374608151865,52.16352755013661,-26.266969779085944,499.99999999992866,-176.78884885783668,-6.766879998763581,103.19948300338996,-56.19657789603631,14.563775248037679,466.222690600066,342.9369873854512,-84.63073438158199,-28.264648954646354,-19.95670428558047,101.79458797235706,28.41026304589587,405.8014577389741,-47.83192980261945,12.015509911450396,240.69839748218445,160.32516570763676,0.9260533306676467,16.818698348841995,354.9981623445445,109.57194980404017,-124.65244879818897,80.28779619589109,-114.82183226811927,322.4532117450872,-298.7137455558565,26.084928737362183,-326.560714949769,91.03686633046316,-295.2930720108101,-434.0818605651547,94.24282583363285,-248.71870569562455,-176.78884918308017,-249.52098033643796,-22.721249977407435,234.2341354924923,-338.79580418765505,377.4380404975934,-498.0408983651665,-499.57516291353477,-5.492734625520994,156.96341544494862,-252.80843801795956,238.84170932336414,-292.24376023192326,-499.9999305681528,-13.419004151207174,-53.06625780572507,96.94972574440736,-495.23947335617584,-177.9440350960872,-107.99790446337754
35,-68.63037539233116,-499.9999999657674,499.9382416128197,499.99999999999903,368.4931493073163,-102.19996560559784,462.7178160696234,402.93344007960354,240.3908416296657,107.87186593642312,122.42410058497703,-93.99886346879437,194.90896857036566,-86.16427210602684,394.0489876585017,317.5751800575677,228.90376377114163,499.9998350581306,402.6318490708026,499.9999999822474,349.07881470231837,499.99999999995913,108.55119232320604,176.18354456386786,-315.6229823561975,-125.56969326055858,209.93066259231466,56.78352329620294,-47.16675894652118,-201.0721176251424,-4.570873386276793,-85.46492690919155,-110.06836586433552,-499.9163829085727,265.3223253251551,18.00931948050101,-164.94384130556386,-224.07303091413206,35.111770019065595,-9.565887182458349,-117.39738907312308,464.73859334630293,-278.6988845460407,-349.3321161998194,-416.37966315375354,-158.1849416626159,8.059460804155057,0.22746805365395664,64.48256752611661,-15.3352110816688,464.5091117833566,-150.48936532939172,177.44165181288133,-204.22653403015414,-229.99107976518854,23.359136006785285,172.79848790946244,-197.3188065994467,-16.99925413757872,488.1624816387558,-471.1845264543204,-178.85654358415752,-439.57466176809726,-364.4528953344874,-266.1306290622964,486.733640710088,-65.50149535388607,-146.20089376027036,309.1515809417351,-234.67179812021436,333.6388112519619,157.0266729057684,499.97497736476765,-304.7195243337888,429.3085440135781,-227.8310522154782,338.67465206356377,494.2357299576746,48.741222748760435,-31.27821075266301,60.83880133730208,300.1207786578834,137.31673639622926,-282.71608086552055,-118.44502166551204,-217.910519947574,179.88113492052383,395.07459666489274,-246.47071565171152,-218.02919535154177,-94.6229218086675,-49.356024118577075,-165.57623691917416,-133.7447173245773,-43.2360538635424,-447.4053046042002,-56.77012146835886,416.32335422124106,-108.69836675966134,181.47541296334015,498.37095974443133,-344.95882679404104,421.36362446619626,133.11311162527915,99.58358462573804,-45.20172840679115,51.563067318429056,-485.3876241904869,-161.44003223602704,-242.80463435912517,330.4601108479766,-100.09204182751074,-32.962249754702974,496.64812793002847,-66.3077959306432,416.21349344025316,163.80883223616817,460.88356495204135,-252.30898484898918,303.0285225605703,426.8348376200561,303.85469192501057,428.4956240259939,395.7742543900051,50.88292250489122,411.0314515265146,-223.04069512624045,38.14255904426512,189.0527500987014,79.94801374996784,470.6865259658666,396.649181116486,229.17770715240027,-18.86649588685573,499.93103631738643,499.74413800852017,-110.96140132773023,130.3026471312775,-51.75994353820909,153.79013258631414,45.657104689308206,-3.666724406751667,39.242503075559895,-58.751365744463406,9.666144644272029,124.49291577308004,-0.16758483300973342,127.39939892119392,484.12870338891895,-129.91827290453037,64.06719391659341,301.09872218767504,40.37933691392087,-175.97446225982677,-32.75695972596734,39.65199883593654,470.22903700225896,23.823330428446862,484.87722832342564,471.4185318916141,104.59005707664728,62.84161945364757,36.18696849998328,115.89118566448856,-133.94352272669457,131.9832241713188,85.91500664795738,82.524166520764,65.91235099540246,-16.38955639256724,-177.35485635111502,263.2157274781,41.45063176614148,57.39581137354493,-73.02968988995188,499.9809714992848,499.99999988965544,48.74561321029872,-110.96169971413977,-162.69332212302007,-73.40919880918625,175.4821187138964,127.47035903954983,150.7116516045334,267.61571920878765,121.6522335883154,-93.8049391241338,96.79302929961756,-87.2683246677512,375.36583321729375,281.4851326020669,41.334637686239425,-454.3867655410461,-101.33111312614425,-69.61764367112228,366.9120133845286,-496.91259808751886,-483.78504600846276,23.762624806014735,105.96110509241451,239.31680804208824,-47.64982622080971,-72.60772283807427,-30.100726346176483,104.1059875297364,440.1738158518263,4.305563616247926,37.79606493154988,259.98009855080795,-217.6090474473373,-12.738663610045386,-39.117919426997545,-85.7296493591887,21.58265208743992,425.4525821159514,350.7821190093847,-44.42532460531876,6.5404930082235175,-24.27090738626127,-13.229319868522866,310.43863419735794,358.3926328402653,302.8770629224571,50.11406513837714,-27.474906451986566,499.99999999994907,-166.2760036711235,-6.870081700975094,104.42468486504569,-51.19228798472934,13.710553655954543,466.52096254125735,341.98839356562655,-86.51942301783167,-23.412743621683536,-14.889222432473112,101.48782842962734,29.06054372722233,405.63818434474393,-48.6907123176968,10.667635270323057,236.47388990896812,157.84200241408655,0.38909712794585877,17.514208526259097,350.3597439492824,107.36817515496368,-126.8355975328839,81.02396335606039,-110.99542895545211,318.25605380014116,-302.1838806355185,25.73161108610508,-325.56538578161224,89.4838710928817,-296.75002505630795,-434.9451676540437,93.39969971011612,-249.6001814542797,-166.27600398040005,-261.88828309307377,-25.07419612866147,236.55072973536133,-339.6000895354001,379.43628723830415,-498.10504075006,-499.61059239406086,-5.905846347519118,151.41408729682755,-252.2480420659179,231.92068406613748,-290.22082781822536,-499.9999343139964,-13.622599377373948,-53.922977339497464,102.74736455469986,-495.32650022936497,-178.913712876708,-114.189199820624
36,-64.25476605738909,-499.99999997320407,499.94374840062756,499.9999999999989,370.9911456653963,-95.7767552189196,461.86576253691607,400.5738091620426,239.49921597690889,106.14327511226699,120.79757413799027,-96.25779721337366,194.96078327774256,-86.93476165137402,395.70301899091334,313.5198934280676,224.9535409463688,499.9998254996248,399.68614756716795,499.9999999723178,346.39863674535036,499.99999999997476,106.8792534045504,177.12717997247879,-319.28253471217033,-127.61613840776681,210.85237686042345,55.829244499945375,-47.742147958564686,-202.85488152160548,-4.491443397118992,-85.13355876488104,-110.45926050333823,-499.91856430701233,267.10287537660315,17.55257807822939,-155.07625760286265,-223.38662883746716,34.12884122297046,-9.313013774135067,-118.1760595913801,465.2263752342216,-279.037969359669,-350.2268331228054,-414.8049858917666,-158.68482220541242,8.306137602693394,0.2739914599384678,65.06777485886148,-15.671931876927593,465.82646915915427,-151.1375937414361,177.22502720953918,-204.2887978576989,-230.4121932234934,23.939720293849017,174.21039410863665,-199.09770320158944,-17.541894635807672,488.43050485056506,-471.472607226524,-179.62043168923924,-440.20496856375473,-364.77257973604264,-266.39381532611264,486.87733723912345,-65.97985453054824,-147.05228322968722,311.7790124740029,-235.58119840517674,334.95984716276513,144.05347252904477,499.9768595275946,-306.01017329245803,428.93483219875105,-228.6884783564552,338.0787620179699,494.4572200749408,49.296358265354996,-31.17645562315538,57.452927345282234,301.879399217729,137.9078579510116,-279.59988129576027,-118.09499327990811,-218.04202152393563,174.59515363006503,394.3061925261644,-247.82420989180758,-218.7246762293788,-95.03822212140102,-49.297183692806,-165.48587854916133,-133.84621854097344,-42.79959919372819,-448.84301115491456,-52.05954490524701,418.0377374749407,-108.69198772134753,182.62631209131808,498.4342943825951,-346.37801998048747,420.2980061391408,133.85365983139135,100.70821389704267,-40.158486778282914,52.87204629260786,-485.2820571537603,-161.5720669213913,-243.73886174678532,331.76619699412805,-101.59304501609992,-32.97799154913109,496.79411016846575,-65.99431296331379,417.17799126137487,165.20235621838847,461.3185197506516,-252.30752379862747,304.63666438023176,428.379777521005,302.1324195586177,429.6574592470297,394.7244577811816,49.74253360232562,409.22618050274133,-223.65577294697542,38.353182578837504,188.83702697070757,76.23788644233865,471.6175853599672,394.5125613505946,229.56305182701993,-18.51914909126609,499.9133807621181,499.7576620334179,-109.20087053631126,131.85335727437177,-46.22362985744017,153.99195080371194,46.12853901122831,-4.206164916051351,41.07171328055785,-59.104163806784975,10.261086839659207,127.73782504120874,-0.8479257451936006,126.17139985798018,485.0729566946335,-129.87612630040877,69.04912735043388,298.9309257147603,53.95612222673532,-176.98370790689336,-32.81294852661248,39.517545664002334,470.4892617451427,21.439604009138574,485.1574579711567,472.4655724834075,105.17915431617953,64.08502418915529,36.07128523982208,115.15492348685568,-128.4106334307375,133.85890068700738,85.2209048662859,84.5555493086548,64.57081046589599,-16.87427957505719,-172.1919889672949,264.0983957861637,55.34854745079514,58.81677632130582,-84.01934685895858,499.97936744715906,499.9999999086171,50.191474862059046,-109.98197923151199,-154.33840405407113,-75.1718137337163,170.63895069053785,128.09117258026149,135.87448178633758,256.841508470192,121.51115702341396,-85.04518737297995,96.547061591981,-78.01502999075444,367.0147167699164,265.0924715245403,41.626458434779565,-454.96836290338575,-93.57652341075091,-68.39371912135132,364.71269692036367,-496.97332587712094,-484.3496736279076,22.844923209549254,103.14603203171032,231.07719107126925,-48.21288479547581,-66.77341469840547,-23.37472514926788,105.1099305894686,440.409132733324,2.896968013085442,38.638128266497574,258.2301577780976,-220.49859302915718,-9.722187973253085,-38.640352590008895,-82.44986540978289,22.653664812650888,426.3981868319014,348.9861108327811,-44.61693671039025,8.81200086523093,-19.42095338989343,-14.405859694237586,311.9737878497111,358.17567323915966,303.9400057849412,48.244072887638254,-28.658945674485963,499.99999999996476,-156.28896589877965,-6.90284297164089,105.64800090824613,-46.14465352866607,12.8396717786026,466.5888438771978,340.627121097335,-88.38415808931977,-18.512449848392684,-9.790862811582263,100.91761612491017,29.74897421752961,404.9958132682085,-49.52245817235382,9.245477584813713,231.0899010021605,155.16289595653967,-0.11538089285695227,18.134691756031213,344.75865477395377,105.00542216709525,-128.95729198598292,81.88993889568846,-106.96097512846602,312.73252912729254,-305.0122121882402,25.3688936112936,-324.528373732271,87.79247341945258,-298.14093233505037,-435.7923572751464,92.4139156847899,-250.46722694319567,-156.2889661923035,-273.5931733476429,-27.317574047841777,238.810594343556,-340.3649676026237,381.36017151668136,-498.16223167414967,-499.64088459572105,-6.260936688391496,145.85895195193083,-251.51955585370294,225.23331455169676,-288.0223922856266,-499.9999377109938,-13.78914764762283,-54.64763237504112,108.26850779823715,-495.4049502419221,-179.660840351627,-120.18566578236369
37,-60.15225891466866,-499.9999999787825,499.948559872862,499.9999999999988,373.35412635228187,-89.73789353772248,460.9922463474763,398.1754155034413,238.56637258738303,104.37015528869493,119.13539387397084,-98.46893110767869,194.91929979594244,-87.67432025394218,397.27772281385325,309.43626613992456,220.9054608631255,499.9998163244792,396.7030191350047,499.9999999575134,343.73845004585075,499.9999999999841,105.19207537226328,178.0403276687258,-322.7393945034754,-129.6023872041128,211.75301315094055,54.95580738115795,-48.29555560596486,-204.51874159883553,-4.4204276981735715,-84.76541267227609,-110.80889950766597,-499.9205945910932,268.84461429256487,17.07739114368984,-145.02613274180686,-222.69923814059112,33.17022547305029,-9.08235885173423,-118.92297910238568,465.69429815674846,-279.3471328581236,-351.1498463222593,-413.1589835239069,-159.11786333825796,8.54978649455977,0.317928790995991,65.63883627339735,-16.160622763337113,467.0669266431942,-151.6989092844917,177.0248472195885,-204.31180613605926,-230.79812743479798,24.512060488154912,175.57623175907497,-200.89681124365706,-18.07413074435386,488.6756669418607,-471.7501648003073,-180.31071166299944,-440.80136915494825,-365.0372366183226,-266.6279944278992,486.92019719057816,-66.44062036836611,-147.87087280996542,314.32421010836833,-236.4641687765061,336.1284117533553,131.55397603575273,499.97853792176954,-307.2652782284315,428.2084919581146,-229.5161444387955,337.2113280126012,494.6662330846126,49.696658610601276,-31.06219105775109,53.72184879531462,303.5861151936211,138.39036773095674,-276.4490610319977,-117.70641267554689,-218.15425401831578,169.52475488637018,393.4321650638346,-249.09059576194488,-219.39520962646506,-95.36848726670658,-49.042446531183984,-165.35176533866806,-133.93892128391292,-42.357141490392756,-450.13388830158567,-47.33162624757662,419.6886461020959,-108.66426053920412,183.78994616913965,498.4891643385609,-347.76087764490376,419.10531824247664,134.5630732887913,101.81778149898376,-35.0980813277591,54.15405096385265,-485.15221603127515,-161.6917870522716,-244.63779102939827,333.0966456332882,-102.99785735924007,-33.04315465479345,496.91102404166867,-65.68516830205846,417.95719637474906,166.439534305762,461.73589578723966,-252.30490134232042,306.0429535473537,429.86196067253445,297.6511332745711,430.69304992776523,393.5917513196287,48.50954466008053,407.28632911838145,-224.24728184194245,38.562666166330274,188.40109164542304,72.6101965034469,472.49556753395154,392.2736783200792,229.727455980451,-18.17589111383738,499.89362128559037,499.77037701646805,-107.45667187024212,133.35466634031718,-40.676740171442,154.1244586800291,46.574896859202155,-4.814876300218615,42.71227557707459,-59.485179055081005,10.794171166416472,130.94349789760503,-1.700420972772711,124.71945064213268,485.9305654867004,-129.88956395366708,74.0295605905282,296.6555442073502,67.42312768229955,-177.99406564853666,-32.98887988165428,39.40163172842938,470.68452328709395,18.792097490867384,485.2926921488439,473.4087733117532,105.86151585197626,65.35000740641559,35.94027830660048,114.47213615847227,-122.82311447178049,135.70265831300296,84.44399635182344,86.549725605786,63.29314273280906,-17.334560149045718,-166.9881545316905,264.9752543913616,69.1353135467277,60.22196419961496,-94.30402781550569,499.9777265735634,499.99999992407845,51.652283263373484,-108.95603696823419,-145.84691649868066,-76.59912275119343,166.0364750839877,128.6808064824529,121.73296963765002,246.03421479921235,121.37613732722791,-76.24439791272805,96.53692871812294,-68.6857564181512,358.03000707130343,249.0885492875463,41.90316550392431,-455.5125238318804,-85.77340367303596,-67.15481720807378,362.5560131506171,-497.02922718879034,-484.8706097096802,22.0884844314426,100.39645185641048,223.18991068064497,-48.76919637373403,-60.900792422502775,-16.642318731635747,106.00759769815531,440.6116959125856,1.0820955052867185,39.43822166566132,255.38637142790986,-223.73815139023614,-6.8462615572414505,-38.15147510294412,-79.177588648486,23.686813578061486,427.1604167234991,346.7487089180206,-44.82482285777274,11.081721377966629,-14.573873767064542,-15.622318792367635,313.4802367513471,357.4324022264054,304.94560595111557,46.540518509656664,-29.834951420638443,499.99999999997624,-146.81899704702596,-6.921592530005522,106.84136967337774,-41.09527094329553,11.9119279311912,466.3640072799928,338.58625756679106,-90.2370931067097,-13.606859485450611,-4.696768607775408,99.93282429431558,30.462170965207505,403.60201909250105,-50.338723668975135,7.655083785120175,223.862329217253,152.11420266513232,-0.6166880573500627,18.60655009330263,337.71071337585147,102.35368057812147,-131.03552484806713,82.88622309608401,-102.76566490188,305.13092507492706,-307.16319806388765,24.962840582675724,-323.4632999269387,85.82443153521892,-299.4706657739921,-436.6248839486245,91.23899385677299,-251.3262207806445,-146.81899732511698,-284.6268454885027,-29.47150869312603,241.021648526616,-341.0904114007319,383.2157043692684,-498.21345134019367,-499.66668528400936,-6.594238144185879,140.2213350384976,-250.6523794460689,218.77005481237146,-285.67916678779795,-499.9999407991861,-13.939645698580298,-55.255345745152816,113.47516848493414,-495.4758459584718,-180.1850565906791,-125.97054861550045
38,-56.3068682865383,-499.9999999830155,499.95276861852346,499.9999999999986,375.5931707177534,-84.06386040961627,460.09919950342373,395.74111923330935,237.6023309342019,102.54316480761135,117.43915132596808,-100.64430314404656,194.78951071456936,-88.39907573764599,398.77751258269586,305.3280660805829,216.77531947552802,499.9998077257898,393.6872659126004,499.99999993578,341.1058045479071,499.99999999998977,103.48716644847974,178.9266687742163,-326.0058586848101,-131.53198897677345,212.61859290290704,54.1627911541692,-48.83606469663553,-206.0663323626549,-4.357276850990851,-84.36036040882631,-111.12353172316874,-499.92248652625483,270.5497282122084,16.589332092718344,-134.8464112895127,-222.0116849128851,32.23832238746454,-8.87158898506355,-119.63688707642466,466.14144751352177,-279.631024507742,-352.1088850102268,-411.45326465552176,-159.47022825286768,8.790637398457408,0.32446936537100973,66.19598460553868,-16.822574540054845,468.2366435769164,-152.15122263375608,176.87957668021355,-204.30182801958605,-231.15678398407283,25.04771688567225,176.89689561353276,-202.7275099207171,-18.597425354059393,488.89862531710816,-472.01864639479106,-180.91493123162,-441.36771070303854,-365.2566460038365,-266.8336949085418,486.8507676208075,-66.88073632773795,-148.65580310359445,316.7895738064274,-237.32057564874933,337.12564502305014,119.52742428898692,499.9800367669547,-308.4876182007095,427.0727271710987,-230.3098184345728,336.0371739807366,494.8643194839235,49.913943881475625,-30.960307307810485,49.61327060985558,305.24237252847973,138.7561983102639,-273.2858156505055,-117.29302254552603,-218.25118703328465,164.66635138946845,392.4422153475413,-250.27285400516791,-220.03987423829278,-95.58362033812952,-48.52357610174725,-165.18731922269382,-134.05680765329078,-41.92021951053824,-451.2909367759712,-42.61670908209163,421.27651396862024,-108.61672787253497,184.96026530493907,498.53560270300324,-349.1094372133758,417.7887742344979,135.219228188501,102.91159828978097,-30.065699124659538,55.40133829677838,-484.9984068526596,-161.80791023840897,-245.49399490095814,334.47031854519827,-104.33754994698445,-33.17060782026382,496.99485096178864,-65.38938021491117,418.5305346311499,167.5022061303533,462.1319866838615,-252.29149946677714,307.21732147796973,431.2850100072303,289.69276316662643,431.59144117225907,392.3858293822556,47.018821653832745,405.1853503609913,-224.81490200229905,38.73377029824337,187.72140501726932,69.06782791194388,473.32384807064653,389.92334822507905,229.64575878783242,-17.838578586136034,499.87272500638073,499.78245649399855,-105.74754260663933,134.80499292622187,-35.15764282703424,154.10148781518583,46.943273504942724,-5.4668240245088136,44.119072597988776,-59.89023429932717,11.264755852549435,134.0871742175992,-2.7128850750962084,122.86167322846593,486.70884726116327,-129.99836120748725,78.97309685265922,294.2880560802778,80.70079925271807,-178.99914517624984,-33.30288680057193,39.27653097845304,470.8116254964089,15.85964669869094,485.26834086694174,474.25132430217604,106.60472364010397,66.6076424189917,35.7578526243679,113.79284682512255,-117.22080679624693,137.47926108881165,83.50709083058749,88.4802427075317,62.02623362914876,-17.807474884714615,-161.78003237285145,265.83435079456734,82.7307515907894,61.58372376013252,-103.94189296764608,499.9760563500778,499.9999999367319,53.103728356064224,-107.9034238876863,-137.2670413147682,-77.6283677520989,161.64239463284008,129.2073298858134,108.27040306349993,235.3791232517519,121.22002143048617,-67.45305470641662,96.81880740776657,-59.33562058422462,348.7227304707895,233.53701614354975,42.13605547518568,-456.0212108050283,-77.96864090335539,-65.92369423441599,360.3610252371547,-497.0807551930924,-485.35208338486393,21.564412799376342,97.70212100678238,215.6114799455806,-49.34245403378215,-55.02869994903477,-9.946307145748758,106.67734793011826,440.7187473687135,-1.1329203793513274,40.154396376270164,251.3823787380019,-227.3963505811481,-4.114347137393944,-37.677203567320426,-75.94536287391144,24.622677188188614,427.5920436636478,343.57019426939763,-45.11252314326508,13.310301166272502,-9.76486571879774,-16.93022260782386,314.9013165518531,355.63673917604683,305.78471943546305,44.98683255605744,-31.02459826307665,499.9999999999844,-137.85400433820828,-7.0388182505056704,107.95216118747578,-36.08580564818932,10.862353919650701,465.7539608039991,335.42945775489636,-92.09944114100122,-8.736035669308565,0.36312098524301406,98.36711629063576,31.171595973432634,401.05694794529126,-51.16334696912181,5.810786095648677,214.07131761493946,148.3967864385833,-1.1621587042489228,18.83007283068533,328.63892452088606,99.22157726730144,-133.09138640890913,84.02515234897957,-98.44360630886408,294.6155885710599,-308.57358240156026,24.445723752977468,-322.3767077936414,83.34058218050124,-300.7444444100088,-437.4569074525802,89.75532363641702,-252.1835624391255,-137.85400460126098,-294.9714877882938,-31.545127036024876,243.19308639911614,-341.7846424509446,385.00908384388254,-498.2593790646266,-499.6884343920327,-6.9451694065786285,134.34526309038802,-249.65365380400823,212.50839993775972,-283.22225031732546,-499.99994361321774,-14.121696613065147,-55.772372444388765,118.32730070921603,-495.54013640147537,-180.49009944662797,-131.53914924829456
39,-52.70335138034706,-499.99999998626276,499.956453511704,499.9999999999983,377.71782803258077,-78.73548380831652,459.1876163490613,393.2711129542006,236.61328357368092,100.64447367829369,115.7080563294413,-102.80526357999106,194.58668430540735,-89.13664105747407,400.20598815645366,301.1960467998299,212.57432229938652,499.99979989765114,390.64238063270193,499.9999999043438,338.5065480875947,499.99999999999335,101.76039055477443,179.78939536076484,-329.0917819115586,-133.40754239474956,213.42834684058747,53.449445200378854,-49.375404737250626,-207.4986454666288,-4.302840012079341,-83.91682014090937,-111.40955010202276,-499.92425158041993,272.2196497735082,16.094436441487503,-124.56471044145192,-221.32514415780398,31.335926109435114,-8.680026445407167,-120.31539052966784,466.5665475945987,-279.89404214245224,-353.1101861438608,-409.6960504323356,-159.72011569293466,9.028396993255745,0.2619121217654784,66.73945746387643,-17.670432036682104,469.34160945877085,-152.46079681174714,176.85638498391813,-204.26409519593133,-231.49868172668542,25.517554689578933,178.17352246747387,-204.59428249471128,-19.11172528737926,489.1000303807694,-472.2791966761856,-181.41336730757794,-441.90812188780274,-365.44033263563034,-267.00989979402317,486.65969795256365,-67.29349001256669,-149.40536829989864,319.1774591255366,-238.1455784518091,337.93468923519913,107.96533376428789,499.98137663755995,-309.67827120255873,425.4816947705582,-231.06307087117221,334.53368359654723,495.05296824146967,49.92264082312436,-30.897437516340723,45.13078493524282,306.84958521025874,139.00154736429928,-270.13023807040236,-116.87067392694246,-218.33648319940363,160.0155486850118,391.32861203738014,-251.37355567076824,-220.65597487071645,-95.64787668813615,-47.669135776894116,-165.00742484507555,-134.23484758714503,-41.49957134561411,-452.32213002587457,-37.93848661123058,422.8053800238657,-108.55084650311348,186.13788762218246,498.5737365593569,-350.42705113574686,416.35215447661767,135.81429491476877,103.98934566874699,-25.10368047960392,56.60754482067742,-484.8189061463631,-161.92985440108998,-246.29762929695198,335.91452676648606,-105.63955121640413,-33.36872264585188,497.0408273903853,-65.11484222415518,418.8817709679962,168.38260797774217,462.50333357297114,-252.2444585643493,308.13071605225497,432.6526515858409,277.45891258134253,432.34262035192677,391.114041429918,45.07966951815525,402.9015686761319,-225.35618273258922,38.83666965444212,186.7862154193995,65.60966094123907,474.1053839358652,387.4578843217717,229.3039609616387,-17.509032029778844,499.8525125678407,499.79404929561025,-104.08871528563238,136.20327144525302,-29.697095116868898,153.85586295974176,47.20506210595236,-6.1205302400099,45.26075307039712,-60.308473290567434,11.680611800765062,137.14610777458432,-3.8508793948266935,120.4147713137,487.414550416517,-130.24366578691937,83.85644235562276,291.8412867956856,93.73128592145825,-179.97616464568105,-33.76353504508921,39.11606060812027,470.8686121183807,12.641630760407113,485.07188465439197,474.9974124585144,107.37657822567033,67.82807750051809,35.48741151585389,113.0470860549507,-111.6353422041357,139.14711116457497,82.32116339719543,90.32425896726302,60.70017089541985,-18.33715203530608,-156.60381681335696,266.6687035935084,96.07839048196962,62.87884868531957,-113.01562176546464,499.97436370839006,499.9999999471214,54.526025394644094,-106.84440475515446,-128.6325198638143,-78.23687152245625,157.39302696581078,129.63291104649332,95.41071360068548,224.95986369999196,121.0135620229877,-58.712129260983964,97.40671712083883,-50.003000832704174,339.2351583798749,218.4160435740278,42.29788898803219,-456.49009785154607,-70.19775477241791,-64.709901925166,357.9911448050257,-497.1280262995251,-485.7971953418946,21.299722142838945,95.03021415237494,208.23969841699216,-49.9499204568984,-49.18636598227987,-3.315726377126349,106.9492486292473,440.6349856008229,-3.7261922510453522,40.740545429190675,246.2024678805872,-231.51427308784181,-1.5266339057897944,-37.24986566234011,-72.78208500500044,25.394251631197413,427.47931474082174,338.7062205821186,-45.550562066795194,15.461465450073613,-5.017694420609097,-18.38174617557358,316.22700050550753,352.0370163622773,306.3658682728003,43.5635616052993,-32.238904637640424,499.99999999999,-129.37930068580212,-7.366423454622798,108.92272133156624,-31.145979093009164,9.623555246446132,464.64651266194306,330.58664196057236,-93.98408159973977,-3.925366802050502,5.372486551682897,96.11673166362128,31.85496094050305,396.8725816361923,-52.01455380772211,3.6943003073846645,201.26940132669745,143.6837864660461,-1.7948567782566862,18.714898889005518,317.05786380792455,95.44959988066093,-135.1297235724578,85.35130082945555,-93.98180445799248,280.5832215668469,-309.13010440825707,23.741713567659893,-321.26335070330214,80.06804451726022,-301.96577170070645,-438.3071690198305,87.8334327822293,-253.04380024213836,-129.37930093431245,-304.5780022118162,-33.524571814781694,245.33570835193564,-342.458930304664,386.74697782830765,-498.30005213825706,-499.7063642509699,-7.3373795883317445,128.07239116662018,-248.47948014250224,206.42724892004412,-280.6705026372453,-499.99994618316066,-14.38078817160148,-56.20092814540917,122.7870119528742,-495.59794780058985,-180.58315572367533,-136.86683223839262
40,-49.327208962157286,-499.9999999887797,499.95968332190523,499.99999999999795,379.7370998946216,-73.73406779709086,458.2580915072979,390.766142134629,235.60356530872195,98.66102045482558,113.94413601491705,-104.96916323079621,194.34439640103147,-89.911211420342,401.56602617845925,297.04180199392823,208.31366317974985,499.9997930274261,387.57157063403827,499.99999985951325,335.94611795114275,499.9999999999956,100.01105699654539,180.631928965892,-332.0021044361933,-135.22665008183455,214.16611226463985,52.81464187018553,-49.92306310447196,-208.80858297067326,-4.256616782256132,-83.4238438448345,-111.6694634599535,-499.92590007752176,273.85531905786684,15.602423415085537,-114.18116795418331,-220.63951672955918,30.467387666769376,-8.505898431902668,-120.952927740121,466.9696453812744,-280.13867795802923,-354.1564955674032,-407.89032612370943,-159.83545655404149,9.265603346172211,0.11222610878562982,67.26949729788409,-18.70425971923939,470.3877616701489,-152.57928980567436,177.06300515827715,-204.2001623262472,-231.83312882676063,25.902277130289228,179.40767289446688,-206.49030074943096,-19.61453835773709,489.280780924926,-472.5324585827364,-181.7772845787697,-442.42609232662727,-365.5961052126445,-267.15308597857006,486.34112184284817,-67.6670364743855,-150.11588959403196,321.4901749985979,-238.92697144603642,338.54408698659114,96.8592815421634,499.9825752812851,-310.8362426178258,423.4087001696401,-231.76762051540638,332.6995119140926,495.2335911307417,49.70543599609664,-30.890287715742467,40.3272627666355,308.40913514922846,139.12926287097994,-266.9978508273479,-116.45199587894707,-218.41207981765595,155.56854116761997,390.08901694694373,-252.39425516989905,-221.23829334769943,-95.52729743202977,-46.41986714388566,-164.82337682801767,-134.4947554357377,-41.10029700518828,-453.23066206752486,-33.31039465660622,424.28213293329736,-108.4679920343083,187.3315015680417,498.60386614765673,-351.71664098008176,414.80295151660494,136.35951808663174,105.05122680561358,-20.240916094670187,57.77225224523052,-484.6097711733525,-162.06493635349426,-247.03777447746086,337.4693075606818,-106.91533970273433,-33.63757671284727,497.04350078190174,-64.86482648548,419.0031206123683,169.08529744200646,462.84940699353325,-252.1288755505358,308.7622393694164,433.9688341284533,260.10325038040577,432.9401376150893,389.7834217409659,42.5495477699025,400.42640887355066,-225.86517097827644,38.868105614295196,185.59999429650904,62.2351701084669,474.84303722452324,384.8852322410608,228.70331885357578,-17.188219397642797,499.83591851309404,499.8052726695739,-102.48779766252774,137.54994404951933,-24.31284241971251,153.37658659337507,47.37627765931232,-6.727054093782146,46.130476925756845,-60.720845007804684,12.060334529223402,140.107532639295,-5.064144392587525,117.27580282790964,488.05416406077705,-130.65135941665275,88.67670938105417,289.3336761279273,106.4796349372103,-180.8809915028937,-34.364634151738684,38.909748590967666,470.8559356300999,9.171244539283832,484.69485505321074,475.6530082544108,108.15468373687696,68.98953292817642,35.10876335365243,112.14273406470149,-106.08444383484436,140.66592571969335,80.80970740638774,92.07159302678221,59.23580886858985,-18.966499690134665,-151.48713731387804,267.4810147600861,109.1442474204179,64.09694976592192,-121.60083851602738,499.9726551689143,499.999999955678,55.91085112740615,-105.79466759053267,-119.9629610194115,-78.45356952709867,153.22230175107995,129.91969901843493,83.08298905433564,214.83047144755855,120.73171250164414,-50.04950980785076,98.25916224240062,-40.7097346002972,329.61931340040115,203.69337688826909,42.372341895767896,-456.90820521138727,-62.48226149515353,-63.50518058694735,355.3076701805292,-497.170719571228,-486.2074173409588,21.271938630378237,92.34400026166804,200.95803006926153,-50.59376182512005,-43.390178495672416,3.2366766064439147,106.66185210181006,440.2623259750486,-6.6621846710845,41.15955216373539,239.88224556289555,-236.10256426517822,0.9171094409988559,-36.89595295632669,-69.70489173271814,25.952485599068417,426.6180009773,331.42754482768225,-46.18652467185044,17.513520043693628,-0.34082030391587004,-20.01412336312777,317.51101290415176,345.9140583028537,306.6646842449042,42.25121441032831,-33.47158214931944,499.99999999999375,-121.37825334738449,-7.964886836358739,109.70962297768976,-26.28667828041593,8.146506202038587,462.93001675895516,323.5267265480805,-95.88859311285657,0.8213236659648101,10.332442541155888,93.1884261262473,32.50930763158998,390.57886799583383,-52.896931789576556,1.378833646935497,185.53645727085205,137.75723429438582,-2.5347973096471943,18.216538640549103,302.789178175461,90.99341754170722,-137.13001267265483,86.94190181136133,-89.30914085194637,262.96575874027883,-308.6699508117507,22.791733380160725,-320.1069364931683,75.80893985169875,-303.1346099455124,-439.18922271733265,85.40122812928483,-253.90825397012924,-121.37825358186618,-313.36549046189106,-35.37213732381245,247.46098684191068,-343.12098810543034,388.4363490185383,-498.33491138545924,-499.7204841544726,-7.765709438697088,121.32134330358265,-247.0336905292683,200.51919877840712,-278.0251208062746,-499.99994853519934,-14.733703377408407,-56.49640583778052,126.82126796142262,-495.6483737038248,-180.47403469643535,-141.8914763455002
41,-46.16468052693048,-499.99999999074987,499.96251904467744,499.9999999999975,381.65969910676813,-69.04149244934433,457.3108482322922,388.22913061617027,234.57673728604775,96.59280508074808,112.15496727488868,-107.14204577392702,194.11976147341744,-90.73382737251191,402.859532276867,292.86922775891304,204.00627607465256,499.999787285526,384.4775181443459,499.9999997964388,333.4296939633634,499.99999999999704,98.24423485617052,181.45751577893157,-334.7377222966509,-136.98093581989258,214.82798951964833,52.25633815384512,-50.48287946480609,-209.97677242783138,-4.2154518429343835,-82.85559163197121,-111.89986426213686,-499.9274413300978,275.4568784133407,15.128892170542583,-103.67946286591066,-219.95266762195521,29.637725608525628,-8.344917947865424,-121.54025897514967,467.3530381994383,-280.3645951483237,-355.24615064601727,-406.03392387994455,-159.77599207954384,9.508913325199794,-0.12555547387578062,67.78634876022683,-19.91061530455934,471.3809506170499,-152.44617870012422,177.64904452063584,-204.10675929224354,-232.16420977982324,26.1950909900153,180.60163900020345,-208.3957538882701,-20.101442931116022,489.4420895136501,-472.77849487998225,-181.9704266363625,-442.92353113408785,-365.72882145685634,-267.2578917037098,485.893306029071,-67.9853673905672,-150.78166054594428,323.72998200539195,-239.64267607845895,338.9506826517194,86.2043456696572,499.98364818385096,-311.9585195609783,420.85060180543843,-232.41416405378973,330.5572855874913,495.4074384272257,49.25799524339258,-30.93424266797949,35.3042173004926,309.9223721931792,139.15019702609214,-263.897011513302,-116.04182002337018,-218.47750506371372,151.32202525888272,388.7266520358525,-253.3355671394279,-221.77817642038536,-95.19889528444112,-44.745474701251744,-164.63859969090797,-134.83007695295194,-40.71924660387584,-454.0172574128444,-28.734145758488104,425.7140851338829,-108.36946313425393,188.55614562073401,498.62650060059406,-352.97978350902815,413.15381910969353,136.88419495963595,106.09786299819862,-15.480247356335855,58.90301156548422,-484.36566458611065,-162.2161494344125,-247.7042120816314,339.1871412689863,-108.15510870251883,-33.96797352179363,496.99660489816216,-64.63678352079404,418.8977832062093,169.62530878263723,463.1739016647582,-251.90390171904477,309.1051947620622,435.2377332331886,236.78095388420138,433.38332909059807,388.40177534366023,39.42675064238087,397.7679543359908,-226.33031121113208,38.85875154392148,184.18415285013444,58.94639052111428,475.53979077662615,382.2265825629679,227.86098533933304,-16.875939052725123,499.82692527192256,499.81620520525985,-100.94231499702676,138.84726307928605,-19.008401865248437,152.72421514315675,47.51996383797363,-7.241802110737254,46.74682905889273,-61.1039097496503,12.43058396717131,142.97189016042216,-6.298852905128641,113.49419468988482,488.6340805732156,-131.22092845669317,93.45181648255348,286.7921319266878,118.92997297470302,-181.6490813918004,-35.08422551006892,38.67215286261734,470.7767756628797,5.522165628430887,484.1337948441622,476.22604254622667,108.9287419065891,70.07968000702688,34.631139957783226,110.95593437753297,-100.56941060051098,141.9960082563219,78.9328993814578,93.72602969911517,57.54400417418204,-19.737047800680678,-146.44502996050906,268.2779831058475,121.91071891065575,65.2400788211783,-129.76445015069163,499.9709367596972,499.99999996274505,57.259181019452285,-104.76143447205047,-111.26887397814886,-78.35906615598024,149.0840153025664,130.0264380281775,71.24397615060337,205.0259690514634,120.35021452382382,-41.48059234159956,99.27649503898165,-31.46617445324721,319.85649028809337,189.35253657492885,42.35610936612571,-457.26115823404,-54.83028226117534,-62.2872596935776,352.2432981871436,-497.20821807825723,-486.5827493114672,21.432831990378578,89.59342622605833,193.66450646877314,-51.26092062620265,-37.64339524539047,9.712151222100886,105.75611053941387,439.5437472693728,-9.896761952796822,41.39596588223657,232.49690868021474,-241.14724136589334,3.2127397848994614,-36.63488172315598,-66.71035335250126,26.29550230929427,424.94653590718025,321.51777054092645,-47.005323384034234,19.469261913145242,4.272607510244298,-21.839980069897337,318.8738969931489,337.0583593731347,306.7887805630539,41.03370551671128,-34.70081573778572,499.9999999999962,-113.8328425194549,-8.787588027729784,110.30430177348416,-21.497673799257615,6.4178948454673534,460.51550593384695,314.05343722639117,-97.79780879344943,5.522926700223019,15.262335782363257,89.67079090921952,33.15737486166122,381.88139888270973,-53.802136025497845,-1.011396675198974,167.4683296945935,130.656582821113,-3.370233506704188,17.35495153867058,286.05246016980595,85.9621687744797,-139.05146604308308,88.88517450195042,-84.32703927760154,242.28540769693097,-307.0127999590582,21.57805742094174,-318.8868515861371,70.57307099266535,-304.2464126134881,-440.1041611308239,82.48787517587073,-254.77440223505243,-113.8328427404659,-321.23939209879654,-37.035174542288175,249.57901679431433,-343.7700666157585,390.08371777826153,-498.36320641789234,-499.73056834649793,-8.191211197510492,114.13595441690725,-245.19781663277234,194.79869764729122,-275.27309534968873,-499.999950692202,-15.153544827800571,-56.567435967187514,130.40068866610704,-495.6898631208578,-180.1718366979838,-146.5152502157546
42,-43.20273145750995,-499.9999999923064,499.9650150525994,499.99999999999693,383.49363476475787,-64.64028476352786,456.34529466587003,385.66495077228313,233.53524413718196,94.45406302633764,110.35295330238858,-109.31810649992156,193.99092080875232,-91.5996308554448,404.0870361384005,288.6836924027273,199.66587546731571,499.9997828117661,381.36115847655196,499.99999970881663,330.9610606281703,499.999999999998,96.46971824593592,182.26792693372244,-337.2986904746735,-138.65867606992657,215.4239333708584,51.77062387999128,-51.05238256549945,-210.97290286928856,-4.173909741213386,-82.17242595293604,-112.09220855195655,-499.92888375469846,277.02284809476913,14.694992583412057,-93.04895449464946,-219.26072562297605,28.850218670677897,-8.190519779436363,-122.06641577574204,467.72115868471684,-280.56883866992314,-356.37341652347965,-404.12208288319994,-159.5031147261167,9.767929281417533,-0.44531831859019216,68.29025440417148,-21.264336397607497,472.3266400097013,-152.0019560636748,178.78347673556146,-203.9768396989222,-232.48809508810572,26.39249862637503,181.75899811519935,-210.2799147761792,-20.568258345939338,489.58536426704245,-473.01686526886334,-181.9570523291382,-443.4002441987249,-365.8399072186404,-267.31894929800256,485.31870934869573,-68.23287825487462,-151.39636774253952,325.8990909563489,-240.25834537835078,339.1610656504611,75.99927533455968,499.9846088120618,-313.0403671172914,417.8283436618635,-232.99299538887954,328.1500828070059,495.57548306157474,48.59103000964803,-31.001518090228032,30.1941686411324,311.39061419579207,139.08357062729982,-260.8285113167671,-115.63511957645822,-218.53019428055413,147.27232891963712,387.2483617715654,-254.19812626335792,-222.26195564163982,-94.65576124117158,-42.65250497298883,-164.4469762436634,-135.20324421323647,-40.346588615225585,-454.68316104306035,-24.20561078181139,427.10599264060636,-108.25648559774764,189.82822179258062,498.64234685379154,-354.21679725857825,411.4221361612039,137.42635569991785,107.12994271066727,-10.800936726300133,60.013154148384594,-484.081242545025,-162.3821121503012,-248.28864845913168,341.12277261825614,-109.33212095699771,-34.3443196927206,496.8927777637984,-64.4249666005168,418.58032720243585,170.02291576791157,463.4841126556665,-251.532652227278,309.1699647037859,436.46348931053586,206.7373771650581,433.6783831592175,386.97737041542183,35.88300570311829,394.9489334542445,-226.7309697146647,38.86528848414211,182.57396896466918,55.74712619581892,476.1987779304085,379.5125358431815,226.80750068703352,-16.571076421112934,499.82963237676313,499.8268829450701,-99.4407733209577,140.0989235899421,-13.778297783851118,152.01377357613237,47.72173414087051,-7.6324370258138945,47.14709190327896,-61.43754097866458,12.819189270837944,145.75028723857514,-7.507566551278646,109.27003250467374,489.16062430006906,-131.9240569025114,98.21099070231996,284.24899269044784,131.077102421809,-182.20483108548385,-35.888288813731016,38.44073938499574,470.63659399429537,1.8058369721525875,483.3905551675756,476.7262515749256,109.69602329136251,71.09059174529696,34.09210120119276,109.31070555059736,-95.07952321418568,143.0907053611353,76.68804468500183,95.29898997252532,55.51289946249789,-20.69820241402602,-141.48053092829872,269.06075253881016,134.36705120066893,66.31539467272813,-137.5700687431956,499.96921375977115,499.9999999685978,58.57538393154687,-103.74288320387868,-102.56043484700002,-78.07935519322047,144.9543448571687,129.89766196446828,59.88510335319582,195.5598337156089,119.83575986542397,-33.01197769329171,100.30360391285126,-22.280245058591724,309.85016759121294,175.4001848847692,42.2509255411957,-457.53723089245426,-47.24208035860011,-61.02950739568498,348.80058033771894,-497.2399303894258,-486.92256871624926,21.722556851977902,86.7003671710209,186.2348809559166,-51.9320513117427,-31.94205591572634,16.11831217964523,104.2949622256044,438.4458707654622,-13.380618022797062,41.45180352658244,224.14793998425222,-246.62004594401535,5.34767682652947,-36.486704214556646,-63.7774201425116,26.460939400038406,422.58670187211936,309.4516078700689,-47.930121455770696,21.350948975949432,8.838201014251887,-23.852090178729128,320.46861805983843,325.95262999460033,306.9663103431843,39.900875126491364,-35.899780638445485,499.9999999999977,-106.72412779728744,-9.656491986526401,110.72772181171585,-16.75469250579076,4.46132320333934,457.34068019492804,302.4622614190771,-99.693414980956,10.212941297509493,20.194223310971523,85.65581350561281,33.84087777312676,370.77544460899327,-54.718395866332386,-3.3734604066161955,147.9337225515646,122.69428265116974,-4.265832168646922,16.198461034882516,267.37004750670087,80.58606961751673,-140.84845593425283,91.24972582807489,-78.96376326465293,219.44688495569648,-304.00608898302346,20.13265056385316,-317.58884492778753,64.60928272976194,-305.2926926016314,-441.03883102808936,79.22435166398752,-255.63610823737542,-106.72412800541997,-328.11433835177985,-38.462567055112736,251.6965378863652,-344.39581509788667,391.6942626700131,-498.38450047991165,-499.736172180987,-8.55326373664932,106.68035494576118,-242.88038885527027,189.30312469883353,-272.3976416908553,-499.9999526741983,-15.574209296449219,-56.29677061399466,133.49311526472908,-495.7209882703943,-179.68264326612132,-150.62144596338277
43,-40.4290348059187,-499.9999999935472,499.96721947894156,499.99999999999625,385.2454296430766,-60.51366692027342,455.35926366573926,383.07755584690415,232.47904516336098,92.26174119042079,108.54930708968931,-111.48972107978014,194.04330189823423,-92.49832748120905,405.2473404228841,284.48854350977,195.30349670709674,499.9997796991351,378.2200872388967,499.99999958851384,328.5406950863638,499.99999999999864,94.69647298747776,183.06182334835154,-339.68804445397484,-140.25143937057476,215.96875888194597,51.350713910669505,-51.62766146918013,-211.76647340264543,-4.126426497349111,-81.33411073573065,-112.23747465170943,-499.93023497243286,278.54906847027456,14.32374701376452,-82.30898237466296,-218.55954571395634,28.103340469481875,-8.0360552412437,-122.52351771008904,468.07918714470816,-280.74816596061675,-357.5297691459023,-402.1519709611571,-158.99674451626913,10.051369735838895,-0.8579091427932473,68.78145156864049,-22.732809207022356,473.22932322935327,-151.21183776374065,180.60430913910298,-203.80445191072215,-232.795150684181,26.472696393085734,182.88550586413405,-212.10697741069103,-21.01506201059251,489.7119329422491,-473.2468560591965,-181.7164953682476,-443.85467198673206,-365.9289108954515,-267.3332039988952,484.62360722085936,-68.40228851506778,-151.95615834513941,327.9996618012921,-240.72460399185277,339.19113409391736,66.24349582814123,499.98546856515435,-314.0755394956438,414.3838986813793,-233.49367560426214,325.5323019959162,495.7383148522915,47.728910104460496,-31.057412283467766,25.128679483644362,312.81514715979745,138.95682699048106,-257.79162469515177,-115.22182083580313,-218.56756584396422,143.41437654978142,385.6618119030318,-254.98448922635092,-222.6680921588662,-93.90631883986339,-40.17992536267834,-164.23797445770205,-135.56534036318354,-39.973823250047595,-455.2321039663384,-19.732935738644375,428.4578473347196,-108.13021618279943,191.1559652348845,498.65226201961696,-355.42803414528106,409.6281408253606,138.01406973977913,108.14781235034023,-6.187461585534848,61.113789431926264,-483.7522958008043,-162.56155668035456,-248.78469020372702,343.31133485825194,-110.41796852089526,-34.752576093966745,496.72312555911066,-64.2280418495095,418.0750153586335,170.2956540735985,463.7881102605562,-250.99154285999253,308.982668505145,437.64956830158667,169.45283194001942,433.8379691592654,385.5172142267648,32.16168178221089,391.99898852039456,-227.0320874548743,38.94632246891508,180.81252528585264,52.63948088080762,476.82305622454527,376.77374462889225,225.58193521988875,-16.272809248872743,499.8461675030904,499.8373014443561,-97.970864368166,141.30866841452828,-8.627761011554608,151.36594640432352,48.043356925100156,-7.881445927488646,47.371730137452346,-61.71459922227115,13.245777372637143,148.45309819173488,-8.654180428647619,104.8425287305688,489.63999032482093,-132.7156341277336,102.97138230379035,281.73234215409343,142.90963599054302,-182.47749957155003,-36.73885299327534,38.2566732328448,470.44218493873893,-1.8408193544924327,482.4715730086559,477.1646527894802,110.44721728509,72.00365142274953,33.533496071201604,106.95554418098175,-89.60956295985572,143.88074975936593,74.06851238024271,96.79402216287501,52.98386942158832,-21.928551346788318,-136.59802963045715,269.8157184564802,146.49395869703181,67.32041561727624,-145.08900844022085,499.96749038348855,499.9999999734577,59.85383363692868,-102.73533277066072,-93.86273273609933,-77.80086300677554,140.78569143150125,129.44680824157177,49.00310753342275,186.4183142378023,119.13223999723131,-24.653927185390707,101.11159452227129,-13.174011721287757,299.4160254298818,161.8134390722725,42.04266490966182,-457.73318627501527,-39.72691062593691,-59.71536344227241,344.8848957159698,-497.2656494133823,-487.2268674733043,22.01913092507911,83.54329922255111,178.31520995276773,-52.60034297711092,-26.294890710645184,22.45166153351996,102.35524243738597,436.7939832439537,-17.077498902639707,41.316006683899325,214.93408612871826,-252.48495376376823,7.300228122301123,-36.492492799730854,-60.89403306099765,26.473134026281265,419.7027534442326,295.9144006233122,-48.888009535879114,23.16905307545374,13.361546703943283,-26.04695347291597,322.38584990024873,313.3689467989279,307.3952384051238,38.84788236295194,-37.05446700132553,499.9999999999987,-100.03263406632402,-10.352485423901806,110.97241012773226,-12.04228188887146,2.3088741667724864,453.3357181111735,289.34917215757673,-101.57018164735968,14.917595623101366,25.153652800688903,81.17409466690363,34.591066108397385,357.50434446960816,-55.648716170372666,-5.672907427653425,127.79376193024645,114.25697606531044,-5.19096509964574,14.817073998306402,247.36958242901292,75.11802961261127,-142.48902870698691,94.06241513271475,-73.21284949993559,195.4500386792033,-299.55133102744554,18.5037317381452,-316.21470211892563,58.25325136588319,-306.263197169093,-441.97095480526286,75.79196414644129,-256.4850192070688,-100.03263426215489,-333.92821967609933,-39.622258083630726,253.81608819461954,-344.98200171712557,393.2712901935961,-498.39901930971564,-499.73669837560163,-8.800691027179429,99.17116284863819,-240.05884381617426,184.08093504721595,-269.3934755101115,-499.99995449878134,-15.917512964658611,-55.57370570699868,136.0540673050175,-495.74124464097457,-179.01575389509395,-154.09821677143964
44,-37.83194929562982,-499.9999999945446,499.96917429040445,499.9999999999954,386.91939333733893,-56.645586440612895,454.34827329630974,380.46596029649925,231.40387295566225,90.01879386902499,106.74648600804711,-113.66124895675321,194.34876776053233,-93.43117947134891,406.3374327744262,280.280926678347,190.92311284527702,499.9997779784523,375.0474286632935,499.99999942508003,326.1639578570406,499.999999999999,92.92588000404453,183.83361324535645,-341.914031214663,-141.76072807701303,216.46801294399387,50.98639340565359,-52.211172181965956,-212.34375148117928,-4.07047234703514,-80.320773646791,-112.33207069816757,-499.93150189673975,280.02788569156394,14.033850694223139,-71.51735952150976,-217.8468162455161,27.38886574556914,-7.87822273351672,-122.91182380357812,468.4310301423996,-280.9022979282264,-358.70558523840555,-400.1269510103501,-158.2686213672153,10.362100091221777,-1.4000000846675036,69.26017361424594,-24.281463521739784,474.09193057278407,-150.08601461822556,183.1652065796627,-203.5906861467436,-233.07624841837185,26.38977690999659,183.99029944681496,-213.84263443148444,-21.448936805710023,489.8226920928828,-473.4677888294892,-181.25582883979897,-444.28544554575234,-365.9969081212532,-267.3014049474099,483.81733975873874,-68.50015080814515,-152.46271337073512,330.03380283577656,-240.97224019850313,339.06393815006817,56.9319374045223,499.9862364878615,-315.0561446169047,410.57448835920997,-233.90340310664885,322.7584711060514,495.8960975863687,46.70528228669112,-31.080592053274387,20.20799079780912,314.197225449572,138.8057260084159,-254.7926188952659,-114.79648549909334,-218.58967788183386,139.74078111706703,383.97340391084737,-255.7008371424556,-222.96276763454017,-92.970235576788,-37.38752284520274,-164.00597533063714,-135.87966232222968,-39.602414403179,-455.669939233146,-15.34895294770337,429.7646938222454,-107.99174622722836,192.53227871679888,498.65718334031317,-356.61583320440724,407.7929947944919,138.6519063789601,109.15126818447416,-1.654301767257598,62.20577170182798,-483.3757294419729,-162.75811699397136,-249.18653782819493,345.7451373879658,-111.39883591162938,-35.18663573637082,496.4766431497709,-64.05384765818214,417.41259926033723,170.45138139082917,464.0914068204647,-250.27054356143307,308.580188389996,438.7978803040496,124.83692917065136,433.8795904616071,384.0247207992107,28.437690072890696,388.94577739472555,-227.17715506968077,39.13816150818007,178.94390135485708,49.61931252289874,477.4152149898055,374.0312133025411,224.22605600000153,-15.981825893453951,499.87447719297234,499.84742388136226,-96.52901055491914,142.47872843589332,-3.59277194677658,150.86076736164634,48.4934492601508,-7.986472003565955,47.45456746874906,-61.94484340179139,13.715465465779571,151.08241691500675,-9.716153662278167,100.36383209201337,490.0780887144103,-133.55101249355715,107.71803588714188,279.25575261954765,154.39562607845247,-182.41197121559745,-37.60288561192071,38.14311275394284,470.2006107566733,-5.270614648253266,481.38616185509886,477.5525445798867,111.15670149062761,72.7841260458939,32.97478714141914,103.59270391785549,-84.17710069053713,144.27583556469548,71.02980189797364,98.20010084838538,49.7613672912103,-23.538635479318458,-131.82163404812692,270.51572190529936,158.25294590481423,68.23734162760859,-152.40096265420098,499.96576960682756,499.99999997750365,61.0744267530583,-101.74336714289164,-85.22793193196917,-77.78785127889383,136.44376804979967,128.55848084713412,38.556905507210125,177.56747674226082,118.16798762966309,-16.43600769607965,101.38429707631703,-4.195597344286656,288.2923175872941,148.449640598133,41.69412388908551,-457.8553461846672,-32.31846154090192,-58.341056185172455,340.06154433299304,-497.28571374630064,-487.497181415502,22.077933616130935,79.96770288346376,169.0236918997466,-53.27803581024433,-20.74198230962515,28.685576595059537,99.94220195327175,434.03762450112885,-20.999412846292525,40.95403456744463,204.9061753838619,-258.6904796050167,9.045549626114406,-36.72662839197077,-58.0806631711524,26.313782197951266,416.33131058242475,281.2425586372965,-49.86186875958775,24.897058420705736,17.82497552165188,-28.436784942138686,324.5857992878359,299.9058684811597,308.11384612063694,37.8703701720985,-38.16620146036233,499.9999999999992,-93.73866697059358,-10.761837221518812,110.94306375294407,-7.373193933858666,-0.024638797715462804,448.3707787693711,275.2989624455364,-103.44159211342723,19.63785796231258,30.14413336688833,76.18736345391544,35.40353806733703,342.4007783923448,-56.61540609120701,-7.933586164461763,107.710884933134,105.5790204541568,-6.14667481892613,13.24598563823049,226.60635585300534,69.7365785941355,-143.95679151554845,97.3147969486031,-67.13225614829435,171.16482054558102,-293.5950665166857,16.711643422650102,-314.782778149065,51.74340297189176,-307.14769619865297,-442.87864118533025,72.34887267078214,-257.31255618608566,-93.73866715472707,-338.63290448290985,-40.50134502068297,255.9363414376105,-345.5135302120846,394.8162415324828,-498.4076433339256,-499.73149555597524,-8.911639645436138,91.78705533929237,-236.78112859224615,179.1753360698092,-266.27855818663835,-499.9999561814454,-16.12449944445331,-54.31472745344771,138.02156086465848,-495.7513569288726,-178.19285520560206,-156.85253109863618
45,-35.400494740059635,-499.9999999953529,499.97091543778293,499.99999999999426,388.51750521161756,-53.02073194067931,453.30544238492377,377.8233281413371,230.30032615249792,87.71280056953907,104.93704831128173,-115.8488859754043,194.95136413620972,-94.41332837066699,407.3527903189423,276.0516834837334,186.52072018799453,499.9997776094142,371.8323462722256,499.9999992051104,323.8206674667023,499.99999999999926,91.15038525133366,184.5737361158258,-343.98851520745313,-143.19801392730898,216.91505368516994,50.66437090187287,-52.814722928110314,-212.71851777443123,-4.008128907532118,-79.145660088868,-112.3793823818095,-499.9326908101776,281.4481946407132,13.83454844053794,-60.75405190373961,-217.1231026593807,26.693102131493685,-7.718766565356966,-123.24046997922214,468.7782419177482,-281.03478429556037,-359.8915600200421,-398.0574819304935,-157.36002097139263,10.695213797371235,-2.106315542925047,69.72665531931905,-25.87766065417367,474.91569853019973,-148.67895867525206,186.4207971178596,-203.34471475239295,-233.32712640561382,26.10482254757716,185.08701387772498,-215.4558842201144,-21.881732346670297,489.9178332379164,-473.67922393229003,-180.60971429829743,-444.6921855360741,-366.0485505877331,-267.2272922509949,482.9112586251442,-68.54367753313525,-152.9235164519132,332.00357017302366,-240.90435912486208,338.8065096241923,48.0524194585897,499.98691882812784,-315.9720673245925,406.4662224998099,-234.20435501798394,319.8762057631008,496.0486369920997,45.55765952716504,-31.06705872886789,15.492908982213287,315.53807206260893,138.67524211443202,-251.845902137315,-114.36266140309522,-218.5996979646088,136.24188993431056,382.1880849102409,-256.35673531927375,-223.09467885984523,-91.87391808703583,-34.34382997299307,-163.7539164096337,-136.12461689718185,-39.24379981500375,-456.0020974404773,-11.099703825142841,431.0183643421242,-107.84210505468695,193.9386084703943,498.65805099490416,-357.78520266896675,405.9388272007527,139.32733177123976,110.13966898092922,2.7631299922658785,63.28000214384534,-482.9481265273109,-162.97861618643194,-249.4869934894509,348.36699240071744,-112.27891066557882,-35.64516853755325,496.1395082535738,-63.913103910403045,416.62658986558006,170.48745258876139,464.3958031330041,-249.36117068048404,308.00404940440256,439.9081296560176,73.42751120531375,433.8232431626237,382.49890374067866,24.77866768278246,385.8116954430208,-227.08161529965574,39.45068548157997,177.00873523551203,46.675049733703766,477.97715987426994,371.2942106723219,222.77948667258102,-15.699827852028475,499.9082952600233,499.85719357219966,-95.12039666879174,143.60991628090193,1.2625794391283933,150.53045304622037,49.04214503624949,-7.958998215866524,47.43578221347613,-62.14603270887746,14.222727864371869,153.64670073360722,-10.684925770057552,95.8737126519665,490.4803425671649,-134.39657732704023,112.40808103877724,276.8176635266247,165.48697430466171,-181.96180589098168,-38.45556266243632,38.10245887003055,469.91847137667736,-8.33233997591005,480.1450996923599,477.9005283204767,111.79651701768243,73.4082058524638,32.41222477826047,99.00728859689909,-78.81954048389639,144.20771825173335,67.52091523306706,99.51110170664789,45.700290696060065,-25.621852037304496,-127.1963781556092,271.1408642868383,169.59345150024944,69.05377427166772,-159.56767175672576,499.9640533352204,499.9999999808805,62.22350459964882,-100.78046806222072,-76.7298941276612,-78.34303704133062,131.70444482879248,127.13345369605695,28.462307378846983,168.98168552879716,116.90177464699775,-8.40832692702794,100.7767811078379,4.589046061201639,276.19682998372207,135.05075183689868,41.17435999718029,-457.91475554051294,-25.069877034605597,-56.89661572108215,333.4890974355447,-497.3008343228977,-487.7365504053064,21.539064084565247,75.84167132544512,157.09291952257783,-53.97324038429649,-15.351631747930842,34.78130429685556,97.01989666839471,429.31303697739673,-25.22664050000873,40.34780993356546,194.03874541307505,-265.1471243433399,10.570983665888187,-37.275128022291376,-55.37959993715454,25.953812943021102,412.29506228999435,265.3349097854564,-50.87212867412447,26.490156907262964,22.200098805521936,-31.025004120150808,326.936718310388,285.85156316603536,309.02515891371985,36.959664012535185,-39.22693035490276,499.99999999999955,-87.8225674952188,-10.920106282571899,110.5001142398334,-2.779829172078537,-2.5249330329313824,442.24050587384977,260.7264115214048,-105.32136827154616,24.357539857280766,35.15848724856241,70.64627169677263,36.256023641379095,325.75845550646585,-57.6328717715227,-10.177771261170614,88.10233775327697,96.70799598921188,-7.1629269154484385,11.49327578771004,205.50091674462416,64.52286727682788,-145.22631066636905,100.99883492703928,-60.80825152540118,147.2368084248904,-286.09479346969835,14.753444527313782,-313.3184393796953,45.17886488612016,-307.93443998819254,-443.7477175892867,68.98854390668448,-258.1106991087666,-87.82256766824112,-342.1634657039218,-41.08574830585539,258.053112643514,-345.9816755499557,396.3290805300197,-498.4115771095018,-499.7199305422922,-8.879238192221463,84.62408441232468,-233.1254623898647,174.62326364332733,-263.0924732155508,-499.9999577358724,-16.160806490412288,-52.45011678601891,139.3241179069293,-495.75281817215455,-177.2466563495635,-158.79853100456523
46,-33.124325637504285,-499.99999999601283,499.97247330929224,499.99999999999284,390.0401719326605,-49.62453727837845,452.22231301213156,375.14118535543406,229.15487004778194,85.33632858152015,103.11122558646339,-118.06137081370241,195.87148949510174,-95.45337735493922,408.28793081075486,271.7910232822116,182.08913398955843,499.9997784822527,368.56232216698123,499.99999891141647,321.4968290922849,499.9999999999995,89.35931814322636,185.27034323822926,-345.9221301057534,-144.57721413117514,217.305742606915,50.36943616903482,-53.454208060063294,-212.92802977529175,-3.9443654219124373,-77.84931106121223,-112.38496095820776,-499.9338074317667,282.7964450424275,13.725665955685516,-50.09466841745481,-216.39067671259272,26.000590531626436,-7.562380142763291,-123.52309714496089,469.1206954650842,-281.15038950026224,-361.0793953973953,-395.95801542495957,-156.3262053983427,11.04146607945983,-2.9656140877753687,70.18113777279325,-27.471256968195352,475.70062365058084,-147.06908180299558,190.2625982746647,-203.0785225472271,-233.54667832993678,25.632726348897712,186.19385777237832,-216.78839851852896,-22.323756311771962,489.9967057176556,-473.8808831999667,-179.82785555010923,-445.07486441062235,-366.0903831306686,-267.1149385051174,481.9174535720273,-68.55085495096331,-153.34892270980313,333.91096745200315,-240.3891153878362,338.44672522244224,39.58783916558829,499.9875184975321,-316.81023922110626,402.1292293038726,-234.37117074014606,316.9267211637841,496.1955340261052,44.3233831323039,-31.01459808955084,11.032436340592728,316.83887895275285,138.62046089136442,-248.96565175749092,-113.92669908220634,-218.60150913960834,132.90679784497215,380.3105446581203,-256.9628934289468,-222.99169240376526,-90.64566231180916,-31.11525010977985,-163.48696736350254,-136.27493215206914,-38.90979152494955,-456.23069397575557,-7.017255736471667,432.2093266040108,-107.6822631899829,195.356022942978,498.6557387212179,-358.9420661378309,404.091790073282,140.03006553677474,111.11219162094903,7.0429572551200055,64.3265630210768,-482.4636690743054,-163.22503501563332,-249.6761149286021,351.0843928276264,-113.0692528334539,-36.12080070497212,495.6942381887748,-63.80533654314471,415.75008531345475,170.39670051069584,464.70115399729485,-248.2411637779494,307.29587220800283,440.9777573232227,16.510882404308227,433.6891944148979,380.93643255623067,21.228163976830242,382.61786852299093,-226.632056178175,39.884666207602265,175.04386004636692,43.79232605873652,478.5103059205575,368.568308589523,221.27708702662264,-15.427283129867186,499.94013279902913,499.86654763305216,-93.74879092347022,144.70360493790665,5.872314572907371,150.39259797102181,49.66619746493589,-7.815019731151403,47.38945467489496,-62.32775281007673,14.76396429152328,156.19155096020225,-11.555152065157632,91.396435402461,490.85155933879054,-135.22719749100207,116.99610901054652,274.4117760647427,176.13833281031958,-181.05561069360985,-39.27232523479309,38.136421282978105,469.6017816150452,-10.853456914943719,478.7605640542789,478.2181094028519,112.36716016862908,73.90942720310919,31.846940799079473,93.2264001052313,-73.57283969831897,143.69031771172186,63.56567713361606,100.75859875517462,40.823159521545215,-28.177052363433507,-122.76696113254786,271.7052273030505,180.47076655130385,69.79680960360538,-166.5946651873645,499.9623429074584,499.9999999837059,63.32686049584429,-99.85741589500451,-68.44556736255288,-79.70695303797605,126.38434782006003,125.15078941207864,18.653798425987386,160.6747925065089,115.37605138709894,-0.6249738067183179,99.03879813392865,13.117397430248074,262.91769368916755,121.46929188856198,40.50310088284003,-457.9205659174067,-18.03302401988056,-55.34342930161263,324.33741562026637,-497.31174328148427,-487.9485944963854,20.002524530526948,71.12510288473068,141.91537722094048,-54.65561793863616,-10.201388263660922,40.71226843655103,93.59333693049908,422.1182521430792,-29.89277605943084,39.547793058249546,182.23568308143732,-271.6882182753226,11.899462864268079,-38.18866780196064,-52.8153168510527,25.41534505800598,407.1938226595127,248.0965383459216,-51.915876440569214,27.941930298325037,26.476689311457704,-33.76809594636435,329.3054209535628,271.29487057677784,310.00417386343736,36.10373684269576,-40.190527585515596,499.9999999999998,-82.26491407895493,-10.931304561601756,109.64111307495125,1.7171970163895205,-5.131580092396003,434.7266301440638,245.90404386934927,-107.19720382592179,29.070671787533424,40.21019637575026,64.56818955201118,37.16815905332831,307.8306070402406,-58.66687888573651,-12.36602440623073,69.22509368668842,87.70156233343151,-8.26322998241558,9.578573289163941,184.41046282647685,59.52180678366529,-146.23288945385357,105.14234502093687,-54.3115745384746,124.12478610935023,-276.98569136523236,12.663294232209362,-311.8435380601433,38.634780665236725,-308.4735130206641,-444.5720898816988,65.75715170506342,-258.8489731928628,-82.26491424144623,-344.41294301953695,-41.341587218827264,260.16055961654916,-346.3837342689013,397.8088188738892,-498.41204361486814,-499.70139817187334,-8.680126239451615,77.72566977424792,-229.1570614693317,170.47329492338991,-259.88463642814844,-499.9999591741746,-15.991812969566453,-49.889131149141036,139.90890135522707,-495.7471184242125,-176.190782395704,-159.8299587237238
47,-30.993703117429085,-499.99999999655563,499.9738749682708,499.999999999991,391.4879018180664,-46.44317578055803,451.0900176007109,372.4158244529508,227.9525816844894,82.91162457452968,101.26697503875499,-120.27806679321414,197.20162753817718,-96.52792033584781,409.1368362276999,267.49608401345375,177.62537427772236,499.99978042960146,365.22570673734924,499.99999852194446,319.1784194252665,499.9999999999996,87.54724862201869,185.91120862312877,-347.71948225048135,-145.90587664001276,217.658467037622,50.0855673043548,-54.14081739099791,-213.01940512534642,-3.883176583675264,-76.48264713204979,-112.34907901298975,-499.9348569762487,284.05788425187626,13.713073909231303,-39.59522947486998,-215.65085992214918,25.29688824438911,-7.412131185956508,-123.77302587030427,469.458331483447,-281.25129930675115,-362.2565455114113,-393.84259689453984,-155.22634075194844,11.393597828476077,-3.9073761679863006,70.62386767251866,-27.910391340686093,476.44605513965627,-145.34301865115523,194.64296536650573,-202.8002427324756,-233.73111863995356,25.050991692408704,187.32878947945932,-212.57473050157623,-22.77904766193699,490.0581647530969,-474.0694960373217,-178.96464423068392,-445.4326440145331,-366.1264831747732,-266.9661303454849,480.84824896552345,-68.53699178596588,-153.74894700449778,335.7579457396041,-239.2010966969324,338.011933239176,31.521078602315193,499.9880342986072,-317.5549838326875,397.65971847139906,-234.3728674769135,314.00363189323434,496.33632265493424,43.044796062282714,-30.904992197216096,7.534855124419217,318.10080738977126,138.70852710386708,-246.15416396672939,-113.48674509537133,-218.5965178954908,129.7244091786893,378.357414533459,-257.5290660224198,-222.56784652483856,-89.18252754627277,-27.59781611184729,-163.20270253527272,-136.2893389842324,-38.600723391614146,-456.3530272955441,-3.1043491881871685,433.3277049526649,-107.51313543080173,196.76426154676253,498.6510142411739,-360.09006773564346,402.3191140885126,140.7561932478666,112.06793088126547,11.221531801505245,65.34567544429379,-481.91232955751826,-163.48838938270987,-249.74933786562232,353.78630365014186,-113.77303458271754,-36.59392846633834,495.11771137789276,-63.70944498829588,414.81611315080755,170.19583948687762,465.0083467720893,-246.8124483256613,306.4963557243629,442.0021827678838,-43.94546493472985,433.49660745569,379.33549224238163,17.89883414357536,379.39960742330203,-225.71315955245848,40.45340471479501,173.13048925788513,40.96184075959057,479.01606668923836,365.93386480374795,219.758713423965,-15.161288587379433,499.9649045233976,499.8754212132293,-92.4070371057277,145.763691261025,10.198993072671108,150.48723854507898,50.38639583817433,-7.23300652677737,47.43073051392838,-62.47301005768701,15.361268257264589,158.8149454900527,-11.860612744720392,87.03602647035503,491.19584449736584,-136.0155666255816,121.45723669715215,272.0397225077823,186.32352560234426,-178.87853301690802,-39.797769258255684,38.26998744254587,469.2670688118745,-12.003864151576698,477.2455462247369,478.51219790042853,112.91483599247465,74.3980841296568,31.3129371014413,86.5421006552503,-68.44848954916029,142.8363720557723,59.30396899749203,102.0213118077774,35.343582660790794,-31.07745993279999,-118.54917467874178,272.2581960724822,190.85789630103588,70.54355879727477,-173.42443569281224,499.9606396686875,499.99999998607586,64.45915619364263,-98.9693005489269,-60.439259557215166,-81.95495994666076,120.52406408400599,122.68952727026388,9.159005895419906,152.70185386105496,113.71890160055494,6.875666004913206,96.11828773294782,21.345085882174025,248.38170924596793,107.88002498131237,39.76201159233057,-457.8737703162832,-11.240992629587364,-53.61829795940673,312.4519755231841,-497.3189426489646,-488.13630694707024,17.13230267170789,65.89024874105709,124.24804732664448,-55.250420900319746,-5.365051829786276,46.47602969206885,89.75146736353183,412.76000904224065,-35.10053265764353,38.67531046394367,169.3582396103596,-277.3054437518251,13.28402839915658,-39.45123984319619,-50.36788313690966,24.792800901696296,400.44157313527074,229.809003606644,-52.94017398853232,29.316316544677225,30.678279680687417,-36.571598663038856,331.60893348670874,256.2695584958573,310.9676173717074,35.29431692633213,-40.97874848727666,499.9999999999999,-77.04667890398945,-10.865840633373391,108.5801475770819,6.133823113885664,-7.720293227709128,425.71012262163333,231.05596143342,-109.02693569187619,33.80178736904296,45.35270313816688,58.06441794306039,38.22989616853554,288.9145968867699,-59.624810805863426,-14.393053225949568,51.28857704698588,78.78362910850109,-9.425380409452151,7.558768252386539,163.7268389392177,54.812868690620405,-146.8734030156387,109.80616125278924,-47.67813327128395,102.17854962489515,-266.17169709492975,10.557433998420134,-310.3740914282125,32.27205429222097,-303.8296129448593,-445.34799107336937,62.70571033131563,-258.4334704437863,-77.0466790565163,-345.24097501318937,-41.224980454038814,262.2632744014499,-346.71801773571,399.2558999831027,-498.4103641386852,-499.67530821424214,-8.268998285161947,71.14993068827744,-224.92186269196517,166.80109446334464,-256.70776798224983,-499.9999605071007,-15.557374232145765,-46.50958819665956,139.9474571432001,-495.7354474256025,-174.17460081432682,-159.80925915651335
48,-28.999465883355995,-499.99999999700515,499.9751547205204,499.9999999999886,392.86639912317014,-43.46354673041834,449.8995633237115,369.6492408071058,226.6810504571461,80.48626339971528,99.40915060674362,-122.45712164250986,199.31485023081478,-97.59009826379952,409.892729855576,263.17200394815796,173.13360580421744,499.9997832346664,361.81255898625625,499.99999800831654,316.86029350766637,499.9999999999997,85.71810376127969,186.48440899866594,-349.37811752208927,-147.18737826113406,218.0136572135742,49.79369971353315,-54.881233379636775,-213.0539850492419,-3.82432193289713,-75.11393463339907,-112.26565156971502,-499.93584420631277,285.21578724577745,13.874474235233839,-29.317305924798145,-214.9022397761448,24.564683634847764,-7.266842308996906,-124.00923720038858,469.7920608343646,-281.338170347327,-363.37765680618764,-391.72376982499213,-154.15393843231584,11.748671659633503,-4.849154006216496,71.05508989215048,-25.176240440151066,477.15014846707146,-143.63554908363463,199.72551533398925,-202.51794603860264,-233.8734781767804,24.428960385173333,188.4815617032504,-200.55815814358454,-23.25218452769706,490.10208952628267,-474.2269254777529,-178.10229484554557,-445.76515148325444,-366.1561980583525,-266.7797588975218,479.718192179116,-68.54735409378695,-154.13622055372042,337.5464036146675,-237.09201868685497,337.5358153539937,23.83708919052691,499.98845822746574,-318.19859275951654,393.22058446292,-234.20994135884342,311.3656187170711,496.4702272352215,41.80248976513248,-30.714719798229382,6.078697976313253,319.3249883646837,139.0058825108512,-243.40716657254237,-113.0334780686624,-218.58465228312943,126.68283611693718,376.4099150423626,-258.06722745591884,-221.7949052051987,-87.25086597037043,-23.514319519142003,-162.89578221259555,-136.16008745079,-38.30923328944741,-456.36110580355546,0.627094440515452,434.36753414262034,-107.33558378356773,198.07772038032684,498.64462381095115,-361.2290045884856,400.82285196105994,141.4431734141913,113.00572051476392,15.302253118796036,66.34357617878477,-481.278030842112,-163.7546663630182,-249.7726541074807,356.30904883805147,-114.387367429085,-37.05251342337585,494.36764747023614,-63.59266685774978,413.8691729572107,169.95000755404968,465.3201983819516,-245.02572671714006,305.6539544604742,442.9730382920977,-105.77493306211522,433.26528444220844,377.6978245887051,14.91605169059186,376.24661672032454,-224.3783375302534,41.18225514207004,171.44194833015956,38.18300521992909,479.4961632214006,363.669754686698,218.30048951698737,-14.896528140550862,499.9812718824973,499.88368095905736,-91.0917066058883,146.79435679135904,14.2271526456002,150.86670223297392,51.257856210765425,-5.819832722051992,47.65622815420379,-62.53826703532679,16.082034436964587,161.6278021730242,-11.174370466002056,82.90746216241881,491.51539522652877,-136.7269133484763,125.7699902012192,269.71197429999165,196.02240404824485,-174.56567195542445,-39.36596741060281,38.54612147741465,468.961618196831,-10.66001006952498,475.599502862227,478.7734707620786,113.50427964065926,75.01463460033251,30.859763833485246,79.34774409152189,-63.45644753057478,141.7932476118996,54.92356912065384,103.37631697239885,29.553347383523587,-34.12915128406714,-114.53372286584737,272.836281563076,200.72968919423772,71.37594791486735,-179.9749667523462,499.9589452288803,499.99999998806874,65.7021808040483,-98.10192516508368,-52.776102605955344,-84.93860463299596,114.38375666997378,119.87573316398391,0.07930182750556546,145.1169030366258,112.06706083283592,14.068024737750486,92.19566984054612,29.225471119245125,232.64994191447252,94.62606201612512,39.04048871654401,-457.76677973709695,-4.731644769198883,-51.67765358132635,298.46138982892114,-497.3226617571319,-488.3008271399371,12.747923495449236,60.26472520261517,105.40760995666378,-55.686298282865685,-0.9394262643596867,52.06158859740287,85.61864390124629,401.7123353989333,-40.80803212425265,37.848379448762586,155.21178227129724,-281.6387474299942,15.236079966738034,-41.00999824572459,-48.023045572396626,24.177119333539544,391.35150282335707,210.82707661417874,-53.906315132413816,30.67349820137586,34.82586281689393,-39.342681874187136,333.79188562449855,240.7842113730549,311.84414805049494,34.53196045590718,-41.5399454564831,499.99999999999994,-72.14934566348647,-10.754568073378625,107.52928089844846,10.497055573060566,-10.16511435397833,415.24120517767244,216.36540658260344,-110.77087731317336,38.585257932621055,50.63829673192292,51.28948800223245,39.518485426578906,269.3734639092939,-60.40611825321521,-16.14670690724816,34.48009795246678,70.1858610111271,-10.587387590635458,5.510803750313415,143.87864512325623,50.48054027225011,-147.05552973086623,115.02714610568168,-40.92998336217062,81.65688429157201,-253.55386331061464,8.568717887554692,-308.93234353150496,26.257384849698276,-293.28473621911525,-446.0700332915322,59.8991924529012,-255.55983710627083,-72.14934580661681,-344.5196132959387,-40.72860359484142,264.41269491269423,-346.9800176921459,400.6864132197179,-498.4083759124921,-499.64137113388716,-7.628236516567556,64.97325265961143,-220.48000846855442,163.68683246389958,-253.63101202789247,-499.9999617442123,-14.789253938343437,-42.21451661260166,139.94199765968602,-495.71926110853855,-170.07538015922378,-158.60517814756034
49,-27.133004119254856,-499.99999999737986,499.97633651442646,499.9999999999853,394.18154479223506,-40.673261080548436,448.6411460036778,366.84428444270503,225.33125246021524,78.10694474769878,97.53714577238448,-124.55910201467614,202.00692973567988,-98.59854941236142,410.5479145514799,258.8266912036504,168.6160292896881,499.99978661311553,358.3127765860895,499.9999973337913,314.53590435069486,499.9999999999998,83.854438279003,186.97656172898417,-350.89000908769265,-148.42846949680117,218.4150166574412,49.467158769017544,-55.685319604490275,-213.12797638112076,-3.7717443165361426,-73.8553702553612,-112.1291459423779,-499.93677347829106,286.2488127427729,14.218480849674483,-19.390365184680295,-214.14468608877172,23.783611437697747,-7.127781082932696,-124.25340533645844,470.12239283700876,-281.4160664326798,-364.4368083314255,-389.62249789724694,-153.19841464548153,12.100129915808592,-5.721868362342205,71.47504853206836,-21.720979549090142,477.80937703100733,-142.08561790278316,205.08127320376906,-202.24655903780237,-233.9685891019652,23.819283339372923,189.6221116510734,-187.40273265050786,-23.741864966191525,490.1202686150328,-474.3565601845161,-177.32741652945933,-446.07368873706685,-366.18331639748595,-266.56633818496425,478.5257694091446,-68.62226480027778,-154.5269006483187,339.2781874685053,-234.50043669222396,337.0440655663654,16.51707700355525,499.98876884776575,-318.7730154800918,388.7638521925121,-233.97187537084992,308.8816402068643,496.5952984486283,40.62002730503517,-30.41851790550606,5.138701361439921,320.51252303649966,139.4452707526898,-240.74985848428258,-112.56455601320417,-218.57026592289174,123.76769431357586,374.45750273064704,-258.5928207386047,-220.791407540007,-85.49168265272134,-19.688399693107712,-162.57069585457546,-135.89926353674244,-38.04331175729269,-456.2392967020765,4.122946279585764,435.3128562712528,-107.15042003344143,199.16944311188695,498.63704284303253,-362.3587892737961,399.57152839971616,141.9920830680943,113.92398243055628,19.13891629187422,67.31095102414646,-480.5346938655354,-164.01392959452022,-249.87384720517818,358.4366319567983,-114.92975040946139,-37.47619189035222,493.3657507992778,-63.402789596805746,412.9265537932748,169.5274483303897,465.63780355708326,-243.26064396642977,304.8104338430911,443.8758614472599,-167.09306545333027,433.0140172202975,376.02474188293075,12.394132561566746,373.15847956682666,-222.8370342496834,42.074789288518986,169.83908699815947,35.45473222948534,479.95203318853146,361.59819881428683,216.87538244508704,-14.625673660177698,499.99068198716697,499.8910866433681,-89.81745505973082,147.79954322167833,17.92390014019605,151.5415370054096,52.274967020983844,-4.623896977650888,48.12556682208672,-62.62620541233176,16.796690587558647,164.70746550221784,-10.671911656370588,79.06910236764354,491.8092467021968,-137.3315724722486,129.88758389820873,267.43041136457657,205.16322635163172,-169.74640356303505,-38.579833651594015,39.010679127107295,468.66104603367955,-8.33998355560006,473.80311630987234,478.9831517831644,114.18521470119953,75.87884306735364,30.52939041884694,71.9810314036021,-58.685347823156384,140.69151133323578,50.60216939372693,104.87194418809354,23.726522299343408,-37.12289384703341,-110.7580945874723,273.39054787698416,210.01051461512785,72.34202539425532,-186.17388898840827,499.95726144732345,499.99999998974863,67.11363851375124,-97.25580628769463,-45.58810154524599,-88.21486697434287,108.26829058802804,116.84061404583709,-8.470651864403939,137.9529058768658,110.50696397099597,20.88887464100444,87.73506625277359,36.64785681637596,215.89683663277003,82.02194203022198,38.402736376147125,-457.6304264743283,1.378480433260415,-49.526327250568876,283.28088859817257,-497.32366775679515,-488.4448894704684,6.904852314374727,54.39193462106597,86.54287583540905,-55.92168813546454,2.9171710501129007,57.39238183387057,81.29061115869685,389.3252614789147,-47.263586042079446,37.14073788340238,139.59298042009152,-285.72253597820213,17.320111386933455,-42.80328689540388,-45.83393954986966,23.608131136954533,379.44660610761946,191.42508351592622,-54.817474019952975,32.00391784405591,38.87734256508546,-42.01238329454202,335.80670336479244,224.88534344749556,312.5788318601748,33.8180067113924,-41.89230335529813,499.99999999999994,-67.55500375503696,-10.626719825080142,106.59024199392731,14.807899362464063,-12.37563134191152,403.5105661604189,201.96890423855362,-112.40176701349935,43.44373564150632,56.038171332373444,44.42010543428572,41.05372415178758,249.58801841057172,-60.891424239134075,-17.54555035367542,18.91965280602102,62.06489063739011,-11.692724165913612,3.5664843828225754,125.21069172048874,46.55753059482587,-146.72321939758677,120.77611935465043,-34.12188438226307,62.68269519035241,-239.07380586618785,6.784373078643558,-307.562728720357,20.714353865234724,-281.75828745338055,-446.73435620640004,57.377919525707874,-252.17389914477008,-67.5550038892851,-342.17855312868676,-39.89802794152063,266.5564508696485,-347.1662223863843,402.1000616067582,-498.40860576444055,-499.6000945531913,-6.789669110440321,59.2369506259429,-215.93882314548046,161.17093115119897,-250.7543357905011,-499.9999628940343,-13.645147396006596,-36.99850439439684,139.78472270735216,-495.7009395375888,-165.63478563372925,-156.1513894220462
50,-25.38623297350413,-499.9999999976942,499.97742234621137,499.9999999999809,395.42696685411,-38.06062221632073,447.30432190067,364.00843244354263,223.8883316118029,75.8301832207713,95.65429443788146,-126.53196716107453,204.88599795208674,-99.50069929841648,411.09481681350235,254.47323232727692,164.06793386431846,499.9997902427674,354.71319960988575,499.99999645041856,312.1742822263941,499.99999999999983,81.91839392428643,187.37122866526593,-352.23794117850895,-149.6281166009663,218.9152192229603,49.083025998692335,-56.55973307999555,-213.33432641351695,-3.7426164270538362,-72.81629624742695,-111.92880036243922,-499.93764878259105,287.1363010650908,14.631131132962919,-9.920010245076188,-213.38080556101133,22.938100892640463,-7.001006599150895,-124.51616929222702,470.44872948100095,-281.4868348364065,-365.4724170961424,-387.5665866059412,-152.4076120370126,12.439181771918708,-6.428474790820335,71.88399360368709,-18.262823515052723,478.42083578902134,-140.77297889286984,210.21572549627447,-201.99142745558274,-234.00678127670975,23.314636775695984,190.74222072351503,-173.83409900234582,-24.221908713564257,490.0984720535912,-474.47505750908584,-176.6894570285776,-446.35785303705825,-366.2131311664273,-266.341569017551,477.26297971755184,-68.75182507986686,-154.93221267899838,340.95509187076533,-231.72080406159358,336.53805600144227,9.536915212370584,499.9889344229063,-319.33490733673733,384.22777389381656,-233.7704518374847,306.39520410500216,496.708842330657,39.462737218768545,-29.96690220723539,4.194558948312625,321.6644831396524,139.91782728134464,-238.19103811165078,-112.07254990408525,-218.55486544617452,120.96439591493045,372.42384049163235,-259.114824693737,-219.6814126525514,-84.17417782787092,-16.46841329032092,-162.22410687926677,-135.47373327649694,-37.801040370790794,-455.9608567619487,7.397468247211855,436.1322616805916,-106.95840817085552,200.0021043749833,498.62822486014954,-363.47923010573334,398.4373604993383,142.3895904724442,114.82053208140208,22.728409023046606,68.24477652659077,-479.6404701064314,-164.25318480900089,-250.15383981903932,359.9991729679019,-115.42269074391648,-37.79147079398551,492.012095534075,-63.03386529678731,411.97604283800365,168.840764946669,465.96034826786996,-241.66602786873574,303.9708626510935,444.6966912960377,-225.8249197593879,432.74800726100113,374.317166710448,10.492882083452704,370.08802163421825,-221.18010396535004,43.11909173076226,168.22239512572537,32.77862229208916,480.3848122767074,359.55190620954005,215.44177448514205,-14.332873351877689,499.9955540460067,499.89742400800793,-88.57134344074396,148.79209129313833,21.346628557255624,152.50323052071704,53.441406078329855,-3.9478283298075105,48.899664119912586,-62.838292749417214,17.349251796598264,168.10394144129438,-10.665543330346678,75.58224086294335,492.07750118735976,-137.8225331053189,133.81856196502446,265.204158258629,213.704363042981,-164.91095299656814,-37.822521899347414,39.73240727790854,468.3357043243349,-5.538351659412598,471.85559356129465,479.144717838109,115.00863188037005,77.09005810888033,30.39018703802355,64.66728750577325,-54.180043168760136,139.66244660638537,46.52904954341145,106.56327808004433,18.104526573102653,-39.82027705938642,-107.22429621745226,273.70102449717376,218.65277767239067,73.46686336929318,-191.96468707710275,499.9555906220019,499.9999999911682,68.74776083420318,-96.42070217194671,-38.97651454148719,-90.92045370659775,102.39892404435413,113.73449330034776,-16.38212002200841,131.23592855666482,109.0659326652874,27.29654556486546,83.62165243088289,43.54241479661283,198.389084941853,70.3121989520387,37.92537347206307,-457.4955094406844,7.031134362715121,-47.17280414219837,267.7409187020063,-497.32337233102623,-488.57463357928737,0.14346166351462014,48.43886927004529,68.48619867082971,-55.906514775851576,6.169669470061124,62.431721746236846,76.89745857229825,376.0060939536006,-54.528603345735974,36.62134581268805,122.67093373905242,-289.47475546223603,19.33896992288183,-44.719876200736465,-43.7941974250608,23.152715293950415,364.9033941454307,171.9888147881708,-55.63096099740481,33.35106998563738,42.8164957239719,-44.508809968382344,337.64112954086784,208.81782906197336,313.1879439040218,33.152628687200064,-42.138074244780995,500.0,-63.246415256360976,-10.464369574749847,105.85458963508663,19.27682188875402,-14.24333667217537,390.7720046180983,188.0361490694087,-113.88131731266579,48.66653593426402,61.51197656296842,37.72535854169113,42.859703373331996,229.93116344361448,-60.770477334843406,-18.555736629773865,4.624123407270361,54.584278968849006,-12.67771256806963,2.1648635211750795,107.81914268703046,43.05773833587921,-145.83015976160982,126.93995513617534,-27.322700061486312,45.196028641382384,-222.75100695609441,5.3043456283295845,-306.31977618489657,15.78718045963795,-269.5026805786091,-447.34019016038843,55.15950215932382,-248.71589156265398,-63.24641538224715,-338.31010154896154,-38.794716364123694,268.6005929250811,-347.279047924174,403.4609116064199,-498.4142985846771,-499.55274460321044,-5.804198636625487,53.95486448120523,-211.47196876353937,159.23882589195583,-248.19683901824231,-499.9999639641834,-12.060080733333196,-30.939543731121375,139.74303984883738,-495.6839441309156,-161.24948722945695,-152.48878459407754
51,-23.75155272322806,-499.99999999795943,499.9784123456869,499.9999999999749,396.5969419699107,-35.61458319480888,445.87891979648253,361.15829074295334,222.3341579646497,73.72695947972652,93.77435086672212,-128.30861735053006,207.7700284461819,-100.22740914117294,411.52667745751614,250.13282132613995,159.4912861502353,499.99979384060504,351.00057142635575,499.9999952950054,309.74628902613034,499.9999999999999,79.88929919382157,187.65410211686435,-353.3948319956518,-150.77538929847756,219.57778969757882,48.628964776449,-57.504872220519985,-213.73821710443883,-3.7518332795668714,-72.07402036365818,-111.64490198589746,-499.9384737817072,287.86281932706356,15.02914913818356,-0.9889205203302005,-212.60996621397197,22.01709021945794,-6.888384971262751,-124.80319962909783,470.7707300439641,-281.5467594839789,-366.50702507683866,-385.58219191355386,-151.82201484503736,12.763929907940962,-6.887822009126662,72.2821715338305,-14.806233383888303,478.9829603073907,-139.76821837404376,214.8756692939637,-201.7456378401856,-233.97179876910104,23.000529211860147,191.84241921006313,-159.79809798415204,-24.65476797002902,490.02472374142644,-474.5892306946075,-176.23061103509275,-446.615658878421,-366.2433597175233,-266.11376432367354,475.9291539624404,-68.9096979583432,-155.35883043188937,342.5788601144972,-228.8175149403225,336.0144194510633,2.8741102148538253,499.9889226786437,-319.9356986897919,379.62356375599086,-233.70162317886746,303.8734294186658,496.808185943801,38.30803980149998,-29.299311527978105,3.1713708742600866,322.78191164312346,140.36283062170102,-235.7129387430798,-111.53505754220294,-218.53488148106777,118.2593112055867,370.2678774660265,-259.63553306520055,-218.53325250857975,-83.20891331916282,-13.735585357582545,-161.83781650939537,-134.83679836969586,-37.564402814864316,-455.4911852047445,10.525644903041108,436.8007123643804,-106.76026788104168,200.5752047217248,498.6181039498772,-364.5864917293012,397.372004251499,142.63907688551393,115.69209754356557,26.132744684307944,69.15264615160174,-478.53691564823674,-164.45893809933497,-250.7104656996849,360.874568008971,-115.87407369332828,-37.89966769689682,490.1907277624402,-62.350177944181404,411.01319767813237,167.88419301124037,466.2878109536491,-240.26618502930887,303.1290728514628,445.4261140498389,-279.737094280434,432.46570873769207,372.57987875869594,9.319326030112707,367.0364114503782,-219.43052671406767,44.30946050950383,166.5650242559476,30.173079261361497,480.7958680280641,357.5003548858457,213.99333151106427,-13.994817415177566,499.99790317003345,499.9025013636335,-87.31872107496439,149.79225718804312,24.65520112908447,153.7440078784296,54.79256575475017,-3.6490549806858357,49.984904677669206,-63.19412419644298,17.693001313146304,171.81223156798737,-11.0219145978871,72.49717755139267,492.32336612178193,-138.2030582510551,137.636597817723,263.0662517776914,221.66238107506916,-160.13410753398105,-37.16136263125867,40.79264809358623,467.97407981222517,-2.2236298037281013,469.7752726082996,479.2770571683088,116.01053168617666,78.69291697690416,30.524963004450818,57.46354092371349,-49.936750445802176,138.81496006149473,42.84758925348422,108.48275135141132,12.851245285313128,-41.98650915339852,-103.87239094693916,273.3127627020379,226.66427934742165,74.71876704370814,-197.32444168944832,499.95393562040266,499.9999999923707,70.63576916944079,-95.56517543464811,-32.96516524125974,-92.06609966167694,96.81576855087528,110.6886651094173,-23.618035211874663,124.96243911487488,107.66800785204973,33.32546937763383,80.9190471798083,49.91063294643924,180.41831054087595,59.565106608513986,37.66991925172143,-457.378811395452,12.253358074087854,-44.637299689043324,252.39239922682665,-497.3233504601569,-488.6957021544677,-6.634847148857673,42.5538397536639,51.70123580383417,-55.60567455566008,8.921044820285053,67.19311068585463,72.57253837546189,362.24037907043447,-62.23805787281405,36.32719867927124,105.04236332218953,-292.6559384496299,21.431827331197752,-46.63087397027817,-41.847320246428374,22.871105413292632,348.4174288112494,152.9744270068172,-56.29115749486551,34.784143556757456,46.64017787179395,-46.79320653408805,339.2924696030276,192.94050731428845,313.710600981841,32.54518704719594,-42.500650252221554,500.0,-59.20702677320341,-10.220326307228907,105.39221631406795,24.356095944161623,-15.660161789664004,377.2433336024987,174.72640147678516,-115.19195064194602,54.840387035468176,66.94507574830386,31.55828600101887,44.954849786890826,210.69181022262418,-59.60416250461549,-19.284003256105827,-8.571849903987898,47.854979520756636,-13.474041463274345,2.012080716503902,91.35293219113548,39.96891026019814,-144.39510951990792,133.19000281440617,-20.627522764556694,28.848590833371908,-204.75245629471004,4.235163231964307,-305.2914623938279,11.573665377832151,-256.33803014926576,-447.8884996794553,53.24722436145255,-245.1654222677277,-59.20702689121464,-333.4616539247374,-37.53918774900823,270.51343602187495,-347.3233154304071,404.7469862943587,-498.4296976237065,-499.5015771046987,-4.79218717678183,49.12484405100811,-207.3770206726903,157.7897215029998,-246.08613335887898,-499.9999649614821,-9.908185504867362,-24.241679853295526,140.32733121619876,-495.67344883993576,-156.87233127570227,-147.87576880948308
52,-22.221835883374357,-499.9999999981845,499.9793100418387,499.9999999999664,397.69259927511234,-33.324741304407496,444.35498370827156,358.3132093271134,220.65495597864566,71.8362392666411,91.90888513526293,-129.8489201447696,210.60867228251627,-100.73764722489716,411.83764860240046,245.82662385730976,154.89571167971107,499.99979720245994,347.16270787943415,499.9999937831939,307.23854033732573,499.9999999999999,77.75930562673382,187.8152527764958,-354.3336480637692,-151.86224661359017,220.438076159871,48.09918076969216,-58.525968405056915,-214.39226308069715,-3.8065740320895816,-71.69292305704364,-111.26004175055834,-499.93925183989677,288.4167261047919,15.380163342636514,7.303470244324169,-211.82879229305658,21.009544315888363,-6.7877935019359885,-125.12184745503144,471.08773959344416,-281.5937566723355,-367.54856035726567,-383.6960873664493,-151.48816293781474,13.075773012757146,-7.155144682242006,72.66981682081816,-11.287797647932528,479.4949786480239,-139.15071782372155,218.92354044250402,-201.50255107842472,-233.85032942162604,22.843033675155095,192.92391076513388,-145.26828992851708,-25.017675369212352,489.889266805922,-474.7001878900428,-175.99822535377947,-446.8457941771205,-366.26822931742413,-265.88703074774924,474.52738926016826,-69.08177014990359,-155.8124022488607,344.1511849402024,-225.78760336254766,335.4718198246788,-3.494223751369852,499.98870050121025,-320.62107066256993,374.99225623730194,-233.85544822989547,301.3264971847727,496.8906452087425,37.146100919643864,-28.39171742293211,2.0636087719444607,323.8658231742551,140.74475733880928,-233.30266075810496,-110.93394385249276,-218.50830661148981,115.63781689206604,367.9742683197578,-260.15547880150154,-217.38728679261908,-82.44472733689756,-11.303625493369633,-161.3968167541185,-133.96982682986743,-37.32237563023033,-454.798189052595,13.520691320525783,437.30653123615156,-106.55667568665126,200.85208455202766,498.60672680336296,-365.6749479356941,396.3806304745023,142.68573099431302,116.5337502364211,29.362355364860647,70.03133478395061,-477.1553069458462,-164.62945465145052,-251.66222525465943,360.954959263943,-116.2968616184962,-37.74341288074726,487.76429213220405,-61.27828304751268,410.0428614134325,166.66987945947957,466.61890689584305,-239.0494856363102,302.2822872828158,446.0577093394385,-326.9998520816659,432.1663344369143,370.81990394845786,8.786117280203015,364.02555214471107,-217.59375451490843,45.62513768371511,164.85582128656273,27.67150477695705,481.18657147263013,355.45459876871763,212.53385206171743,-13.594147427688469,499.99898947725774,499.9061027680772,-86.04223636536699,150.8161195524965,28.020939989392208,155.2189439870006,56.32246345243284,-3.5326611153010856,51.276191590158234,-63.684336105243574,17.83324807303177,175.7200966005653,-11.559172364437062,69.77515009839405,492.55165132058397,-138.48412660146286,141.41063723344064,261.0526375948873,229.07806735726345,-155.44217148096908,-36.58580591295683,42.23504710392549,467.5723915340006,1.7278917602054078,467.58409506956656,479.40018134944916,117.1460965112144,80.61796502472916,30.975318659441527,50.325464241099795,-45.96181305347767,138.15599995045048,39.57060852175002,110.56581518910511,8.00151441423692,-43.47557677489942,-100.64212925003797,271.7472949756285,234.0805349214363,75.97086103593833,-202.2832114729865,499.95229970151325,499.9999999933918,72.72595754964327,-94.67386418380086,-27.521429877774658,-91.27936537452277,91.40474162223349,107.73124281032659,-30.266974244904834,119.07043858240452,106.12874471830585,39.05805533262197,80.118153308063,55.78515766028681,162.2362814643528,49.625993213834384,37.59433287945326,-457.29260789563654,17.093891260777493,-42.00383959327612,237.42469281568077,-497.32564929878305,-488.8123637342799,-12.73558142945587,36.79588798389457,36.23306872427016,-55.082674492231355,11.297528346723173,71.6735050549791,68.36246969057278,348.35481253752437,-69.87749640332869,36.19551489499168,87.42191932136527,-295.204589610047,23.77842121955922,-48.49047810041388,-39.98728561406439,22.723202434057043,330.67260213510775,134.679930291685,-56.833502504306715,36.264163679168234,50.282777556018885,-48.922501003583896,340.7306355842964,177.51170433762198,314.14125840300704,32.01053727690731,-43.22208435140316,500.0,-55.42102901789369,-9.90241816713838,105.1589442628866,30.022682560391353,-16.684411106544083,363.12062962972374,162.1051674378902,-116.38665205901187,61.85067559178472,72.09037568112424,25.989491718019362,47.2646434125837,192.05506327602274,-57.56437532358816,-20.030213060021122,-20.971641369465907,41.82286597563002,-14.047816895120869,2.9658519427612053,75.18759019516858,37.20138511834883,-142.65907128914148,138.88039982567886,-14.2093209085264,13.093009753478194,-185.49650292794732,3.5503480007892008,-304.6339792497398,8.012464744698038,-242.24852528650803,-448.38372626921216,51.60105451975919,-241.48162319814404,-55.42102912848775,-328.8344349936888,-36.34147810489824,272.3093043166256,-347.306259321578,405.95874305676557,-498.4599584580755,-499.45025858055334,-3.9752783661006554,44.68908248308439,-204.1273231296448,156.60449675821746,-244.54384457747645,-499.9999658920519,-7.291864701081943,-17.55538453406946,141.75384120538362,-495.6773071740241,-152.45528117992973,-142.98986857758248
53,-20.79039671328496,-499.99999999837644,499.9801211999937,499.9999999999544,398.719730627322,-31.181303846723186,442.7216188759207,355.48646366831883,218.84222223366174,70.13448389466795,90.05623718785515,-131.16561379859758,213.36560498905618,-101.04632020249522,412.0224640148248,241.5658451425995,150.28936317787617,499.9998002031392,343.1859458469964,499.9999918006698,304.64842370475685,499.99999999999994,75.51989050049545,187.8465487042848,-355.0403118237373,-152.89357359122826,221.4732666171752,47.48918306715776,-59.642638319267284,-215.35400161666306,-3.911582283981172,-71.74374991108431,-110.77137776511984,-499.93998605238534,288.7869032677121,15.6734938448653,14.879700778806589,-211.0360094077841,19.899395263543433,-6.6994770450480745,-125.48248132736062,471.39741678844405,-281.63358981780226,-368.60032214051637,-381.936821623063,-151.44529627357514,13.370116799871916,-7.354592438485348,73.04716075872697,-7.729195847066014,479.95649852812295,-138.98515422191136,222.24744920145977,-201.26548525222017,-233.64471170057755,22.770378194614224,193.98828659572433,-130.36788604840027,-25.318605383565732,489.6828769885647,-474.8082527210465,-176.03195310036654,-447.0492456354878,-366.28818385897324,-265.6658253658523,473.0606898802935,-69.27572456510154,-156.29838665716838,345.6737091938545,-222.6230262690245,334.91072782307236,-9.596752059897211,499.98822789245287,-321.4402310872784,370.3654126856116,-234.3343442339696,298.75897483878236,496.95314256932846,35.96978993577542,-27.28514768678231,0.8326508886290008,324.91720453124657,141.029762529896,-230.97278332440482,-110.27937981096288,-218.47955505699906,113.082686599347,365.53752992164806,-260.67605028169316,-216.2799291710957,-81.80169668316802,-9.088424724856665,-160.90827657394297,-132.88835900005154,-37.08227722236248,-453.8608230640134,16.332370516128066,437.65181727393696,-106.34826751373244,200.78313173210083,498.5941784634669,-366.7418095404942,395.47132825867584,142.47062194691054,117.33884434213343,32.382577784290476,70.85711159598316,-475.42389706638596,-164.77508553620018,-253.15147847905044,360.1380514814945,-116.72152601114428,-37.34712550119357,484.5643602188402,-59.867633515659925,409.0711534619889,165.2119692270829,466.94916833811806,-237.97814568927916,301.43009258602456,446.58626435067,-366.65701132978586,431.85069531263224,369.04090870937085,8.699191745574216,361.07108474206103,-215.67276588114458,47.01929714881091,163.07692710071808,25.30898354887156,481.55764047347503,353.41620401769967,211.0641104142819,-13.13385812600209,499.99948431146015,499.90793212672094,-84.75958832000246,151.8631510555513,31.56563394815911,156.84990732386686,57.97448103034433,-3.5110440189970187,52.621594092955824,-64.29242838220979,17.78890072685703,179.65290735128926,-12.199945812636285,67.31854063345607,492.76667576693774,-138.68730797245104,145.1674769882558,259.18089155590525,235.9975019812322,-150.88342087299486,-36.100737217143426,44.04290790117581,467.12758964518355,6.297145466832598,465.2980717221853,479.5275770846001,118.31083546023288,82.73730825507235,31.727290631284085,43.30381601598821,-42.284367550061184,137.6106664743766,36.63591810207479,112.69622995165217,3.5237244453581256,-44.22917478289998,-97.51853866568806,268.98341765539624,240.95457914117128,77.1022492718274,-206.89538312231454,499.9506862351403,499.9999999942609,74.91381667374485,-93.76994440785597,-22.557862514250413,-88.93361438768164,86.11288541627067,104.80957055780281,-36.45316592609373,113.48752788211192,104.34095909150422,44.658828930275014,80.92003799737338,61.219269127754465,144.04854710257044,40.33457519736486,37.5957051217004,-457.24691069807955,21.59929797903306,-39.37416208854072,222.8742670538103,-497.33264021193287,-488.92790435843347,-17.984864723638083,31.154519189746296,21.924026153358337,-54.44148100878624,13.390847083210291,75.85961763488186,64.2350423866112,334.47587521224966,-77.12268267722807,36.1265541272116,70.2658522572245,-297.25255844371196,26.413553281269635,-50.32681940185454,-38.26028369296642,22.618064075407986,312.1645646899138,117.20953019754121,-57.339327970424186,37.68168870644025,53.66275567189619,-50.97919909644168,341.92349400030685,162.649934434009,314.4422823083416,31.550053868566213,-44.304453382956574,500.0,-51.873357363267985,-9.590215849783917,105.04617058575572,35.741647349541026,-17.510550136253944,348.6769969366373,150.17541191436405,-117.54145618518905,68.85232772475985,76.75107736856766,20.729039500166465,49.65450308654414,174.19421515489668,-55.2350331762107,-21.079024208779508,-32.76463799226036,36.3481597641401,-14.411509338555078,4.284520968501332,59.05681988322521,34.63194583091138,-140.9490977406981,143.3401146932693,-8.258140917854636,-2.407497977037076,-165.61251021198382,3.0772702108444925,-304.51965750872614,4.955243039037333,-227.4163399420671,-448.8353545400575,50.13914569577859,-237.69682289021367,-51.87335746689247,-325.7380141452962,-35.2946471457879,274.01161710815893,-347.241227228743,407.1063161470863,-498.5088278614904,-499.40394977677227,-3.4655068127523023,40.540448354496654,-202.21034173033127,155.44380102852298,-243.61563601443962,-499.9999667613969,-4.730667271859745,-11.942272428348964,143.8196053481546,-495.70391047973794,-148.04859190912623,-138.81795140539228
54,-19.450965463125648,-499.9999999985411,499.9808521556052,499.9999999999371,399.6852923641029,-29.175058966739893,440.96699045863994,352.68681213617,216.88990368092058,68.59157962253734,88.21159545667567,-132.27667732201712,215.9847959433757,-101.17180197860733,412.0764772533493,237.35481813275655,145.68167128523444,499.999802781094,339.0546283858283,499.9999891902075,301.9760984830491,499.99999999999994,73.1663403462122,187.7400898856405,-355.51624417207245,-153.87842362362352,222.64650571919114,46.79394743967067,-60.882283364737994,-216.671133261071,-4.070864014162759,-72.28351932752693,-110.18728297473086,-499.94067927081176,288.96173417804226,15.897615345323562,21.76766728104105,-210.23360371773967,18.66845158755327,-6.626274894699114,-125.8892794493085,471.6967038597295,-281.67397107867606,-369.66456906782514,-380.3216481375506,-151.6893519116209,13.637109636436712,-7.513422318907163,73.41444035817288,-4.179910518390997,480.36814167322547,-139.268594053424,224.7999285468046,-201.03619124323743,-233.37214009085915,22.796612943004327,195.0389085397033,-115.2595010458326,-25.58081633549748,489.3963562559071,-474.91383597554176,-176.33217814871188,-447.2284566444503,-366.30670140525035,-265.4531864491842,471.53219238981177,-69.49962450267752,-156.8164844053481,347.14802665233896,-219.3026696187342,334.33195634282157,-15.464440336222324,499.98745177705115,-322.4453600997678,365.7596087617033,-235.24759664891965,296.17478811697157,496.99200001687467,34.77143674441739,-26.056003593506524,-0.5391998141102422,325.9370152438335,141.18247716081913,-228.72533704482024,-109.59388857016702,-218.45386742493002,110.57525815611064,362.95733158076246,-261.1970267247548,-215.24910136880777,-81.24187787428303,-7.048927381727083,-160.38572493837776,-131.61243730697632,-36.84967248760342,-452.6704671284437,18.993343261172225,437.8416146863133,-106.13564083288043,200.37480942239847,498.58052361997875,-367.7864046113662,394.63352934813247,142.01538170509298,118.09962965897837,35.22861568913089,71.60383558953536,-473.269988014317,-164.90598242053457,-255.31566344169175,358.361420557185,-117.17582672306116,-36.77775613954583,480.3867436883111,-58.232276606682404,408.1011997063768,163.54087888970736,467.2735998075547,-236.9828566810784,300.5708268067231,447.0083421863374,-398.6819128418799,431.51956494778113,367.24293786966797,8.934362351727659,358.18736037087535,-213.66646176180694,48.4475559869747,161.21211751536165,23.119745866783042,481.9092092358149,351.3877030711727,209.58499750254728,-12.631876208987247,499.99971193248115,499.90758332462644,-83.49076665595454,152.91987405242048,35.42167477084753,158.57420219434894,59.7142725844423,-3.5579635621416967,53.953341893746256,-64.97390673057465,17.601553767525452,183.50704088669897,-12.920432318767181,65.06677028433057,492.9715435081358,-138.83568930493186,148.94784936650908,257.4589402161718,242.49840217740524,-146.46148685099934,-35.70762355152867,46.16986588964525,466.63706316848584,11.330677898761802,462.9315959660462,479.6675532921228,119.47257548447107,84.9932243070494,32.75129251210969,36.52597179666795,-38.87716545518061,137.15509363946595,33.998546792810494,114.83415055876212,-0.5997527080933226,-44.209860386140136,-94.47046136517838,265.4551267681024,247.37778368376826,78.13096918181816,-211.20244712048003,499.94909880136527,499.99999999500255,77.15647119904774,-92.86874171971802,-17.857533661130716,-85.58273057118642,80.97669267577373,101.93363616628145,-42.2498120757746,108.20006409592305,102.41209375723237,50.73940027966795,82.78363785143942,66.32943754666431,126.0455004535268,31.652762079594535,37.662951990056555,-457.2447737262987,25.907541769281952,-36.763466299869386,208.77096089825127,-497.3459954725454,-489.0445679461741,-22.49022080867419,25.65937248955774,8.640096296646988,-53.62148680530708,15.329188996829343,79.81048927128295,60.208653102589004,320.6836603540037,-83.8874292728972,36.117280594822915,53.744776470591184,-298.95486799354507,29.268907472226296,-52.114888590383856,-36.64273927602823,22.55191906214651,293.30635829669234,100.60944342701559,-57.81091695572313,39.026194862940386,56.796592822256024,-52.954260092541354,342.8914402032389,148.43107491904203,314.6180414799934,31.152193485886446,-45.543004265130996,500.0,-48.54969091548124,-9.337498015576204,105.02239869255467,41.25368591695125,-18.22542310674108,334.2123769752893,138.95394667413865,-118.6594251878353,75.42968657996201,80.90922253960531,15.64519066941378,52.07868538806112,157.32756437293963,-52.869503759910195,-22.526470370565935,-43.96797615094539,31.344106923685533,-14.590466706840742,5.702058358670581,43.07851639385297,32.185339421357014,-139.40771948159252,146.28346578697563,-2.8472093247774684,-17.708213684784255,-145.7026101169879,2.720235491837459,-305.00154885601,2.304846248041785,-212.0358423644365,-449.2536763094478,48.79101941038178,-233.86018160992478,-48.54969101254994,-324.96288525309785,-34.35146918508927,275.6383629108797,-347.145465762206,408.199428102461,-498.5756586047017,-499.3683470070287,-3.2041570825813195,36.59440451909969,-201.8695414120908,154.19781878167885,-243.21272113083083,-499.99996757447605,-2.654237103199418,-8.094628978034905,146.22193957967013,-495.75729120404725,-143.70372007216622,-136.1428562559061
55,-18.197665797937518,-499.999999998683,499.9815093873019,499.9999999999113,400.596436379939,-27.29734956186655,439.07941288556117,349.9237806092483,214.793687277929,67.20033143260085,86.37888475586011,-133.19810120861814,218.43235249015984,-101.12693685733245,411.995883661654,233.20054198009635,141.113710929531,499.9998049251937,334.7533525438318,499.9999857325455,299.22300122819473,499.99999999999994,70.70690133979501,187.48913560681822,-355.7743444204997,-154.82093738574542,223.9357220809286,46.00826118981248,-62.27141680536743,-218.35491988529304,-4.284088520715358,-73.32409103541085,-109.52017393251784,-499.9413341255756,288.93022078799873,16.04340668469663,28.12474893710679,-209.4244426441412,17.301535620090597,-6.568604215977705,-126.33339407196495,471.9835952044291,-281.7187398881265,-370.7418924662982,-378.8422646340803,-152.1620632174934,13.868756086935315,-7.613278959320762,73.77189282773175,-0.6692060635708964,480.7323292811759,-139.9118734224217,226.66903711439716,-200.80524517645108,-233.05416868511045,22.91125248992603,196.08074855508426,-100.05715779537633,-25.825633858193655,489.0205898096457,-475.01683109734824,-176.8473555786606,-447.38602056788227,-366.3216255263785,-265.2488196261556,469.9462135807445,-69.74741882405114,-157.3565923050795,348.57568290310434,-215.78425993547884,333.736808462545,-21.124105833729427,499.98629981473636,-323.68067744438315,361.1892927409777,-236.68647106747875,293.59084155357135,497.0031298228207,33.54594434624008,-24.777531257751033,-1.9952330915251302,326.9261881125682,141.1733649407885,-226.53373754982658,-108.88881673013577,-218.4332648908113,108.09757682477557,360.2376873457021,-261.7146972211848,-214.3290174519375,-80.72557004444798,-5.125326022942233,-159.83077818114305,-130.15686418411914,-36.61946903765305,-451.2304532216365,21.631300796998627,437.8777743048096,-105.91935650218899,199.63057126289178,498.56581395053286,-368.80666735725157,393.8483640395019,141.34106693194568,118.80810195945351,38.00517818379112,72.25171840017275,-470.62098291486575,-165.02863129404915,-258.2438730503275,355.63116195876506,-117.67405366019894,-36.10677544566037,474.99359688787575,-56.48606220915859,407.13454796367716,161.69280061428196,467.58887065960283,-235.96745739367387,299.70243998572033,447.3236246084811,-423.7430896339317,431.1734076731225,365.42601482556023,9.448069882641486,355.3960940508723,-211.57137685250657,49.88238880740982,159.25746351343582,21.141815878677555,482.24132590977206,349.3902752427365,208.10166231948446,-12.108815695955018,499.999819711597,499.90452742024695,-82.24421759817868,153.96944534965886,39.7713869176942,160.35353382233873,61.53793434259816,-3.646484687032796,55.2370151539913,-65.6626659134014,17.336103127882268,187.22844844176197,-13.69080155399693,63.003481343606225,493.1684232876711,-138.94591841126214,152.83079028267701,255.89551573060203,248.69568055729783,-142.101296885373,-35.385737889662934,48.562143267529656,466.09980725743713,16.68217077508492,460.501603841156,479.82599116791215,120.65774549601814,87.35801505044272,34.01857818987306,30.070253497011855,-35.62140019996655,136.79020988669458,31.626510540810163,116.96059310401765,-4.387609357527227,-43.44634044355691,-91.41552545681748,261.61073138898286,253.47661299117652,79.1257966897364,-215.2334823063328,499.9475415050582,499.99999999563687,79.43665839327316,-91.95726049602214,-12.967471970506956,-81.62325931553828,75.99885898853067,99.1494959838466,-47.701730873673725,103.19965437810293,100.48504860386797,58.788313330075475,85.30471120049205,71.30210170640066,108.39204794299967,23.58894522655218,37.83014748524965,-457.2796125028853,30.318234429149562,-34.14621632822966,195.0802347612315,-497.36587029055556,-489.16307213445884,-26.384360488996194,20.35323344947883,-3.7191772244411054,-52.39722503217556,17.301878194194394,83.64160971684198,56.328171438807104,307.0496958941296,-90.17892510030684,36.18356347667352,37.912133576940796,-300.4096593719153,32.27454597245716,-53.81973047099213,-35.04864726359515,22.55061954580653,274.41631863075014,84.89850782718756,-58.231145528659084,40.33454756854578,59.776515518448086,-54.825481881995444,343.6823412359946,134.9038542488382,314.70766067616154,30.810966184880638,-46.78335296350959,500.0,-45.43644851142841,-9.133908847039093,105.08297345237894,46.547331626683636,-18.843821887041916,319.95637467016144,128.461699648219,-119.72469346963241,81.55904076739445,84.67414996289159,10.665200263776692,54.5248929520957,141.68684181993703,-50.53070684462959,-24.319851728052488,-54.545819507440164,26.776086711038523,-14.604164202642377,6.894311879838362,27.43350358576491,29.83207753504843,-138.04596580285056,147.9385929516525,2.0858933182327704,-32.74009315490431,-126.12989479938632,2.463751538036163,-305.96164653735786,0.01885763571105503,-196.2337877051479,-449.6455239492397,47.51965123334882,-230.00059400567582,-45.43644860234842,-326.5072494085257,-33.61976728465492,277.2043451835313,-347.0337822920438,409.2458953667312,-498.655181296842,-499.34776014810296,-3.2253939766766906,32.81060689484686,-202.99549671078123,152.7948164377173,-243.1945288994777,-499.9999683357656,-1.2700002426112578,-6.1020167602995965,148.75653191735202,-495.8355240634972,-139.4215557632636,-135.26847647500514
56,-17.0249853206519,-499.9999999988058,499.9820994687335,499.9999999998727,401.4608668940338,-25.540035465719154,437.04783584669616,347.21045043899045,212.55181895740554,65.96674101710234,84.58474814852849,-133.94614295375038,220.72981869590652,-100.92400916795341,411.7776130151472,229.12977843194196,136.79942048003764,499.99980666291555,330.26948529384146,499.99998111779297,296.3941690328172,499.99999999999994,68.17449489775575,187.08886364157257,-355.8361318781714,-155.7211256920883,225.33030656196163,45.12674317970241,-63.834000809845676,-220.38057699186317,-4.543277529857693,-74.8340534407161,-108.78394674488925,-499.94195304714066,288.68277022728694,16.11605162431584,34.21477478624078,-208.6110196468586,15.788103074377446,-6.520291485973354,-126.79718252332987,472.25722638169987,-281.7671731743543,-371.8308378037487,-377.4589936077763,-152.78215672760882,14.060837866263457,-7.605915507540982,74.11974375621509,2.797422631425479,481.05282765987675,-140.7859692890347,228.05342640627765,-200.55581030550204,-232.70890485346396,23.13591814930001,197.11855283774005,-84.81626035099633,-26.06332555205171,488.54596889278105,-475.116491845468,-177.50073374548566,-447.5242274961987,-366.3236703159517,-265.04946030370587,468.3083152892689,-70.00154591564387,-157.90194277998845,349.9581763200101,-212.02021265019363,333.1276752372037,-26.5978996149075,499.9846698183438,-325.16977304306243,356.67562671652615,-238.6970305853941,291.0360335976676,496.98265251670966,32.293278095503126,-23.49999161053157,-3.425064324019165,327.88562987718933,140.98394901098672,-224.3505348376424,-108.16099814716706,-218.41603556794362,105.63282908700586,357.38815818928884,-262.2236716778455,-213.54517706098085,-80.19660935599252,-3.2291276381249703,-159.23355607007431,-128.5336274683455,-36.37639729787058,-449.55557326973764,24.408214039220326,437.7645142580172,-105.69994123525308,198.56480622623408,498.5501079602133,-369.7979126766268,393.10507232165975,140.49910676480738,119.45665055017767,40.8541266747797,72.789743055935,-467.40668945423994,-165.1466880031453,-261.9433081615417,351.99603183494224,-118.22303605398415,-35.37875237270787,468.1190609214544,-54.70119721541911,406.1735673847827,159.7091256157743,467.8929380446563,-234.83013766349146,298.82443195717156,447.53417521150686,-442.8870673425742,430.8129672192146,363.59163304076816,10.239923452871329,352.72449668489355,-209.38969276451448,51.307329325294155,157.2211799066768,19.416494502468144,482.5542409755882,347.4611534762462,206.62308050860815,-11.579675112789932,499.9998723564802,499.8980960412417,-81.00944384817218,154.99897089750024,44.76911039317547,162.1635403204273,63.451779511486315,-3.717038301760376,56.45421818669505,-66.28303418071786,17.068968424424305,190.78451743871022,-14.44864832083551,61.136573450782954,493.3588972132023,-139.02881227924178,156.9035934107425,254.49682586660614,254.73029474879465,-137.68790685687514,-35.096374516467215,51.16526543517939,465.5165256039322,22.285256188871116,458.02615183184247,480.00708726448033,121.90879571375663,89.7986422475586,35.498164322175576,23.95303669949873,-32.32801027619036,136.52739649057565,29.484824150756292,119.07479813989377,-7.874640212040424,-42.036509085849424,-88.23957406248705,257.72378516264297,259.4015872023691,80.15671475869145,-219.01333677688234,499.9460190580622,499.9999999961807,81.74226820677944,-91.00129451778872,-7.286379493743385,-77.27673630072005,71.10519466044155,96.50953017896224,-52.8519643234351,98.46368313372626,98.6521491406546,69.94928079517699,88.25536488038122,76.37294863437126,91.2017168846742,16.16253940533758,38.17307118604829,-457.3367241761363,35.17034877695396,-31.477708148174557,181.64988654677887,-497.39077824230236,-489.2824489863914,-29.71999597261088,15.263182633300154,-15.254112827398176,-50.64221428083993,19.52438423266407,87.50826012684416,52.643223747826156,293.61999467984407,-95.94176469606477,36.34862080258988,22.822878366118132,-301.6682783812281,35.44792403793245,-55.398233006494884,-33.35764677915595,22.65951528202456,255.71867504445973,70.0667755237496,-58.55931369042831,41.68615425929689,62.74188947620658,-56.57309774594065,344.34714279007295,122.08848454657854,314.74898898872294,30.534459115528662,-47.94166278029009,500.0,-42.52075845076929,-8.94244174662843,105.24538002088262,51.716825672283896,-19.3623378143027,306.07269299897973,118.71597578967508,-120.73328182701798,87.38646512567911,88.23775650553904,5.749082542082256,56.99796117699782,127.50867404695296,-48.214945064460835,-26.30175776970902,-64.41821795588342,22.6386553184616,-14.454803269450164,7.772109174205208,12.323970499918914,27.571091884419236,-136.8035590685112,148.8751282320032,6.710353145847655,-47.32383179528633,-106.95899730498813,2.3159426687786007,-307.167421462234,-1.9093835953085678,-180.07798030790676,-450.0142467639412,46.313438261883014,-226.12643234480922,-42.520758535910765,-329.6705039533594,-33.077878353417475,278.725354574218,-346.9163209615636,410.2531281075935,-498.73936476215073,-499.34366635492876,-3.450091070883604,29.17754895333025,-205.15128065534634,151.1868850546469,-243.40038762853075,-499.9999690493141,-0.5961337704870086,-5.591685445248193,151.31763760463951,-495.9309475856221,-135.16447150240074,-135.97799910200547
57,-15.92776067402477,-499.9999999989126,499.9826288562792,499.9999999998135,402.2861340724626,-23.89547633244919,434.86211400516595,344.57381841403054,210.16540353641707,64.89578862339889,82.94417256448666,-134.52546105022805,222.9400883845536,-100.56527937708111,411.41872177799826,225.2579153318556,133.76310482045577,499.99980804832313,325.60042253335337,499.99997490210336,293.5005407546778,500.0,65.68768691196158,186.53590035329762,-355.7309640995234,-156.5795113949985,226.82482640647333,44.14305751542419,-65.59204834187456,-222.71075986671624,-4.821398322997638,-76.76823195845003,-107.99394522974029,-499.9425382828929,288.21109374810527,16.13657591780474,40.260339469061954,-207.79558985837136,14.121247596281565,-6.455853370370348,-127.25859514396168,472.5171907858066,-281.8161682598679,-372.92881055185427,-376.11366895611457,-153.47936001406237,14.210752918930709,-7.4598774607109455,74.45819624825829,6.221404292714801,481.33345760773545,-141.7755982194006,229.17452204887377,-200.2746029048153,-232.347354378551,23.508636956524793,198.15523008183325,-69.55666407267775,-26.29696410505466,487.96129063357114,-475.2117366059266,-178.2233589613783,-447.64492849943184,-366.3003831287779,-264.8503796375867,466.6239542259241,-70.24525014214177,-158.43086017835444,351.29695909761745,-207.98080711381982,332.50790642514886,-31.90556454337957,499.98241108983296,-326.9075403965264,352.24280010356097,-241.2628868702652,288.5402201658571,496.9275482971909,31.017563960678327,-22.24365163137781,-4.7173119106138595,328.8162217667623,140.60780246879912,-222.1364389081789,-107.39955838897708,-218.3978542294809,103.16414613809013,354.42025149226833,-262.71961136829617,-212.91091805175859,-79.56081922544007,-1.231978109161002,-158.5814591520295,-126.75499464911222,-36.09963238943099,-447.6731022999872,27.388542526314655,437.5041598373555,-105.47788876050596,197.21587458964916,498.5334699923302,-370.75332882644824,392.4033750321886,139.56707941107524,120.03831903257681,43.862217247035765,73.21020814567562,-463.565400791035,-165.26188965855113,-266.3281476704793,347.4941468860532,-118.83088050547885,-34.61294040974693,459.46794832336445,-52.914198616501224,405.22175652046684,157.6314368371074,468.1839540269946,-233.50295184044592,297.93838529570456,447.6417568187493,-457.26771589800404,430.4395637292272,361.7401273450514,11.346539573187792,350.1963116051239,-207.13404647862555,52.707261555913966,155.1160882921194,17.981610707557582,482.8484420421821,345.63712030069814,205.1582455284522,-11.052129979149907,499.9998980285817,499.8874584824508,-79.76508539148787,156.0020120409968,50.360362742715665,163.98122759883032,65.4491150507145,-3.5939013409893534,57.60413131324695,-66.77829240341484,16.8674416290606,194.16275145030096,-15.026673306058335,59.481241871956655,493.5440514158754,-139.09201233411767,161.18000732545158,253.2579152957421,260.70086480635035,-133.1263482925587,-34.79756418295063,53.927954224905115,464.88823982797624,28.13198849718401,455.52051088898185,480.2126159774841,123.27044334455313,92.27024784629837,37.152188321999546,18.148551671378776,-28.844330746167188,136.38139973923307,27.536083695791174,121.18798361976567,-11.109068875060943,-40.11698903213396,-84.86003521592586,253.92216725751084,265.2535181637674,81.2966116797542,-222.5650199588704,499.9445366557974,499.999999996648,84.06322902741502,-89.9705733728424,-0.46126768679627655,-72.59491372346578,66.14053978224939,94.07345196835425,-57.748585839906035,93.95681329127,96.96082278137686,83.37308078681664,91.58589312195204,81.68877365624974,74.5336826735178,9.407522065542548,38.805111358597195,-457.3985792312475,40.50819196943325,-28.74576809254768,168.19172601168827,-497.41820490936317,-489.40040759995134,-32.31119046396308,10.405601768026411,-26.07290943988228,-48.54901018434853,22.090500831391584,91.51177519302566,49.20158637187977,280.4102048389717,-100.74569341513075,36.639192188328636,8.657757310621244,-302.74006609686404,39.14588684683107,-56.80205686541913,-31.49890573459535,22.906463242427954,237.37783326570184,56.086524406313615,-58.762378777913405,43.14712756393162,65.78632001123442,-58.187954499552546,344.9250498169892,109.98971470483812,314.7630709251794,30.341199252266726,-48.99144500005691,500.0,-39.79045686733723,-8.721310193352673,105.52539490020509,56.86442910845626,-19.781399034769315,292.67590817049677,109.73569249775595,-121.69484891759997,93.08024790844077,91.74252632786438,0.9680719371717273,59.51033891911815,115.00054169412333,-45.90497775503372,-28.32040393200914,-73.45632759688759,18.95392000359888,-14.08263562512746,8.533534523690312,-2.082764429129408,25.416173929373375,-135.6201589208205,149.6138807124165,11.216987060521692,-61.21001971423475,-88.0657778094854,2.2915092426499717,-308.4035436133782,-3.4301553242630067,-163.60246076695088,-450.3607377143429,45.17740032408706,-222.2388629027835,-39.790456947061095,-333.6239392024812,-32.58832841638546,280.2221049478179,-346.79961084367875,411.2296284175882,-498.82067921101276,-499.354650692753,-3.701599578919643,25.7013518958209,-207.79086695667405,149.41670371071817,-243.6479286129428,-499.99996971878915,-0.3915730333609413,-5.919906282917276,153.86130276785883,-496.0328202694892,-130.89750809889543,-137.69628509728958
58,-14.901160208189584,-499.9999999990058,499.98310320720174,499.99999999972084,403.0755614320784,-22.356509944698193,432.512230345111,342.07304891510705,207.6361964226165,63.963611194808976,81.79802091114085,-134.94526890143487,225.13051041145735,-100.06008069341918,410.91422012805776,221.8731144001169,134.83105812233626,499.9998091473255,320.7671600596383,499.99996644155425,290.5613099635369,500.0,63.57766152319201,185.82562041839225,-355.4973746046371,-157.4009309046777,228.4036305782743,43.04896645590726,-67.56559776202913,-225.3246405741916,-5.038538305522658,-79.10205768697243,-107.16872882450816,-499.9430919128372,287.50761239935434,16.132063652309412,46.32639376831746,-206.98143909655934,12.295333497911399,-6.293632623235946,-127.68755664202038,472.76275079382066,-281.86415905510717,-374.03475737757435,-374.76145031970395,-154.2081118688294,14.314682179624647,-7.192870729748754,74.78742059558927,9.584084602491991,481.576800324916,-142.7996670659838,230.20604668010515,-199.9584695184063,-231.9730188552415,24.022632985595745,199.19131020047564,-54.289143448993435,-26.530998299988255,487.2517682895841,-475.30172426752557,-178.96895248064573,-447.7496590861141,-366.2424265007526,-264.6450848111185,464.8983006579001,-70.47289295349525,-158.91069057970915,352.5934381258437,-203.66567890861586,331.88102991760775,-37.06832222054448,499.9792890796684,-328.8602138535086,347.9127235722177,-244.30523823379326,286.1210182583646,496.83613380498605,29.724260487756798,-21.003872995581034,-5.7957528684397115,329.7188198901941,140.0491372821566,-219.88626648834583,-106.60012018596372,-218.37373040377923,100.67263658521013,351.3375543931594,-263.20100160309846,-212.42449904943518,-78.64333691114649,1.0842317435593873,-157.87228765716713,-124.83849885694048,-35.75407610377376,-445.6283466379338,30.514124799209636,437.0945987915255,-105.25366117178945,195.56853152652107,498.5159543517008,-371.66397249145496,391.7379304975164,138.56747349226424,120.54653962671377,47.005066820846814,73.5057604097937,-459.0600183509723,-165.3770452465363,-271.23617977413573,342.0999033548755,-119.51805678503125,-33.82378523656914,448.6699777519282,-51.15123440779182,404.28245773602714,155.4835526795616,468.45881293572575,-231.96543196845957,297.04646533443275,447.64383613045555,-467.96733605132283,430.0547411979657,359.8593683380261,12.836646489845375,347.81341152089396,-204.82533844743057,54.051253417549475,152.95444854541586,16.856775868294744,483.1245000580328,343.92994323033423,203.71476315735958,-10.530891542369922,499.99990902728274,499.87160295098573,-78.50825530305143,156.97463911983493,56.32858998385573,165.76183241983657,67.49006328818004,-2.8598848202366938,58.66573536268838,-67.13699621981877,16.763303771616187,197.3311681894209,-15.040458455387615,58.0397093156496,493.72431465386256,-139.14601329072724,165.57544118095234,252.15452078447254,266.60114920093656,-128.37252715003314,-34.463983035198424,56.7969609175433,464.21279075192643,34.224081471380984,452.9965412729496,480.4401596722389,124.76141358612628,94.69795151279648,38.93991677547318,12.603729968221826,-25.14056813480066,136.33068569267795,25.741323197848295,123.27853782404974,-14.154905499354642,-37.84407628696046,-81.28993344186212,250.2255943246534,271.023150185606,82.60108734453895,-225.9120858588953,499.9430998036066,499.99999999705057,86.359657113865,-88.86464726591728,7.561729726964699,-67.36263090734144,60.9419895459074,91.86790259584716,-62.43958562254543,89.61562304835624,95.39583314170122,97.59431919539135,95.52525767697716,87.22690944636457,58.40143175508225,3.3656375080320626,39.811999676173734,-457.4516977524385,46.10876347737997,-26.0116096924683,154.40599716489962,-497.4458500870766,-489.5142778717924,-33.46023443173789,5.762030812131869,-36.2782295676695,-46.357262536651284,24.922538277686385,95.6255320518834,46.00206615944982,267.4139738851798,-103.29448558080824,37.04031536594723,-3.9776531412833447,-303.55320676387714,44.49607072027397,-58.02793758978982,-29.50351233197795,23.258901537606842,219.5498923708872,42.916636560837105,-58.85960851764515,44.70443671057128,68.89057856634876,-59.70236052436336,345.4160017678738,98.5975783168565,314.73186084610114,30.244952293130368,-49.96604789237278,500.0,-37.23407384836432,-8.44701514966868,105.89132773055863,61.99722904177523,-20.1390252954452,279.8243203077118,101.52696163340565,-122.65280593269854,98.68141339018709,95.1966647246008,-3.6285918604323912,62.035231949596174,104.23237607159103,-43.623960371476386,-30.326007632313882,-81.58764724127553,15.757403541718114,-13.325362290681399,9.32868139462249,-15.714676197928666,23.370606057877676,-134.4970864577444,150.40402233232433,15.696008450623419,-74.21818144529055,-69.34186547594874,2.3719468730581585,-309.5590565510166,-4.432501088023539,-146.8260658020211,-450.68485388832386,44.11867326950607,-218.35261329749576,-37.234073923014094,-337.8552468125396,-32.083489100653544,281.7282306880898,-346.6901546119103,412.1875127917042,-498.894781552086,-499.37748218293103,-3.873500203134292,22.387775492671125,-210.5248756845178,147.54261606082193,-243.805400469988,-499.99997034751823,-0.360698418415902,-6.562034475228364,156.3950711577636,-496.13254169031916,-126.64123356098881,-139.88396585463718
59,-13.940654512666987,-499.9999999990875,499.98352609464706,499.9999999995725,403.8193700180486,-20.916411555544947,429.97578867567546,339.73774306683833,204.95348997652758,63.08773506087961,81.52213136735072,-135.23708669687096,227.34493960919409,-99.44014935803675,410.2521247399064,219.1460055243858,142.42113320369646,499.9998100232746,315.7909665764705,499.99995479074886,287.599614772281,500.0,62.191761018512196,184.9449397508837,-355.1866486346448,-158.19895835428702,230.03107702603722,41.83364363641211,-69.77679174215275,-228.2426856219099,-5.066365839553471,-81.85988720260777,-106.33647723075934,-499.94361586575786,286.5642264924607,16.12098899354017,52.361202850591845,-206.17872665757432,10.29612912859674,-5.897018441711419,-128.05791379513633,472.9918324573873,-281.9137471176678,-375.15376995529766,-373.3890880598671,-154.94530297005244,14.365845822392098,-6.851394726039926,75.10754098859043,12.816202193618173,481.7833432960949,-143.80758267102087,231.25315061551422,-199.61306222293868,-231.58857278470344,24.635210536192695,200.22489301346104,-39.04717478403322,-26.773349185248644,486.39328160947065,-475.38635401145825,-179.71146172798075,-447.84071311169384,-366.14609991792753,-264.4252959302932,463.1383006202632,-70.69289402749779,-159.31077354152504,353.8489761094552,-199.10224921134383,331.25034557516744,-42.11385865861003,499.97491684712077,-330.9745982240858,343.7039705627868,-247.70225680862492,283.7693333997135,496.7082817999845,28.418040438622764,-19.792555977151515,-6.6365601140254284,330.59425598395967,139.31414339799178,-217.6179243175419,-105.77218807862909,-218.34148619631662,98.13590663561048,348.12292355731444,-263.669647495161,-212.0722431080274,-77.3437500998508,3.858793771765548,-157.1185499851029,-122.83559510981391,-35.31690216719114,-443.49179942298514,33.69068137589315,436.5348906122775,-105.02769142349749,193.5164195913212,498.49762058428183,-372.519451149238,391.0650256923909,137.44384408015966,120.97451713525443,50.19319221007808,73.65981049040094,-453.9050006953165,-165.5005613920885,-276.468732209252,335.6871159962227,-120.33203475496659,-33.02989329283299,435.1257231397841,-49.43945080969398,403.35844915210197,153.26334023108987,468.7113740986968,-230.2249683062282,296.14897279097056,447.5300104503365,-475.90929445514337,429.65980377733285,357.89771097101266,14.688392118552512,345.5268122073433,-202.49766111429636,55.26764217826327,150.74655575974626,16.009685504044775,483.3828739529258,342.29474465680664,202.29909382614403,-10.020642292502608,499.9999105554978,499.849321745489,-77.2640026278711,157.91242209027132,62.48229116674328,167.39977412090633,69.4773391861664,-1.2604492196454475,59.60674815268341,-67.38203613852119,16.751710336070637,200.23938427638788,-14.259484918681085,56.74004723320325,493.8989386331568,-139.21544186456853,169.96995476814632,251.14123499729075,272.3615523839173,-123.4307093743518,-34.09869666733021,59.68146360257869,463.47873784235355,40.53386999817482,450.46633825966086,480.68158533046426,126.3813337428976,96.99499092763313,40.789617431880366,7.245754178316876,-21.268051700599095,136.31964492270072,24.013279675486235,125.30109464002368,-17.108612168429733,-35.37266132649429,-77.60027670110014,246.58728207705724,276.6389706948464,84.1214467617475,-229.08336204619377,499.94171426903,499.9999999973982,88.57133157094096,-87.7060381856467,16.749745935460766,-61.168368421602835,55.53050414279804,89.87427485235783,-66.95036231328281,85.36609874376292,93.90022545698613,111.96819050780054,100.5051193124074,92.89066723814818,42.79131025198865,-1.9396273659813006,41.20068742068708,-457.48967030811815,51.78749150958049,-23.356829695941173,140.36536633149393,-497.4724603970039,-489.6220436593346,-32.42956840155566,1.2889079247575252,-45.904215152156205,-44.180157471580955,27.91071191324121,99.76470233489614,43.00156788940503,254.65876803246746,-102.26559122323715,37.50271818450423,-14.102949037839121,-303.99256796544756,52.5992971514864,-59.11171583223354,-27.446349385057996,23.652846686600014,202.41736799504292,30.521088043563157,-58.89468953876979,46.29486796568802,71.97933538546201,-61.169888798312236,345.7836727359314,87.8838557906691,314.6004526587302,30.24358206365986,-50.9210632012758,500.0,-34.840784134506976,-8.144392414682608,106.2778631087074,67.05071334690848,-20.49605908671922,267.53920692291916,94.03860061302193,-123.66542463090778,104.13271846848944,98.53440871627255,-8.059565087229412,64.51887585538759,95.04132077273177,-41.421110587227496,-32.34999649060152,-88.98192082477726,12.993121811492806,-12.153704381850382,10.179813520490189,-28.641762947994597,21.356024836559566,-133.476134344519,151.27613242637833,20.12607870910366,-86.44912601022111,-50.79852230891323,2.5040359325615156,-310.6116353398462,-4.9467988018245626,-129.7991533828572,-450.9884889686367,43.10811599250121,-214.52054742419955,-34.84078420440077,-342.18450547831526,-31.58336556470081,283.28212729835667,-346.6007193477515,413.14283795548477,-498.96046279958966,-499.4084243128362,-3.9565375777841525,19.193067682541756,-213.1917852060867,145.568114697819,-243.83607997948266,-499.9999709385271,-0.35257045998469744,-7.301824493368163,158.96948934666747,-496.2261031975955,-122.48651149623849,-142.27183399191628
60,-13.042001276015112,-499.99999999915946,499.9838973541013,499.999999999328,404.48804893682865,-19.56887406815922,427.190709116749,337.424262380038,202.06253484118463,62.10324333697775,81.87938861752086,-135.45683228033388,229.59347458627983,-98.76876088366531,409.4103290747751,216.77338573723588,154.50488041510766,499.9998107308483,310.62106051991105,499.99993854654156,284.6192201658141,500.0,61.27340047476011,183.86133215010383,-354.860204761017,-159.00467625852983,231.64935834413694,40.483334633252376,-72.26710319321741,-231.51797048266837,-4.8879247257301826,-85.11045390917434,-105.54675823294144,-499.9441119317056,285.36922622778565,16.097752222370037,58.28115612012038,-205.4431616481586,8.080174834950915,-5.239720734190134,-128.3951073349399,473.199210442883,-281.9782167185454,-376.302303306351,-372.0059688640415,-155.68703998407057,14.34589809883405,-6.480036723077915,75.41868201824954,15.790289830953437,481.9522100474267,-144.78111801508925,232.36066357956628,-199.26419649770978,-231.20849882556928,25.304445561787066,201.2539151651301,-23.937167254027035,-27.034904737147976,485.3458012391352,-475.4664733875031,-180.43847696332742,-447.9229976541649,-366.0221730331081,-264.2013090289216,461.3386738769837,-70.92729812118954,-159.65575176675418,355.06489269662217,-194.34282358582126,330.6162435922826,-47.07657598731969,499.96867393568914,-333.19670420447414,339.5905780532774,-251.32188478134682,281.41943733453496,496.5453173655924,27.097623998010587,-18.669668845903693,-7.307148716074716,331.4433380044323,138.35603256829435,-215.3670649095931,-104.94344727206825,-218.31534425738985,95.52968022818249,344.72607714273533,-264.1308653515605,-211.85618085334536,-75.9646869512119,6.708851933894215,-156.35097416802378,-120.84824002227664,-34.87051491033026,-441.3448685424147,36.835132816414884,435.8248580703154,-104.80038454421313,190.95298697834693,498.4784443982936,-373.3201744720827,390.2770415139544,136.11520340229853,121.31602163944544,53.33610038188085,73.6268656361246,-448.1671130011564,-165.65291490535745,-281.83829251487845,328.112433577859,-121.34286963890311,-32.25936778560322,417.79476662322435,-47.80539383176952,402.447398449246,150.95086498306063,468.9310937909949,-228.28693215988804,295.24090264957886,447.29020194109086,-481.84356804389876,429.25474536718286,355.73391682788093,16.70438152440731,343.22030328881874,-200.2600794002523,56.23791708022923,148.4807619858476,15.305186110433276,483.62336351674645,340.61262689336434,200.89890636436652,-9.526170051586986,499.9999041688666,499.8192276058653,-76.08134032994383,158.80984432342538,68.67262180577028,168.74020237083957,71.26146789988888,0.6662223681978141,60.40631639079179,-67.54643394860268,16.811484651869954,202.86196733946065,-13.191559633019587,55.42792364586907,494.06387912874436,-139.34581494934588,174.23583862220036,250.15340529666003,277.9056602689393,-118.34690213413975,-33.737337684232024,62.43783198297451,462.65923191443045,46.98011187127841,447.917043545014,480.92258392229104,128.1343869245932,99.0994672728569,42.543207993999374,1.9654831261159662,-17.314425663437422,136.27732400135943,22.1452619890614,127.21915580120604,-20.13198368377967,-32.85061110274433,-73.86924589645038,242.93213419784746,282.02719098700084,85.91984853498806,-232.11558791136375,499.9403863467272,499.999999997699,90.6455112405255,-86.53015506279627,26.898859686313525,-53.98800547255893,50.132785807098166,88.03899400012892,-71.26173050035173,81.14960507713535,92.41254288371434,126.23279732246384,106.55791253150466,98.57394025022607,27.682703128879808,-6.53450367889794,42.889113844716555,-457.5097417303828,57.437842041117534,-20.842888352038614,126.54421078087769,-497.49761359273276,-489.72262061938244,-29.534127534940062,-3.0379649616401974,-54.916337917906596,-42.082308804610165,31.01041636003219,103.85307966836874,40.153137050921565,242.2158003874865,-98.22450312557473,37.970615068423086,-21.576039484327875,-304.1343032314379,62.7924020551005,-60.09326012727862,-25.391727528627477,24.029188295678637,186.05057663927408,18.850652030116574,-58.877713034646135,47.85437100868988,74.98196295923135,-62.63535655620361,345.9920218322289,77.76496212411415,314.31393603589754,30.32082312502082,-51.90262593412448,500.0,-32.60038916621131,-7.897933899017421,106.61372155128257,71.945737607014,-20.912124778890284,255.74498992942645,87.12255553251244,-124.77763074180298,109.36121966161984,101.6888990524999,-12.359487435762869,66.91059174383024,87.09057460152329,-39.33872029967884,-34.44687215790033,-95.87605283610293,10.473813909148374,-10.851619339408412,11.06159354951639,-40.967789259188464,19.220187165953465,-132.59426930379965,152.18498595297328,24.443910600164813,-98.08265052386945,-32.519831821869374,2.614079628156636,-311.57146924972375,-5.242503959096161,-112.67909606235693,-451.27930028642766,42.05462619265481,-210.8380402873095,-32.60038923163389,-346.5734995890898,-31.1239530994935,284.87274707319926,-346.5565676282189,414.1013546585975,-499.01783621614385,-499.44404470489,-3.968097820930393,15.995783845489678,-215.7471843407792,143.47860311382254,-243.76398844401456,-499.9999714945708,-0.33614062999066086,-8.107753029514294,161.57697004385952,-496.31235968951233,-118.55044067692194,-144.78598116642425
61,-12.2012284632888,-499.9999999992229,499.9842131967277,499.9999999989103,405.0456838353448,-18.30798517547152,424.0649784761059,334.90280314093116,198.85619410619583,60.82140532854918,82.21886605361081,-135.6584437236691,231.8528312781153,-98.12611408827463,408.3662346227861,214.40041031249277,167.5402791522184,499.9998113203455,305.15597076135543,499.99991560790596,281.5927587680672,500.0,60.196553416660684,182.5285253440673,-354.5707463560004,-159.85562158345707,233.20000673187238,38.98383923670086,-75.09194998197304,-235.155261115164,-4.6868126840645,-88.87254953546889,-104.87612533811682,-499.94458177365544,283.90689145449846,16.028354769575323,64.01467252311572,-205.04824284092004,5.586882995867825,-4.507914138390389,-128.76405454754976,473.37727310278603,-282.0764368699782,-377.5042697279206,-370.62996217115,-156.4387934127859,14.21556274281012,-6.09010594733518,75.72108078731615,18.409898743187828,482.08461051504685,-145.7291339097343,233.52668923898594,-198.94861019769232,-230.8537227219862,26.01925481380829,202.27981154579223,-9.104363558688902,-27.3237497704916,484.06585631392494,-475.54346220674137,-181.14587151727844,-448.0020765968373,-365.89995576767507,-264.0283621490568,459.48041654834765,-71.19604315723738,-160.01209530290996,356.24246554407364,-189.4984573096573,329.9719627491024,-51.982331171342025,499.959687155785,-335.5190530600338,335.50881410926945,-255.07941757235702,278.982007247064,496.3496745946218,25.745860126062638,-17.679318708908177,-7.913020494008558,332.26685067677585,136.81550389676934,-213.1742433868854,-104.14897341505174,-218.3209887125947,92.8322090322806,341.08384726716196,-264.591703751503,-211.92592393146046,-74.89338101631596,9.09623077819203,-155.60752946083426,-118.95510019117127,-34.55083866706688,-439.2466136421365,39.925671929995474,434.96312414997107,-104.57211900913593,187.9288884233876,498.45815782524323,-374.0854530282525,389.24154529600855,134.5926153877171,121.568001870168,56.41224647512521,73.36423387105287,-441.92092739642993,-165.8584390313736,-287.224880719562,319.4167833014109,-122.58215986066693,-31.531272144439875,395.1819575524195,-46.261472105756596,401.5358633217735,148.57372629540518,469.1069651131231,-226.1308064135764,294.3075462266254,446.93327917261075,-486.33045890128415,428.8352907456063,353.2051092830687,18.74298128620263,340.780645272932,-198.62105319945846,56.87145698096011,146.1051571331596,14.542254439403171,483.84506907069573,338.75891523942784,199.48824527413134,-9.05054644095312,499.9998876583532,499.7797947901659,-75.00055908588301,159.6626581300101,74.81582599025593,169.69679146393025,72.75447618983426,2.270386221899937,61.08527493860674,-67.65844380171613,16.93242080336347,205.21968640392708,-12.44050053810931,54.022348121320924,494.2023470367587,-139.58152337429644,178.29346494374045,249.12820326322841,283.17854148503335,-113.18149644269842,-33.41514625247125,64.9600253232516,461.7231697964761,53.45291054654379,445.30594337287425,481.14585353730826,130.0461752193058,100.99091205167535,44.042049142366785,-3.3787455328043072,-13.36082060343011,136.13790072398055,19.864842625323682,129.02886172929507,-23.43929101667223,-30.405296470763876,-70.15481110871708,239.17201668746904,287.1357535540946,88.05259098737515,-235.04071786437436,499.9391236929052,499.9999999979599,92.55446909995146,-85.37181252372486,37.65685311991412,-46.33611949782398,44.95030785624598,86.2959894807458,-75.20987923994497,76.93301920995921,90.89010036410065,140.2008852313483,113.14621013500653,104.18919344868974,13.061020944014635,-10.5157201962553,44.76555925083538,-457.5067948414643,63.025246451864994,-18.496728325847144,113.2916962925679,-497.52112063606256,-489.8153395988191,-25.65177724137674,-7.128047316613173,-63.314303238353965,-40.08784512925345,34.34747293788836,107.86207947663459,37.44343294534545,230.13675634394048,-92.74458577711114,38.40963400918444,-27.336524699367487,-304.22267367279284,73.61077871594085,-60.98351033630294,-23.337840758559945,24.36621728692867,170.47936999106628,7.862980276666746,-58.70024894404191,49.36796255972906,77.87153758465467,-64.11547178106956,346.0543831285821,68.16513582657721,313.8860159657184,30.45168314529679,-52.92554314336633,500.0,-30.503291425372044,-7.771226962299593,106.8610087509303,76.64220967658667,-21.419710836614122,244.41254586896747,80.65754357602447,-126.00888110860895,114.32910038204584,104.63703886414156,-16.54690505243212,69.187983579804,80.09792962481585,-37.39068624305251,-36.72789086852937,-102.3574325311183,8.070691311437008,-9.643682327550936,11.961238344532344,-52.75435949846775,16.89226882526762,-131.85885231320174,153.05410570666837,28.57036541050223,-109.20693766729124,-14.593877610528006,2.651983696365545,-312.44273299729673,-5.515655325399137,-95.65560734576175,-451.56708828935564,40.87815267949061,-207.3777490658119,-30.503291486603313,-350.9902471239146,-30.700892852199853,286.42995116597785,-346.5894727634842,415.044029977833,-499.0670041621724,-499.48159765311425,-3.8839218117537966,12.69951631933811,-218.15032640889774,141.29995415326226,-243.6250877964075,-499.9999720181617,-0.30853435005379504,-8.97723449144244,163.96079366547775,-496.39067326972406,-114.85560212065127,-147.4069997941087
62,-11.41461707131309,-499.99999999927917,499.98447096479487,499.9999999981702,405.47904895466104,-17.128203438888658,420.53826483528746,332.0851105193725,195.2427553222479,59.16192232984421,82.21869322136432,-135.8544736637827,234.09197516711006,-97.55801628855038,407.11360942602585,211.92377769437724,180.02633980604105,499.9998118510599,299.3422500149085,499.9998828108028,278.4968107264871,500.0,58.71160452176141,180.9187937930108,-354.3481571233949,-160.77205533817278,234.6584063924922,37.32741062572567,-78.27900024000887,-239.05687379046552,-4.649500748614616,-93.03722701307005,-104.45865784231466,-499.94502693824205,282.1660241984654,15.878578050355241,69.4720021760845,-205.82563288963573,2.786970863152308,-3.9069843654600125,-129.1962366277326,473.52084475846453,-282.214751375684,-378.76994032496526,-369.2822806773288,-157.19935326853832,13.922894934464928,-5.667026406940728,76.01510831999428,20.694005304425204,482.18586487308505,-146.65986272250856,234.73360461269917,-198.6796317772136,-230.5336975618932,26.795256043282755,203.30711976614828,5.37629683624763,-27.638309586863524,482.5319746178862,-475.61760632613283,-181.83221442209688,-448.0805836696421,-365.8023454305293,-264.01062126072,457.5588769862309,-71.49939212486728,-160.40604302872012,357.38293141069363,-184.87711373403448,329.30584554566383,-56.8325378639684,499.94685031083503,-338.09442409591287,331.44517953964646,-259.0577768132778,276.4390424112752,496.12462501600373,24.31998217455005,-16.819735444137542,-8.487200839262206,333.0655560704611,133.43987547222017,-211.04823718631832,-103.40400888379666,-218.36816487588862,90.02618757547529,337.189409387279,-265.05967579217906,-212.9230081079642,-74.11760069579513,10.990504060790373,-154.90528403620766,-117.1765853929858,-34.40593012986045,-437.2228394801141,43.013837445767024,433.9557463973396,-104.3432481632652,184.62325399498715,498.43649910606524,-374.831881345186,387.8969537525645,132.98324047587246,121.73190501486175,59.477230919715154,72.87354349961858,-435.21186002901203,-166.13265347669326,-292.6549998980074,309.8343339719165,-124.01544700442736,-30.842913811653123,365.59356223199893,-44.80094003043909,400.61149015906693,146.24995808068326,469.23311420537857,-223.7087913163937,293.32889990427896,446.48612924633767,-489.7429949231412,428.39394227024775,350.2031712424559,20.77739788753892,338.20785015606333,-199.06965163246468,57.16338704852909,143.486712049938,13.61610778862194,484.04766887185747,336.71734868337325,198.04256770671626,-8.592920719897506,499.99984788629286,499.72939107240023,-74.02005923883277,160.47172285498837,80.936064665228,170.27996205619658,73.96932430570406,3.4775515861670754,61.70072166826931,-67.73672774938007,17.13797955586073,207.36516333627407,-12.062319452149987,52.54000439192374,494.26242584510453,-139.94034963450486,182.15261213115534,248.03269714809548,288.16800443018684,-107.98050187582845,-33.10586835020575,67.2367342443719,460.66315480606875,59.89986478458772,442.59517040377807,481.32125144925703,132.1646773392536,102.6758887202443,45.24502179144748,-8.943293293430608,-9.439139770792385,135.84885328418372,16.89590177290858,130.75580814682084,-27.26953338988855,-28.14245268007766,-66.45525373518927,235.19447018489447,291.9484295250902,90.52666794991453,-237.8708529583231,499.93793707645915,499.99999999818675,94.29328138988728,-84.24035618350207,48.707845056722775,-38.73859734659373,40.105781588968554,84.58249342585806,-78.26801513887024,72.69998054289816,89.30568520755602,153.79190501793462,119.72363931774677,109.70381852474175,-1.083168332654198,-14.015831719885437,46.74416801632334,-457.4712462000298,68.62044714349258,-16.311133409636255,100.77643648639673,-497.5426681436163,-489.8992467894429,-21.355962541849088,-10.572650941951757,-71.12717927065698,-38.18793810496435,38.26326056130499,111.83602461561458,34.909029312854834,218.44673743451546,-86.7168172284986,38.81402773045289,-32.11058018618266,-304.4611410027676,84.28303474230741,-61.73513317665724,-21.197687006013847,24.679652832168028,155.6772413855867,-2.4719076850140915,-58.13361129914292,50.877078994150295,80.67953580119269,-65.60405803010019,346.04208373470425,59.02629626232272,313.4113457152536,30.614208405891493,-53.98230956686458,500.0,-28.540464807745664,-7.725249067155389,107.01810837785034,81.16221205377586,-22.017885864261125,233.4168906826649,74.56141048084656,-127.36080057290769,119.05093722994386,107.41396468084285,-20.621496737902493,71.3597734906444,73.79614389167492,-35.5686818968746,-39.64902582413798,-108.55265106730637,5.738471931536781,-8.580710934907295,12.88632843544314,-64.18070182708438,14.381783120839147,-131.27188100209852,153.59240893255455,32.3190208175769,-120.15592502917058,2.8638439146533345,2.6161300074933362,-313.2190280398703,-5.845451341575919,-78.8309936428455,-451.85543304451187,39.565474086999785,-204.13099482014314,-28.54046486505295,-355.390841483842,-30.278896085088807,287.9110002118259,-346.71842525534055,415.94824779566875,-499.1077581722542,-499.5191040107365,-3.6373236129355697,9.29612635780274,-220.33926954589003,139.10563647458605,-243.45226870030936,-499.9999725115951,-0.2527719385562523,-9.922337547404481,165.1744533651014,-496.4599104992639,-111.28592512010916,-150.1064816200162
63,-10.678685562436188,-499.9999999993292,499.9846745180317,499.9999999968161,405.80964005049526,-16.024336532268784,416.6112785880735,329.0346983423487,191.21937828526077,57.181335372924615,81.86713856071844,-136.02062322637377,236.30516056667437,-97.06655382931112,405.6664862690703,209.38164714075359,191.63507848903353,499.9998124026038,293.2002914737107,499.999835379899,275.346883843421,500.0,56.903502295884046,179.04421870039857,-354.2034107820445,-161.75314914044424,236.0276338610731,35.51693390191169,-81.81665404665218,-243.08736708871783,-4.842579774112583,-97.44047017691706,-104.44864612779308,-499.9454488653487,280.14784255115575,15.650266399593514,74.47727134073408,-208.56038620156463,-0.2988015629385254,-3.533585295618245,-129.68425733825057,473.628583935232,-282.3872021574089,-380.08213489551656,-367.9983768278214,-157.95993325634345,13.419795337947047,-5.215883064881266,76.30117324436759,22.721726061730614,482.2627379187289,-147.5704998922979,235.97961895059004,-198.44981023952124,-230.24745117343812,27.635721748389518,204.34043217777088,19.488440755053066,-27.971236114060225,480.74810709485496,-475.68727229227596,-182.49617732468292,-448.15892610139554,-365.73032445392784,-264.2483463398775,455.5847999226894,-71.823577755137,-160.81948983302485,358.4874872659649,-180.86408848427854,328.6046183979228,-61.61273545865277,499.9287831982138,-341.2505094116932,327.43720014950935,-263.5536068596517,273.85057532396115,495.87390317478815,22.747779785236144,-16.075052504480045,-8.999116333662158,333.8401941736285,126.79258687106237,-208.97554395231302,-102.70387850852694,-218.4497762897806,87.09660109387764,333.12632330879205,-265.54250033832153,-215.7546933924735,-73.434621402597,12.621591261377004,-154.2408863818063,-115.50985465770121,-34.40782329424409,-435.2774574189289,46.132908808686,432.81864251621977,-104.1141014840911,181.18616862681588,498.4134828164736,-375.55418436577685,386.3001319991617,131.38207389471296,121.81230676312256,62.56515790085334,72.18758661988824,-428.05089933528757,-166.48661345160426,-298.2359238889287,299.61490276526996,-125.58960916448237,-30.187267268379596,327.4063262365393,-43.413849687833725,399.6745201937047,144.14133677892124,469.3079502777737,-220.9654745346162,292.28883603344946,445.97584724378856,-492.33189135585235,427.92533214692077,346.73743712940984,22.779758447523644,335.6122777138966,-202.48550441811128,57.161247443582184,140.43444790868085,12.598817598552376,484.23216597688355,334.58689920758695,196.52873323274002,-8.15049432605941,499.9997364692711,499.6662910237598,-73.11814184430501,161.24055154443843,87.06217236368231,170.53441753256038,74.9514841992049,4.459354882048359,62.28556452598236,-67.79932028336826,17.472911157182743,209.34514952969295,-11.881769494643754,51.0067402228014,494.1796680151689,-140.42093122774057,185.84417363834675,246.85731896790026,292.8703892717177,-102.7840998141817,-32.728613988824904,69.3038224613253,459.5026319834368,66.35380782713975,439.71863367176996,481.39172865968527,134.5431764983208,104.14918933869573,46.18580693884743,-14.897626353152198,-5.573927785756658,135.34498792604435,12.952510966529815,132.41606473273438,-31.881566550971492,-26.17692805347151,-62.73886148272649,230.84297274150595,296.45119234465756,93.25889568719674,-240.613685628136,499.9368425069209,499.99999999838434,95.85071468189926,-83.12904128670053,59.8010153831711,-31.61100698976975,35.644463887672934,82.81710723151822,-79.87001201070572,68.43100892839271,87.61547099366189,166.975569799371,125.87779653630646,115.0824783551605,-14.763125637187308,-17.218454146815912,48.749508688094274,-457.39292766810553,74.27217136015008,-14.286595151970682,88.942174185803,-497.5618947281818,-489.9729832921192,-16.976470473410288,-12.804172598346314,-78.44865864222302,-36.38571765143143,42.90760546083964,115.79714864589769,32.57336007714171,207.10454562052666,-80.47380322955694,39.17060263608904,-36.208985127536174,-305.10221789365704,94.46965863478518,-62.27512229127832,-18.92501157019476,24.970676932138314,141.6290275924165,-12.194542405864734,-57.09860027315725,52.3933460331064,83.42376017110072,-67.10688325439703,346.0148063482844,50.29963876741066,312.9673643728002,30.7991945244934,-55.08099355483326,500.0,-26.703426775156284,-7.6878597232786055,107.0605914961227,85.52467110599254,-22.713933322841736,222.80212873984019,68.77867816426357,-128.84557993377217,123.53600209835766,110.0472464367526,-24.594762906546503,73.4239847487491,68.01436466814336,-33.875969435074,-43.84251288113325,-114.58778401997988,3.441070381670758,-7.6676612316789585,13.82929599214878,-75.43622172329842,11.704397516004605,-130.85694813031824,153.44792595089044,35.30362313913243,-131.23282528549814,19.621887333478153,2.501325060549283,-313.89859342322126,-6.297970739671495,-62.27290884241123,-452.1429099242521,38.12499596154721,-201.0521093111423,-26.703426828786757,-359.740488363163,-29.843204940894974,289.33405753978604,-346.94218807014715,416.8134974938423,-499.1398132621728,-499.55525917936484,-3.180716313313567,5.794322807732862,-222.27051472028958,136.97768579324546,-243.29609809749422,-499.99997297697047,-0.16543768410331597,-11.0151628459622,163.61278984134168,-496.51887669481357,-107.70525339839458,-152.8706448985049
64,-9.990174510506513,-499.99999999937376,499.98483414140463,499.9999999942774,406.079997851376,-14.991519515463155,412.3275427903224,325.88436057451815,186.8676046428851,55.00591843144399,81.2495256242797,-136.11285706489508,238.5162582507472,-96.63616080198638,404.04990115047946,206.88707551560825,202.38055941285296,499.999813070776,286.8073552677264,499.99976611611265,272.19896759399177,500.0,54.940231717667956,176.94612035035487,-354.1070073482962,-162.75346980797312,237.3230584288942,33.56183566863162,-85.67224474632363,-247.13877056445287,-5.236413474813858,-101.94932818590156,-104.75803441389573,-499.94584889687326,277.86419690260095,15.385169183522377,78.94917107221292,-212.5041755622762,-3.6166392257893754,-3.388690250192239,-130.20854443957936,473.7007786874087,-282.58412383067537,-381.40750293327613,-366.82085599216236,-158.70814562573028,12.715728470981933,-4.7365239259501015,76.57965527839306,24.55907167240489,482.32070453525904,-148.45548843234747,237.28267121328332,-198.25129764538963,-229.99074813967064,28.544142935308038,205.38285725716702,33.20947768264685,-28.31289168173208,478.73057193542917,-475.74988420091836,-183.1366586291372,-448.2369386470547,-365.6765777529966,-264.68988863826945,453.5680490512354,-72.15139629985207,-161.22419219963604,359.5572913817324,-177.26536072793056,327.85997861482014,-66.307493464095,499.9037390346721,-345.02333586444985,323.5236737791371,-268.6320995260486,271.3076901966127,495.6012062955881,20.997580352015632,-15.422829451746901,-9.370293161817143,334.59148345564165,117.71678347242842,-206.95631972015647,-102.04227419613468,-218.55413183245636,84.03193284399703,329.0292042021922,-266.0357073236943,-220.10222651253906,-72.71673786541194,14.134290122418108,-153.60999938218552,-113.94715302767334,-34.509308359200254,-433.39695625717565,49.23522805939809,431.57029888850906,-103.88498571625153,177.6991349798479,498.389218094679,-376.2308050396249,384.59119053960956,129.84310396420034,121.8129801294906,65.6350485041295,71.35951485244175,-420.41258459500716,-166.92903156999884,-303.86611809910534,288.94345393346543,-127.25679536802534,-29.558163938786223,279.26221344466165,-42.088540268391974,398.7298373268753,142.40026740770082,469.33162914430176,-217.8474436923578,291.18054750404036,445.42188036043785,-494.28596424946613,427.4273861348017,342.9169265243034,24.698695549863967,333.136828815491,-207.24517935193782,56.938914097655484,137.0006919925148,11.659310645478865,484.4005553009955,332.51213707982936,194.95258721863198,-7.71995065454424,499.9993925230656,499.588689700007,-72.27586404138142,161.97239820554904,93.11016170579313,170.53384067039346,75.74627343559769,5.30769701441805,62.84686201548258,-67.84050781024905,17.98725677051567,211.19325573342712,-11.80766251479767,49.45033704695763,493.9704264044962,-141.00967156943148,189.35350826546448,245.59474612381507,297.2497222606266,-97.55849210708958,-32.184720574329724,71.23340743070733,458.27989049592134,72.88839090717228,436.57698197517345,481.3406135370853,137.28858564693962,105.39949136368544,46.92220240835876,-21.398409800566988,-1.8205383352038982,134.56562186352778,7.783131560171503,134.01723567059398,-37.50213887944905,-24.617414273946324,-59.026104330795796,225.94009956590006,300.5969708399289,96.12580346499517,-243.33279553496928,499.93586251234046,499.9999999985569,97.21388181027433,-82.03961382314114,70.69131365661825,-25.459367100484922,31.42143344444843,80.9187423810358,-80.71718767216231,64.10846007512606,85.76551125595984,179.67037398550207,131.10723261551485,120.21376584746383,-27.9979427940672,-20.396119498327458,50.72563469933463,-457.26401000975955,79.85515666239924,-12.445187879600656,77.7134876343125,-497.5785836834062,-490.0352244070655,-12.921502308859225,-14.100624760491733,-85.38037314382598,-34.684693522299675,47.91378986270173,119.64981084061232,30.396830206688648,196.03363456206858,-74.28583436020743,39.45688722949929,-40.02091758589236,-306.2718909588978,103.91422953435728,-62.61672572209094,-16.611819456639505,25.22065466444222,128.13683692175906,-21.401941955398538,-55.80188283170572,53.857608276700844,86.04851180391682,-68.63166371814799,345.97039175113434,41.880784713797574,312.5440974710966,31.003311915232775,-56.22746750661672,500.0,-24.98420905713222,-7.651201367400082,106.9264967196822,89.69419495864094,-23.524153095047122,212.33548453838242,63.21894529926872,-130.48165868959535,127.74123637951278,112.49911042186147,-28.47560995202284,75.36704400144117,62.586901510565326,-32.30911896906549,-48.774567124083106,-120.42444158808652,1.1241964458258171,-6.89771868611664,14.78655398273425,-86.34428577405106,8.9257639748588,-130.57582574780702,153.00042210938048,37.507744196658905,-142.04813007419412,35.62774006598261,2.279763378303245,-314.49027453999656,-6.9463276150722075,-46.07479152855316,-452.42569421412185,36.592796784419065,-198.1091329649193,-24.984209107312584,-364.00590519952425,-29.40856373202446,290.73496617352043,-347.24612370344363,417.6529637383996,-499.16296654277113,-499.58928585185015,-2.502214936094305,2.2343065475294885,-223.93152345924048,134.97235155921976,-243.2432086555147,-499.9999734162112,-0.04460172053125018,-12.196468946085398,159.56687431657608,-496.5668155850701,-104.04591501654205,-155.68468015823527
65,-9.346033252393578,-499.99999999941366,499.98496316730484,499.9999999894381,406.33456171747827,-14.025195879373996,407.7498659509508,322.78496727473396,182.30858308533354,52.777759945701455,80.50523189181284,-136.07344254715477,240.76456921244213,-96.24098771619691,402.2895555997886,204.58472883729854,212.49730418762496,499.9998139471974,280.2691205412065,499.9996641755035,269.13017647353877,500.0,53.014162366274284,174.67611453522971,-353.98069534776283,-163.68548083435718,238.57470126247784,31.47194312384905,-89.80001326709704,-251.13074695126707,-5.723423702364996,-106.46462442921711,-105.16930149541844,-499.9462282845275,275.33210755112106,15.14470129483639,82.90123167195168,-216.7083837256318,-7.100349495802349,-3.3872521534179345,-130.74578822074173,473.73853669404946,-282.7938022308437,-382.7101310559573,-365.7681051923477,-159.4294058678792,11.896867101408443,-4.236242199273322,76.85086839364646,26.2656412990091,482.363681811029,-149.30847850056068,238.67096151584371,-198.07733621912462,-229.75654478186314,29.50753057260668,206.43438699432977,46.48244180807339,-28.65402472173894,476.50227741652265,-475.8024110886842,-183.75230523340394,-448.31405373407836,-365.6333070360241,-265.2105992600433,451.52923528673955,-72.46909132984358,-161.59211862332944,360.5934644445027,-173.67722907894355,327.08126532577995,-70.90302756457172,499.8695305473875,-349.0640755319951,319.7664148914312,-273.9505504166155,268.9239708970365,495.31001832745,19.13060488577505,-14.834375385907215,-9.475546591024285,335.32012143322703,107.70972162500695,-204.99963640327687,-101.41392850145117,-218.66743751715973,80.8258750295261,325.0404105724143,-266.5263191509523,-224.9974830217016,-71.86806860731214,15.645146284098558,-153.00991040868425,-112.4760441046722,-34.65710373141191,-431.5463251312764,52.248109942656804,430.227476430037,-103.65618541880134,174.20511713157097,498.3639272680189,-376.8341780674331,382.9321580734145,128.39931273320073,121.71946050837919,68.62535060477607,70.45410963526093,-412.22508488599726,-167.4601371378375,-309.35138213585367,277.9486587037335,-128.9748767580924,-28.950100340094423,220.4881290129621,-40.81543813178137,397.78785067388327,141.14628660997082,469.3051864465458,-214.32979221336737,290.0161116983353,444.8366526802529,-495.751435796742,426.90318671967447,338.8980369048172,26.485403177780775,330.91607957834793,-212.1540685570728,56.579415351276964,133.40637998855308,10.969822383021347,484.55557543956695,330.63876458240276,193.37428442979927,-7.297398631763247,499.9982123617741,499.49474677989537,-71.4769636827605,162.67081180961245,98.96139262732731,170.35927515505384,76.40056720086926,6.092652504690028,63.39326475095861,-67.83219811773405,18.733186539446873,212.93600249081112,-11.76612999452144,47.90082019264348,493.69182228047407,-141.67995249065453,192.64683832631044,244.2360466855146,301.2535987882417,-92.21860724176189,-31.36678971416494,73.12324323287564,457.0371957374815,79.58454185421292,433.1565671077185,481.22659380615704,140.63255212265352,106.42358401196284,47.5343485596163,-28.509233379840794,1.7564708907872253,133.48085260146078,1.2918258704056844,135.56006940670616,-44.21767114121193,-23.528749352107912,-55.384669367968996,220.35103795601532,304.32371048286967,99.03969866338531,-246.08343962592653,499.93502364073925,499.999999998708,98.37828617849296,-80.98056371367908,81.14941530393264,-20.780416229961272,27.259551007622704,78.84047930721191,-81.54339533504539,59.719271139434504,83.7106842157301,191.76142313791482,134.9037096567886,124.95562038120552,-40.80673969913726,-23.766314465797432,52.63308040876284,-457.07876933992793,85.18332742594681,-10.8234332178807,66.97532438532588,-497.59266366451607,-490.08490153430637,-9.560596958461366,-15.103340306639241,-92.02412217111198,-33.0906922030869,52.861366718548275,123.26089080502709,28.325714556875706,185.1528065350537,-68.37164857972112,39.64597285663007,-43.849233760096425,-307.81677040925655,112.6006911912059,-62.84723560233933,-14.375253416806535,25.399314894287286,115.08113712924234,-30.176572618180998,-54.44691000280566,55.194265868814064,88.46969330438056,-70.188821893438,345.88597533886565,33.68832855926604,312.1085239784979,31.221298513646367,-57.43083802398971,500.0,-23.37533173032522,-7.651646219233519,106.54452993133546,93.61247455336822,-24.468580847577517,202.00644205763638,57.82675477688228,-132.28684422692368,131.59953988574458,114.70353791898764,-32.26451864527178,77.16897994470563,57.44861358053311,-30.86867273606289,-53.872936801078446,-125.9888393153274,-1.2522011135893527,-6.263225126337511,15.753380524046962,-96.70325707788518,6.1149873470764975,-130.38510160546633,152.53084669692845,39.24739205247235,-152.2821149768791,51.10061645317283,1.9188333424780581,-315.01563458589175,-7.835444378723279,-30.328803555438014,-452.6965369078229,35.0259841488762,-195.2739533587926,-23.37533177728326,-368.17626312843663,-29.00615709998362,292.1496697907149,-347.60725443779324,418.4815152627843,-499.1774097244661,-499.62078822179575,-1.6072588900379543,-1.321665987894648,-225.3383980107832,133.12469766824944,-243.40568967568584,-499.99997383108206,0.15013661965591904,-13.32282258294071,154.35847671025104,-496.6035464419649,-100.28857883449312,-158.50578749030703
66,-8.743406411737924,-499.9999999994493,499.98507481188886,499.9999999801202,406.604000640409,-13.121098205295704,402.9324063751993,319.8463539937713,177.6578260638814,50.601307752451824,79.74067727618194,-135.8566873419459,243.08272288913233,-95.85648896199346,400.40329911280804,202.5860167068886,222.17556388095593,499.9998150940434,273.67853715050785,499.99951319560085,266.21061885014086,500.0,51.254528108273796,172.2776907495271,-353.74839202097405,-164.47672345261793,239.81132746316007,29.25287374743325,-94.14988847439018,-255.00887966611984,-6.206271583736933,-110.91540092703885,-105.56121173926516,-499.94658819703074,272.5682802370088,14.98577082088755,86.27332679838912,-220.8212004808057,-10.692834744095967,-3.444215641701694,-131.28066292188555,473.7428636307028,-283.0077557478873,-383.9612215278474,-364.854677683624,-160.11413493829338,11.047624398174085,-3.7357332230902616,77.11506789452024,27.845283617877627,482.3942114781642,-150.1258004507633,240.16525578563167,-197.92436355665487,-229.5369805271113,30.49398898844528,207.49125905370272,58.942249283261184,-28.990746151826404,474.0862860019223,-475.842392503164,-184.34242203095613,-448.3895103495529,-365.5942224847273,-265.73988638256407,449.4889656440949,-72.77285340258244,-161.90770616389256,361.5970906398023,-169.97840340917867,326.2864112549833,-75.38982488978756,499.8234530994822,-353.1230255849072,316.21223117906584,-279.2172756534453,266.7759998607529,495.0033785883869,17.212308880722254,-14.283951046174076,-9.279082775405191,336.0267852205419,97.18000521728047,-203.11681824993184,-100.81594464420955,-218.7800003774251,77.4704194849265,321.2683155373098,-267.0086023792043,-229.96721048661823,-70.85340078206582,17.199038218386445,-152.43989292181675,-111.08368776948309,-34.814466713844475,-429.6766772896017,55.097697927799786,428.79993307466714,-103.42796169208681,170.71729893688328,498.33794330792756,-377.34046074577174,381.44430152613666,127.05720692265773,121.39654369615396,71.4791661701803,69.51936329530334,-403.3653894702952,-168.0719941206045,-314.5929704192289,266.72473976346356,-130.71113472669168,-28.364807837584685,151.6013759610227,-39.59294679962043,396.8626618471523,140.42962000217906,469.22936026056345,-210.4587903367757,288.82097043205783,444.22797013438986,-496.8440558469985,426.3618140769148,334.82379472193867,28.10491786424859,329.02510858007435,-217.03101481454777,56.1511338519799,129.7487554456976,10.637464051329193,484.7000287479972,329.0474905245547,191.83113894323856,-6.88019374008425,499.9936544585209,499.38261896088954,-70.71519463606502,163.33760356647022,104.52749828388137,170.07685471381168,76.95504055079027,6.799301616470584,63.92118195423541,-67.78080316002729,19.72090775894914,214.58154051144575,-11.758650665405172,46.38417387624687,493.373297943431,-142.40019702755967,195.69841714723978,242.77097763368306,304.8355851455642,-86.7645093462673,-30.20998138843484,75.05843479541717,455.8079745802067,86.44738980268124,429.50699823157015,481.10761020346257,144.8618135804122,107.22548928868544,48.10600049553448,-36.1554658520766,5.087673003271817,132.09572445326404,-6.411761614458494,137.03043425754757,-51.917975998712976,-22.911555370856924,-51.88151769678615,214.02184523054723,307.5777232641183,101.966908958931,-248.86627454620177,499.93435034339575,499.9999999988405,99.34307402544577,-79.96437940868542,90.97650293095329,-17.863786592317748,23.106309769604664,76.5682443719438,-82.5513034681157,55.25654910644185,81.4201695030724,203.15506385966475,136.96789631871195,129.18350414219773,-53.20739436249633,-27.37834033883383,54.43284780682972,-456.8369272355893,90.11469581271828,-9.460406962696046,56.677917153361676,-497.6043005941099,-490.1214608332371,-7.155414476480778,-16.085826220293562,-98.41576534749443,-31.622790068658922,57.502182549861644,126.52461152882705,26.311854308745986,174.43830751887978,-62.91738691008926,39.70567601004772,-47.94570305569175,-309.6853881291047,120.58883762805911,-63.03148671647424,-12.294969329139002,25.46966097680343,102.40465559396986,-38.569919916399755,-53.13459277798734,56.33920485808671,90.61331808440003,-71.7993523119851,345.75602214675246,25.66448682610447,311.6539000277978,31.44512655670066,-58.70863924453921,500.0,-21.869775641211213,-7.714246185193935,105.85476170963219,97.2219002758335,-25.5727036191119,191.73371625891423,52.55657302789405,-134.28302926458124,135.04215984155195,116.60063717011704,-35.98271934575228,78.80111753720578,52.524332987738134,-29.569365693798872,-59.03276322067764,-131.2922854187928,-3.7005432981801243,-5.789075911594924,16.697852864189052,-106.5057146319666,3.3123701700012855,-130.27154933227806,152.0444729304489,40.60246195128894,-161.92300295334022,66.21981266892476,1.3838085615799103,-315.50631934684407,-8.975970103608924,-15.179486587434978,-452.94838816335306,33.4684104077255,-192.54721024420357,-21.869775685146546,-372.2673481520923,-28.67806898458399,293.60777260989136,-348.00125539621814,419.3130338992993,-499.1841556226853,-499.64962781978653,-0.5194844788573624,-4.833853720929893,-226.55609853656537,131.44999023615964,-243.90860135293525,-499.9999742232043,0.43486212824218246,-14.34178656523787,148.50013714961463,-496.6300275061653,-96.4578943277154,-161.32254834799798
67,-8.179621540564671,-499.9999999994814,499.9851791755119,499.9999999620906,406.90074414677156,-12.275230341927667,397.90911891010387,317.123526802074,172.99393125634762,48.534001348479066,79.0127101398285,-135.43563256576914,245.45467936061334,-95.46255023062386,398.40015333327716,200.95099987806745,231.51768329574537,499.99981652449765,267.0965806702114,499.9992884148858,263.4828423791747,500.0,49.718427470113454,169.7778741131046,-353.3540016963886,-165.0842110615862,241.05498119665714,26.904858990642126,-98.67576844762455,-258.73668201458764,-6.629542031828115,-115.2501168879396,-105.87562133189734,-499.94692972660295,269.58575098261053,14.936605220689595,88.98470372705148,-224.7330556264446,-14.353037169392984,-3.507558931787141,-131.80685919162553,473.71421695875773,-283.2227619065362,-385.1456787216661,-364.1037412931129,-160.75844057447176,10.221596612674597,-3.2571770018978192,77.37247296677688,29.116331453425925,482.41394635671395,-150.90703845688853,241.74105442128155,-197.794303331741,-229.32625103502505,31.47055134200673,208.54723267290322,69.09893261512049,-29.3228943289416,471.50207508068775,-475.86931675747616,-184.90724442072042,-448.4627598302971,-365.55791784048995,-266.2440170434804,447.46238606589986,-73.06486215936738,-162.16756127384772,362.5692187549584,-166.30320035067382,325.487781671727,-79.76333391381641,499.76222044745197,-357.226912503236,312.8674833219526,-284.3498691705538,264.87133727181646,494.68369418002624,15.253933570249187,-13.757574624110863,-8.970141706484346,336.7121320888043,85.01879249522096,-201.3249874350592,-100.25056289835673,-218.8883802228159,73.95333523674621,317.76786646474767,-267.48288582530586,-235.0667138967702,-69.72095163892463,18.749032803559462,-151.90336901452883,-109.76179787932992,-34.971800840974055,-427.7318166529306,57.68938885699167,427.28767128885045,-103.20054046931969,167.24024953974856,498.31156363388305,-377.7364467025449,380.1711820059529,125.81137852776581,120.23032965926032,74.14829551086903,68.57646770762256,-393.65309271101734,-168.75354931824205,-319.6097064067841,255.35243290810357,-132.44156710574177,-27.807637940509373,74.7469543680803,-38.42430695457557,395.96379836770035,140.22766999669318,469.1042426361732,-206.34843292053077,287.61617204473794,443.6012973327204,-497.654892901135,425.81248568892585,330.78920321330145,29.442761735739342,327.4745287760545,-222.4472952670289,55.709412653606364,125.92543653714455,10.684495092031742,484.83603651908294,327.7248498418379,190.3140993501437,-6.466520194754633,499.97424642913666,499.25050680342974,-69.99214594033042,163.97330771537892,109.74358273465982,169.7508745507672,77.44001671684337,7.247702700999124,64.42628520269209,-67.73163208443964,20.90157870203578,216.13209806757436,-11.926625116974487,44.920989858697375,492.9940929695795,-143.14032483474907,198.490904789315,241.1927699814405,307.963234303771,-81.33315027545946,-28.730074982161167,77.1056204468081,454.6095157604879,93.27348942360511,425.6776275209345,480.9993095498656,150.02019118340525,107.8257355576902,48.710393921163465,-44.197027629242505,8.109024007167458,130.45393264764343,-15.099114205637777,138.41403698297057,-60.356570986015726,-22.708921808024584,-48.569726281404314,206.98537205524698,310.3219423074351,104.88732930639642,-251.64842264437755,499.9338601185393,499.9999999989569,100.12168247779705,-79.00901070959902,100.00617960505699,-16.614018464711243,18.991810040095682,74.12356989761783,-83.73744661442673,50.735163443939534,78.89279550268424,213.7839289357191,137.4114110909122,132.79826795819918,-65.20799737389903,-31.16132649870305,56.097941711475265,-456.5460259496151,94.5491751040877,-8.382310258501397,46.83504367241952,-497.61399691245924,-490.1453215134588,-5.727120051803486,-17.138429988027372,-104.53543103570337,-30.296727226665492,61.69656094977926,129.36354597043592,24.32368452054086,163.93276063073776,-58.0622318728147,39.61505743269349,-52.43790585300821,-312.0425649907291,127.8607549954763,-63.20962864022459,-10.414744703960414,25.399375673827517,90.14518984766292,-46.59659334562502,-51.889516672449524,57.24642555111238,92.42058636418653,-73.47883052916693,345.5953392663418,17.78879211767922,311.20339268128134,31.66356407926345,-60.07263341046501,500.0,-20.4609565200431,-7.852017206526743,104.81995492418588,100.46869800657277,-26.855019811391415,181.48849480502653,47.38165933024633,-136.47946041607716,138.00499224248603,118.14178120246444,-39.65041051905508,80.2422470534644,47.77820778628246,-28.42150124094728,-64.24080000072914,-136.3425325416898,-6.220966009773286,-5.614430448414268,17.585119604658782,-115.75533714007491,0.5491523457139781,-130.21846317750536,151.50870090069665,41.55600161986645,-170.9873515180681,81.11998160694965,0.6426918298160239,-315.99676910162344,-10.399989378530032,-1.1129876164784334,-453.175441588672,31.954570329804998,-190.03946657404762,-20.46095656115606,-376.29678225407145,-28.468152436768897,295.1241416622838,-348.40704445295296,420.1566702475836,-499.1850881726843,-499.67583058824897,0.7235338149993612,-8.273769740759386,-227.70091835682305,129.9461974409004,-244.87491550467857,-499.99997459406944,0.8006588518272781,-15.22805062716211,142.15884810215542,-496.64858727544055,-92.65131878988203,-164.1476219587537
68,-7.652178226956338,-499.99999999951024,499.9852819802412,499.9999999271729,407.22201303302927,-11.483851651292351,392.695546275261,314.6294852714025,168.35525412331296,46.597354205746825,78.34072109328444,-134.7967385370037,247.78220416924756,-95.04285857055193,396.2829897915755,199.69759875526046,240.55233151570891,499.9998181995008,260.55319761058945,499.9989522682047,260.9571807579088,500.0,48.411622065703185,167.1901728348278,-352.75374270000583,-165.48505242412867,242.32180544968756,24.425658293583957,-103.33599529107876,-262.28617313071055,-6.970390082338928,-119.42717871871822,-106.08539241718496,-499.9472538947778,266.39493575676454,14.982952896059373,90.97087601290369,-228.42951050289767,-18.049512598544226,-3.551770215154451,-132.32397704578193,473.65286815319195,-283.4395735176625,-386.2615934142649,-363.5407068024153,-161.36196200361738,9.449309754264458,-2.826729631625998,77.62329505011705,30.37101480153953,482.42412489144846,-151.6540362444892,243.29713242476802,-197.6929305348633,-229.120841795497,32.408321524381925,209.5982935184263,74.86037575126579,-29.651690457684918,468.76528659215404,-475.8847970405756,-185.44762356346953,-448.5331602066539,-365.52848616451564,-266.70533709850946,445.45466366696576,-73.34697736153679,-162.37622429875753,363.51086333253244,-162.9784493977412,324.68233961406764,-84.02160730267008,499.6819399924473,-361.70874892813606,309.68232356791816,-289.48218496131796,263.14430232219866,494.352752685776,13.183047641792696,-13.243604612549822,-8.980476485935432,337.37680004557114,68.84504323892567,-199.64448203480612,-99.72506142441358,-218.99373138299447,70.26041010857244,314.54574489939534,-267.9523086854411,-240.78797101294933,-68.58219457300429,20.177618339476133,-151.40703957376067,-108.49029395155544,-35.137236730773026,-425.6388370756163,59.94516227542798,425.68335058001304,-102.9740292702777,163.78869949991955,498.28494235173247,-378.0202551452861,379.0696308296197,124.65885293820139,117.03134687250157,76.60397503209333,67.6294811609154,-382.8125513902477,-169.4931433378451,-324.51647941143545,243.91614220515908,-134.14273446167167,-27.284154326028595,-6.149495146615397,-37.315797927729214,395.09050190085946,140.4705220914466,468.930183197473,-202.14131295417758,286.40649382524805,442.9616260199939,-498.25425718553134,425.25977134546827,326.8391110250771,30.38161134079232,326.22484921899644,-229.23438607107144,55.316202469223725,121.61265062355399,11.068323196633898,484.9648307624042,326.56121673677546,188.75501993029377,-6.054747985633972,499.88588736635245,499.09672331700807,-69.31167589648985,164.577876009856,114.56829958760645,169.46771422529505,77.89401715230268,7.174764974609924,64.89820944873678,-67.75046388331566,22.184960092987982,217.58741832571212,-12.502950632559372,43.53043339333458,492.47230715912536,-143.8715814251495,201.0227695320963,239.50645261355265,310.62279474263363,-76.1893106373449,-26.96304315540032,79.32665150431203,453.4478978969516,99.64844778193626,421.66810446786894,480.8602709191251,155.73808627717196,108.25209275490482,49.414220151049356,-52.474841483035334,10.771852598446218,128.61548707047436,-24.483976316841677,139.69786722237444,-69.23862191263262,-22.83788410443509,-45.48856304510491,199.32592413936842,312.54107457815127,107.73129486428951,-254.38406708009782,499.9335617004043,499.9999999990595,100.73529863340954,-78.13670771621177,108.11545249128383,-16.577155467493153,14.98264704684094,71.53684070254003,-85.02270870922638,46.195956963061846,76.14799203565978,223.60585621408381,136.7234501680277,135.73263765839917,-76.8011282468608,-34.98009605189742,57.60908031099803,-456.2196916864186,98.42176765254031,-7.601777258949843,37.49204939473884,-497.6225549340171,-490.158043747483,-5.050746407817628,-18.28459546954403,-110.33365801955242,-29.12635095589548,65.37041770331051,131.7275189163604,22.344064742911858,153.71540706548248,-53.86545261849819,39.3648924676487,-57.290961211027614,-315.0824785405837,134.51890556106767,-63.410926146031294,-8.726036381757797,25.165148268599147,78.3860570368433,-54.2508455907796,-50.67633210420134,57.892350521335935,93.85298778538275,-75.2372301737412,345.43468216307326,10.062559627685495,310.8050889686215,31.861323681874165,-61.53021628814577,500.0,-19.14270185477308,-8.074245438643509,103.42813138648543,103.31261140529114,-28.327783567339978,171.26091161968216,42.28333412209943,-138.87073241910906,140.43872026286894,119.29496325327563,-43.28193536668291,81.47904963483461,43.187006997332915,-27.42868785376362,-69.5035353086524,-141.14981084753362,-8.802584672220775,-5.912594260890803,18.38455351654313,-124.4646869411905,-2.1409606313235963,-130.20248437091604,150.89218158744447,42.06812932537739,-179.5019343922749,95.92718063261172,-0.33295296470830954,-316.5194813452652,-12.127829615641458,11.137165214098998,-453.3727221478996,30.514536737202036,-187.02539081264425,-19.142701893250074,-380.2767176246883,-28.415731648242964,296.6953154963652,-348.80546230701844,421.0147638900669,-499.18271419657975,-499.6995213650314,2.073191342977916,-11.617212339529864,-228.92225529566554,128.59785003757833,-246.41020685321104,-499.9999749450512,1.2329942546997483,-15.9441207014474,135.3423458988025,-496.66263976058656,-89.04845365425211,-166.99446188716843
69,-7.158735950448265,-499.9999999995362,499.985401004673,499.99999985968844,407.5559024991559,-10.74345926894236,387.2959553439421,312.3574050733524,163.75017246300072,44.802082837565806,77.73688486867687,-133.92903682899282,249.99778644982956,-94.57482163515728,394.04943814051353,198.81862879095132,249.2741734090971,499.9998200442297,254.0557789327701,499.9984476162282,258.6187087895286,500.0,47.341825584733186,164.5200444410036,-351.9050758290655,-165.65873921117742,243.62917446709412,21.815604970856118,-108.08797861618504,-265.62981404972544,-7.218332520292842,-123.40340383027012,-106.16405940858931,-499.94756165794473,263.0066585643786,15.08532199912198,92.23062067450054,-231.89918911150295,-21.757643555159333,-3.5623729138371085,-132.83202705293826,473.5601059627842,-283.65512996698027,-387.2344281337806,-363.18222945365835,-161.92456432724654,8.754030929376935,-2.45352599399367,77.86773539821806,44.345186701411286,482.4259563512932,-152.3691479832104,244.76904675478855,-197.62282647523077,-228.91027018707808,33.294766908768544,210.64457955157016,79.60223278384393,-29.97829403045136,465.91996254121364,-475.85875494978455,-185.9644753853758,-448.59688973760166,-365.50723182688205,-267.1074818341732,443.5058233439129,-73.61770394391503,-162.53926720983702,364.4230059423829,-159.98721793359235,323.85677872439305,-88.16165822889222,499.57822105335094,-366.7917106187864,306.6477213530635,-294.7767477197447,261.8280837463149,494.01192556788163,10.915549109986955,-12.699391832139405,-9.082210607054414,338.0214084964087,48.601784606032275,-198.06868915596598,-99.23490602396254,-219.09325284939436,66.37715270548384,311.8664536628555,-268.4180757861961,-247.2573336308315,-67.30917793127155,21.65750846620823,-150.9448550750255,-107.19439456323674,-35.292929035448026,-423.31218241170876,61.91124590280202,423.9968265568622,-102.74729455090133,160.3810640357358,498.25822366418623,-378.1951724353095,378.0902540674448,123.63359556964514,111.42642763387201,78.87636188882392,66.70429034358887,-370.4601733144963,-170.2656879795784,-329.39453448503355,232.5090954849779,-135.7751872841593,-26.797797763033742,-85.92648294619974,-36.27058247204294,394.2375898388909,141.36334406007603,468.71008330131855,-197.86814908844957,285.1812390082459,442.31411357324953,-498.6954537594363,424.70188873582936,322.98659593026366,31.2594284045788,325.2658109389935,-236.89059658571145,55.05890894012254,116.72351272111685,11.722269697596813,485.0874023359559,325.50355762420014,187.13556579248177,-5.641115859143287,499.4689222150854,498.9192034811058,-68.66173490799606,165.15158477662058,119.02863572251255,169.35164616362604,78.41353152102702,6.926307227623067,65.32794405094137,-67.87260611264138,23.52513093759428,218.9515068639779,-13.133811747733729,42.30607488975482,491.75886910256315,-144.56173065662375,203.3428931207472,237.74406255019923,312.84004257223535,-70.805315760631,-22.82762002585192,81.7827430368389,452.5595878550715,105.78358080185491,417.4332689647061,480.64087407796984,161.56324334119972,108.54358199125161,50.297994876990465,-60.73342464595924,13.077672959213311,126.65085571727764,-34.14096895717517,140.8802162653233,-78.24091314927456,-23.185149422700874,-42.64209428463765,191.14121178068618,314.2636171915913,110.41712474257929,-257.02294533208243,499.93345497253614,499.99999999915013,101.21432868700205,-77.34678567335769,115.2716178498737,-17.183025850744233,11.139912662658295,68.84046932319404,-86.31441410695606,41.70787257360317,73.22080803621068,232.63767336982855,135.48890084093642,137.99205793202697,-87.96064984926072,-38.70003472336574,58.96496881411452,-455.8684166642377,101.73878343523168,-7.102689093754297,28.679389777243795,-497.63086069710477,-490.16183484970776,-4.789327803922352,-19.525346164742764,-115.7697654013794,-28.109167222593726,68.54268449741922,133.63020072908915,20.383581160841505,143.86672409342998,-50.19547558382237,38.96803769517007,-62.33332683593066,-317.14228021461406,145.10377154328964,-63.648452388357704,-7.11178845222918,24.780544846191635,67.19597611762427,-61.5077724278673,-49.39423476231431,58.30637967490093,94.93752539465412,-77.06801681075311,345.3180770052831,2.5215515984322465,310.5259666407958,32.025662425531216,-63.071314839384314,500.0,-17.9092238937604,-8.290842746463202,101.71429018835035,105.77808001729147,-29.96283704197835,161.06159913795796,37.322806357040974,-141.43206627823153,142.3617867882586,120.092083671298,-46.87501912199021,82.52172829004384,38.76640693464811,-26.575772170887863,-74.80884928610881,-145.70631667941058,-11.304388529903308,-6.476354961910054,19.086028693145714,-132.6400205360276,-4.653319529544688,-130.18699847674227,150.18600885596567,42.12817112234691,-187.4740853285012,110.77861613280284,-1.497344825373392,-317.0976886952948,-13.911303558749252,25.152027080967397,-453.5341710875412,29.20984558119159,-169.2869547283332,-17.90922392975198,-384.21153523648655,-28.548145404799158,298.3279069440583,-349.17373146557054,421.887432400486,-499.179678895545,-499.72087666936505,3.4774811763728177,-14.796144594668966,-230.37040425224035,127.3808929444262,-248.58491939538848,-499.99997527741687,1.726652628969134,-16.427815096102098,128.5710003388486,-496.6759631769163,-85.25172660874149,-169.86340444892946
70,-6.697104813091865,-499.99999999955963,499.9855775890188,499.9999997298339,407.8889948393865,-10.05077459071578,381.70485491025863,310.28095284749236,159.16991216296967,43.147484327318296,77.20803731600788,-132.83786107613014,252.26896074177353,-94.0416502526708,391.67659610575424,198.28006617079063,257.67391045825684,499.999821972281,247.5921260191216,499.9976873242494,256.4463887310225,500.0,46.53705778594722,161.7606205047453,-350.7842010290308,-165.59566105245807,244.98846627815115,19.07708735252225,-112.89901399008939,-268.75088393528245,-7.357516690767666,-127.14730972444843,-106.09667101349467,-499.9478539121075,259.43082035756504,15.257252525884384,92.79877734087896,-235.14515144162604,-25.473273806987404,-3.5285862403003656,-133.33196639870658,473.43821300809424,-283.86707687382545,-387.9413506564961,-363.03008443919566,-162.4506971316614,8.154180495251946,-2.146900667052022,78.10592530424105,64.89514256475933,482.420313082362,-153.05423047987767,246.32640402695745,-197.61693660524023,-228.67201080343418,34.1015244102375,211.6708744304712,86.00352780080362,-30.31670694002821,463.0355658688272,-475.7507818877459,-186.45906576370416,-448.6335228538331,-365.4880598022692,-267.441115995466,441.7006497983786,-73.89346714517971,-162.66020776956952,365.3065968576682,-156.88747400565035,323.0300959581867,-92.1838055213432,499.44640316294317,-372.2043199399782,303.9383281002899,-300.17019424340356,261.23107417555866,493.66150413122875,8.52786921984174,-12.099114673484376,-8.537410850267925,338.64655913040986,26.512074450012367,-196.582745394781,-98.76859846800393,-219.1826589110286,62.28670634645149,310.0522747348399,-268.8810455796868,-254.0000860668622,-65.61764692175659,23.568882750582908,-150.51279204224133,-105.84905386088556,-35.41976142997327,-420.7069357058154,63.61020520665302,422.27476446339904,-102.49894638871629,156.86913314326875,498.23227416052663,-378.2649101538027,377.304560454797,122.69114623419946,104.28783288459945,80.9327662848389,65.82213413522905,-356.259823270176,-171.04739955558475,-334.18035156789756,221.22363540904308,-137.3082021619542,-26.38955728822628,-159.94561090941747,-35.30098179887506,393.44071068045207,142.92714793785944,468.44730630993723,-193.54959531319972,283.95958585938735,441.6610826046729,-499.01916773725173,424.14662105747783,319.2282775504326,32.44477912901684,324.6123103972376,-244.5062987598875,54.995311661437256,111.66814637231215,12.577780086115062,485.2050304573914,324.66626872730996,185.58074459267652,-5.214879483322664,497.4874556924018,498.7145594906532,-68.03936229388974,165.69033367928563,123.161647411939,169.47204075107737,79.06095495644331,7.042999569227063,65.70142879614708,-68.09040236877293,24.88292126651617,220.22174413957725,-13.325022827681599,41.32359941432785,490.8852070184131,-145.17824157772347,205.49249700097462,235.95290548937245,314.6632517916775,-64.59635204424823,-16.4364240577261,84.47908776029553,452.0094053505789,112.33298973336623,412.9745100815349,480.3496946296711,167.25756259110796,108.73395851777941,51.388590463588415,-68.7600184997409,15.038171676373649,124.61975617099992,-43.70725567576524,141.95568133276907,-87.10487260524707,-23.646769172330593,-40.01634602936063,182.53698848794502,315.5441910952688,112.9075040919532,-259.5239077769162,499.9335315409609,499.99999999923017,101.58529044241922,-76.62813757689733,121.50891542748124,-17.983168512976704,7.495690538547612,66.06703470945911,-87.53459212429416,37.346116229749896,70.14647503645362,240.9383194383933,134.14940350858882,139.62392583670595,-98.64806396548718,-42.22622256787784,60.16860020789674,-455.49706128035353,104.53739540220023,-6.855840301254537,20.397835627549217,-497.6396491102873,-490.1582918801878,-4.631158284599355,-20.849581156866794,-120.82607024790522,-27.23921520210639,71.25804333680139,135.1097720905974,18.452593846156578,134.44108455498238,-46.719661958979636,38.437481567686156,-67.31702912478734,-318.2421200091311,159.30099621192775,-63.93219771656462,-5.480818867393262,24.251355438281102,56.602384189634996,-68.35010632065726,-47.970406055289445,58.50412215705451,95.71587251022065,-78.96302090002602,345.2480995958323,-4.81317143024982,310.37182045436236,32.15574157900774,-64.68368902242214,500.0,-16.755099225715867,-8.365222680426658,99.6994228503893,107.90059377521979,-31.71217244858643,150.8821881189157,32.561752770663354,-144.13452291100893,143.81834441849,120.5779757398268,-50.421227838012435,83.3825001245453,34.530394624462005,-25.848856095689968,-80.13549071499047,-150.00407060728526,-13.593027829787106,-7.022938430170307,19.684652374178484,-140.2925506393496,-6.894133772587977,-130.1435347362292,149.38321223731143,41.75789043536263,-194.91127222134725,125.7876669161345,-2.7713724765151317,-317.7590871725506,-15.500857987939423,41.35833123925774,-453.651851340836,28.12164928914704,-145.2421918307078,-16.755099259387528,-388.10600554450633,-28.917322024263672,300.0724005503478,-349.48805400277786,422.7885509205191,-499.17839572124524,-499.7400964660358,4.848824847508783,-17.71866408765067,-232.190013883619,126.24868960223328,-251.42849953153518,-499.9999755923367,2.2747328852546724,-16.63822317272128,122.50091391362798,-496.692208140348,-80.79407476972757,-172.75543310550196
71,-6.265235719346442,-499.99999999958084,499.9858046336291,499.9999994814564,408.20708636303095,-9.402728861078321,375.9063472698191,308.34976450056064,154.59467141203675,41.597622045809956,76.73463626692426,-131.55349410515043,254.6461527929178,-93.461169696804,389.1122074455029,198.02504869423205,265.719001482174,499.9998238867248,241.13231567377403,499.9965381114449,254.41521296479553,500.0,45.91917411178268,158.88748678608164,-349.4040781414806,-165.30933951648996,246.3953064118338,16.209390762370628,-117.75791332555227,-271.59273201322554,-7.399611285513299,-130.583584363728,-105.88861434251983,-499.94813149740514,255.67278073564697,15.5126918328173,92.7001266072393,-238.17766171284666,-29.212826738415796,-3.453613363965098,-133.8311741943619,473.2876367197781,-284.0876511739437,-388.4862127236737,-363.0798691146496,-162.95338800024396,7.649125265808567,-1.9410983590783206,78.3379531268874,85.78639636026767,482.40759660472423,-153.71264963894757,248.01616194203558,-197.76614742788843,-228.2562381693505,34.775287772777176,212.64963046261306,92.77856732526598,-30.69545076508455,460.0948626124169,-475.6040365058674,-186.93366724417098,-448.40671888660216,-365.4753427884387,-267.7194645164929,440.02096178663277,-74.20437548597435,-162.75223380778354,366.1625574533063,-153.02892999255963,322.2422428061501,-96.10238055789303,499.2810514257396,-377.5375912812385,301.76178942420745,-305.4374983111834,260.9577139496834,493.3023975448426,6.268870993189633,-11.439801618140212,-7.598064774435117,339.25283735094627,4.544362793063312,-195.21655602494886,-98.33832624830339,-219.2702455692287,57.970327143849325,308.7314183869879,-269.34566170491036,-260.5398546487388,-63.628411398471584,25.774574471903513,-150.14016395716828,-104.46551957849249,-35.55402497796145,-417.831434573921,64.95482689008206,420.50534557396895,-101.9341005680595,152.87057586395758,498.2078899989917,-378.24205949604675,376.7076761369543,121.63141563552729,97.11348533905498,82.61042958314579,64.95809728918695,-340.026009192701,-171.83263959958535,-338.72177604595134,210.58238073056157,-138.7579232480516,-26.146484673061046,-225.4060599961199,-34.43076748159231,392.8681518831561,144.72455092672425,468.13970497301307,-189.44806405528126,282.8273548795613,441.00265322168997,-499.2569335755543,423.6168103646475,315.5395120743677,34.052634502775675,324.01068603560327,-251.5662839249236,55.099090177365575,107.43408077113313,13.547684638859588,485.3181744351287,323.89890289129977,184.2129969621719,-4.6794931812989216,488.2836475080188,498.4812752196568,-67.48680952718965,166.1899269975385,126.93016343282137,169.78265482015064,79.77092020546391,7.422908280503051,65.99013782220489,-68.53883664235565,25.875564379996703,221.37684901057105,-13.230482676806396,40.5657937744401,489.95572049739843,-145.69897867835266,207.43655989090217,234.15850918424596,316.11395873501164,-58.203076186223946,-9.50160962929204,87.43740152615055,451.60389420410104,119.06856712581713,408.3556569780133,480.0394877811274,172.72001748604256,108.82841121061468,52.651727824594296,-76.45526392693854,16.605694726531176,122.54252568737037,-52.981717070535176,142.9003881829804,-95.68166673503724,-24.170617882663745,-37.65413894952871,173.6195679891826,316.4190809375612,115.18466937475692,-261.86406466604313,499.9337756076581,499.99999999930117,101.85201369155557,-76.00420658462934,126.84885999120907,-18.74329142425737,4.050973492747088,63.226531784966134,-88.63521495648905,33.17790585366381,66.9428272328746,248.53448262690594,132.92831905304195,140.64660699436757,-108.82147299772342,-45.51197382604416,61.20370549544667,-455.13522247607,106.80005272075351,-6.84654484260807,12.621777307000677,-497.6498279728452,-490.15009192409997,-4.394865562463664,-22.257208058857813,-125.50658054481586,-26.52955563144234,73.48450209343956,136.1577681217168,16.50814873461031,125.45380681876847,-43.25430958900347,37.76340827853811,-72.05180117867927,-319.02906064195275,174.12448521621766,-64.29712622326367,-3.9167383980959705,23.539882430872773,46.58481844827273,-74.79440097135969,-46.466662490508405,58.42660186350301,96.16659463795668,-80.92871846925166,345.1505254029103,-11.96454280037151,310.2486106825887,32.247270536794254,-66.36963041253368,500.0,-15.675246483975554,-8.288869529589386,97.35625262922466,109.64599578598104,-33.55691896429965,140.70606713821275,27.996047250817732,-146.95350096368372,144.80043330534292,120.7307500268774,-53.92760364816055,84.04587965074919,30.464477564904573,-25.251989550787616,-85.46858536560781,-154.05201200819215,-15.644416646586091,-7.4554565866601425,20.154815634916236,-147.44405458862016,-8.861909094187727,-130.0660993066841,148.46582495839337,40.97811049125153,-201.84128477253319,141.00598966979362,-4.13159103711527,-318.5390408353573,-16.815886760062565,57.707143931273755,-453.7228228680329,27.277730455864262,-120.04412184570796,-15.675246515471294,-391.96443614428557,-29.60144682953653,301.9394531679702,-349.7389559097561,423.728822475588,-499.18059742970934,-499.75738530279676,6.063573255782996,-20.36077661343983,-234.49565501277198,125.11820649333168,-254.92731924250756,-499.9999758908925,2.840239539586033,-16.582296959359887,116.9041937440145,-496.71447897368483,-76.24044281478929,-175.6925913837488
72,-5.861210621910737,-499.99999999960005,499.9860611995751,499.9999990097927,408.49336143158155,-8.796448801110218,369.88158058218437,306.5222473124661,149.99663450709494,40.11542753015918,76.29574508663956,-130.06182245249133,257.10168525564137,-92.85643849282427,386.27564551026785,198.0210246476753,273.36696033535185,499.9998256816155,234.64155457951574,499.9947956808844,252.48717246001556,500.0,45.40531084274371,155.86174012105533,-347.7965973223119,-164.80263824881288,247.8836543653904,13.210505821650534,-122.65275881683043,-273.7654815870344,-7.381797315385409,-133.22372511474057,-105.52881414290849,-499.94839520234734,251.73529054375138,15.824988319225001,91.97703785413024,-241.01388958113682,-32.99905522500035,-3.353943710593588,-134.3392350171178,473.107037951822,-284.3357540016641,-388.9424499257364,-363.32323776357913,-163.44830758634137,7.229694149800042,-1.8632216277403684,78.56393540226051,106.30763536466337,482.3886215924078,-154.34827899199118,249.812024134217,-198.20399507338507,-226.81391971888678,35.271155296766786,213.5419045525155,99.72463415884252,-31.14584242112325,457.0799764596252,-475.44333287065706,-187.39074530873896,-446.92169134998926,-365.4869336003455,-267.96680749933705,438.52108197404004,-74.57879176705606,-162.82970214746416,366.99177942293784,-145.64397243287777,321.6121906519812,-99.94394983516243,499.0757638503905,-382.49515654130914,301.09504104369825,-310.40097429547257,260.85717594160457,492.93619168036054,4.9688937023537525,-10.655067066320845,-6.127475261043555,339.84081313840767,-15.832350694930552,-194.0279652586022,-97.9669793389275,-219.36801325227592,53.40970108818073,307.70535062682586,-269.81591815779035,-266.57714229304355,-61.507952775623416,28.06984977778753,-149.86557787966544,-102.90226454006412,-35.74881485667868,-414.71964020347497,65.80782421939779,418.6812086325505,-99.60804292888099,147.9004193914203,498.1881205228575,-378.1486686655656,376.2500451187445,120.26773497542978,93.2184165213824,83.7260677496132,64.0757526938157,-321.69762728740506,-172.6230082902873,-342.9454177714698,202.8321393964603,-140.15742934504152,-26.170575527296073,-281.1985178427796,-33.66763950515102,393.189412881095,146.54140670036313,467.7818505684986,-185.7266259689256,282.1032661771909,440.3407799549038,-499.4325241620378,423.1834804391159,311.88107170331034,36.05749875396463,323.2432326004663,-257.81838309452945,55.31100511182817,106.95871702064082,14.534676199919138,485.4262893964922,323.01050305649676,183.55539680070927,-3.67101533558989,448.4727181734199,498.21854675476067,-67.03711332624414,166.68159547780354,130.26668181674916,170.2250104155502,80.45800402408547,7.918069276136143,66.1710616374828,-69.39588264155772,26.010172515149517,222.3962376749438,-13.003299247526972,40.00353742287871,489.30252272895575,-146.05948796910118,209.11399267204285,232.37603310058364,317.20532349760805,-51.528652652789766,-2.4124093804020923,90.89687009666658,451.2835273616049,125.98025329602783,403.7423119400448,479.85624048244904,177.9157146831682,108.82636290924141,54.111174432870605,-83.78642640112616,17.733804003133358,120.42479042341007,-61.85372852307739,143.695355216645,-103.88882816805915,-24.729471102678946,-35.62810677991183,164.506372083178,316.92094974458263,117.25084882298155,-264.02953685965815,499.93416652928937,499.9999999993642,102.01581819495354,-75.521188937165,131.31806147896427,-19.41206169352867,0.7938902383422344,60.326626382391794,-89.58469243864802,29.271820728342536,63.63211077088344,255.4264267634384,131.86706964438636,141.07534789353022,-118.43382103091554,-48.533978138885345,62.060570336871244,-454.8142642043376,108.488854118976,-7.050543741873607,5.318162225694145,-497.66228538012456,-490.1418237130099,-4.039894947621743,-23.742929237372966,-129.82042873306483,-25.985432430084384,75.15656982767666,136.75067294630722,14.487593030275454,116.91281014302514,-39.7639684672689,36.94189041493346,-76.474998207658,-319.7353620235904,188.5109935370542,-64.78055899475048,-2.601583527915375,22.609902776389802,37.100465338652576,-80.86693414475845,-45.01465217318309,58.00546596419141,96.24209947808322,-82.96020782681283,344.9400107224148,-18.949471828460243,310.04517993936685,32.27990511149311,-68.11949110428866,500.0,-14.664903804638788,-8.149063420522575,94.68182442603384,110.95921622444132,-35.48053157362764,130.5684979896475,23.604568190302853,-149.83875209664947,145.28037500837442,120.50039675046463,-57.396780715945226,84.50272239167757,26.5564092547871,-24.781279634323976,-90.78330534449073,-157.86386089214477,-17.47440919403348,-7.7757288501856365,20.47568545024425,-154.11904738161238,-10.584739909722247,-129.94603880595332,147.43008505199415,39.81633810277917,-208.29844614111622,156.4357852341166,-5.577078508480421,-319.46101983509647,-17.8514026110093,73.84376870946683,-453.7511518249279,26.66007546394187,-94.31804229700712,-14.664903834102876,-395.7753775174183,-30.64907633387043,303.8967012260964,-349.9345812477996,424.70074398921287,-499.1869404692413,-499.7729410578025,7.028528757498329,-22.745139102432724,-237.31918959063182,123.90503989470824,-259.00958297276594,-499.99997617408593,3.3771883529438758,-16.27258817114145,111.5639990000625,-496.7444348711755,-71.87002567058333,-178.69520428299194
73,-5.48323533586891,-499.9999999996175,499.98633335825446,499.9999981216108,408.7339175759105,-8.229246042317643,363.6176436164526,304.77400729211445,145.3500379235252,38.6862192330422,75.88576351154593,-128.35548867505327,259.63702964835505,-92.23541366558219,383.084481635114,198.22402083174057,280.59818257912326,499.9998272556559,228.08822560118242,499.9921465350253,250.62328231612102,500.0,44.94782313504761,152.6434827588601,-345.99792597371714,-164.09856092590672,249.48416654535717,10.080615146317818,-127.56790256894277,-274.883472189196,-7.3352865967460605,-134.55234076852096,-105.03511894259067,-499.94864576731015,247.6223749948638,16.170394455563255,90.703184862011,-243.66944326534946,-36.851346032389216,-3.243625241984385,-134.86283313306268,472.89617558950954,-284.6312194872489,-389.3326021810474,-363.7445612943237,-163.9497385288023,6.885595073498631,-1.9119419358326812,78.78402577970678,126.33257861417663,482.36516566575295,-154.9633277344508,251.71909512144407,-199.04251065397466,-223.5484097863743,35.5739497098112,214.27841997047253,106.83280215198604,-31.696169168892805,453.9895300604027,-475.27508570822727,-187.83209725785716,-444.01507315212166,-365.54329585081354,-268.20478381428205,437.30748317521864,-75.04647780289723,-162.90174319068163,367.79510274971335,-134.35957329214858,321.3379391620416,-103.74517313960041,498.8235448291072,-386.915049628601,302.1229256431074,-314.970374782607,260.90120215706764,492.56447358832725,5.310747516713309,-9.719591687884593,-4.119945033308794,340.4110338226689,-34.00486464762125,-193.0686382430178,-97.67636371769908,-219.4876534789793,48.57960746873595,306.9167330344839,-270.2959023590925,-272.01204616570936,-59.35748093382864,30.33217552716309,-149.73646526659326,-101.22200284785792,-36.0476264238526,-411.4094300388802,66.07652330900554,416.8171181409933,-94.59267438035023,141.55632195240196,498.17776817099946,-378.008849377191,375.9084480455704,118.46489884248138,94.50590593078832,84.15740690751733,63.118309420062815,-301.2921429747089,-173.42445850053096,-346.8337533068079,198.61147474624593,-141.53171205632697,-26.555129887966977,-327.4010985388602,-33.04197671198741,394.61266377719863,148.26354998864784,467.369683381212,-182.4966772240384,282.2135245745972,439.6799772941768,-499.5632085971112,422.9953890377518,308.2117167619083,38.41667787991894,322.1444496991659,-263.3876087569635,55.57913834369193,109.67855035409671,15.459430677532982,485.52818180578254,321.86678926439447,183.71712885645326,-2.2670251529684915,307.2151860650162,497.92566369493636,-66.7283011607279,167.16354160294676,133.1252224645374,170.74774172230354,81.06538657013031,8.442375888933388,66.24142126475299,-70.80195478855033,24.86885845216608,223.27708765059748,-12.727891149585318,39.60203919576856,489.1727244223257,-146.10517371078197,210.4870792577311,230.64060944474446,317.9638309028141,-44.47191734429662,4.762222424571349,94.75136570203246,451.03906410101627,133.04999336221513,399.4599257776511,479.99520412436135,182.84845410770805,108.74270838293995,55.74845716060839,-90.73892366621831,18.39166651495001,118.28175449541301,-70.24301889664254,144.34321306734896,-111.67095898208353,-25.29253231151236,-33.99665402110246,155.3296223253624,317.0964622055395,119.1324318981229,-266.0080061419989,499.93468138977806,499.9999999994203,102.09286558055548,-75.22006999497327,134.97305415028205,-20.026847386597563,-2.2862080258987736,57.391880656362346,-90.35917149769072,25.695543674155903,60.256504584752875,261.6242287304542,130.91979834091407,140.95077003113903,-127.43274650842437,-51.27791903505099,62.754606523145895,-454.55445749205023,109.59143791213775,-7.41813734730104,-1.5417493103754623,-497.6773889372521,-490.13798795039094,-3.6034946495155293,-25.281554914303833,-133.77071639877673,-25.586342653335702,76.23902347075465,136.88991362690487,12.350857890455009,108.83254843920724,-36.27410354248357,35.99401144974242,-80.61093893353078,-320.49416154635696,202.0106949138385,-65.39892646653621,-1.6754819196684985,21.46060279663311,28.108724725415364,-86.579395249453,-43.70840959068719,57.22439652487236,95.92131092742181,-85.02594502779141,344.58102737873105,-25.744648429803274,309.70769656632064,32.22410537498888,-69.89887786846455,500.0,-13.719612370963889,-8.020563810307857,91.74529055377948,111.81987970549402,-37.44268490724363,120.5786086106684,19.385766010117475,-152.69900696892248,145.25631215903155,119.86219928503733,-60.81062627431503,84.77690709987375,22.81448455798108,-24.40984926544098,-96.03554042409584,-161.44941703132622,-19.10432692640713,-8.011906712471681,20.651042847785916,-160.34114937633072,-12.090164818917058,-129.76071650445527,146.29360198093764,38.32248263686379,-214.31427819613546,172.0503087450312,-7.083170636575154,-320.5286823760213,-18.6213733445538,89.69566012052834,-453.7439631281419,26.241129044337182,-68.26753331617472,-13.719612398526278,-399.50975112783453,-32.05954281136392,305.9015702156146,-350.0895374822245,425.68827610419066,-499.1970544279959,-499.78694897367376,7.706416796610499,-24.895036147375528,-240.59474805797927,122.55659571554486,-263.5471739937722,-499.9999764428452,3.8629899135055776,-15.697837294395285,106.34506819071864,-496.78188345912656,-67.79886668956614,-181.75521923042496
74,-5.12963108842245,-499.9999999996334,499.9866128950336,499.99999646518506,408.92049826824166,-7.698604623578252,357.10304506543326,303.0557207973673,140.63657779301596,37.27447547330606,75.49807567534094,-126.54103966566358,262.17428282484275,-91.63146386239734,379.52020463042095,198.53740769557422,287.4115003130582,499.999828522962,221.43818352264387,499.98810974367615,248.78842590621232,500.0,44.50565290269222,149.21711094549286,-344.05438742382506,-163.22562824789546,251.1239599467165,6.824703499255499,-132.5165624951151,-275.34833235765524,-7.285218862416579,-135.054243776681,-104.48344315472656,-499.94888388807203,243.3406087199556,16.51589652184157,89.00364801291947,-246.17325302260932,-40.78169092124206,-3.1349105047054144,-135.40563335000735,472.65593767492135,-284.99128804915017,-389.66834587903656,-364.3170827676961,-164.46325616468607,6.588100572866686,-2.046743422164022,78.99841626010628,145.74465023861555,482.339893751372,-155.5586433962282,253.66134106798356,-200.27937865789883,-219.29335442034883,35.724909980668265,214.81251898820827,114.03178641863948,-32.350259490190695,450.82845538663037,-475.1037382151827,-188.2583090379702,-440.586269931192,-365.65788182451644,-268.4510747838394,436.32010599711253,-75.62087941214398,-162.97502342631853,368.57328397133085,-122.34543469702814,321.41911383561313,-107.54256514014133,498.517116321543,-390.8665747301419,303.69886156986746,-319.1815991889588,260.8588808159186,492.1884702988058,6.718178923939891,-8.78340987995327,-2.153700267914477,340.9640157937864,-50.84636874124543,-192.34778855989188,-97.52183253599694,-219.64130848763497,43.45621494203088,306.3250584755542,-270.79218804121496,-277.0557997358604,-57.22168428762749,32.508118860561225,-149.8228341165784,-99.74793724724344,-36.47145884167035,-407.9337629413994,65.82052904586232,414.9329140014308,-88.03926198880161,133.87308199925803,498.17570214473676,-377.8437290742704,375.62174096390305,116.21926568075035,98.67982457371068,83.96519422145498,62.039483284085264,-278.8704151235999,-174.24593558530216,-350.44054076783783,195.8147687228476,-142.9086178235961,-27.314951324421862,-364.8034325005967,-32.59866237962717,396.4907487923013,149.83891159940737,466.89944711830344,-179.84471764345906,283.03245315415967,439.0263974089919,-499.66058163607806,423.0841517716827,304.49272012306074,41.07098115846754,320.50116319060754,-268.7319633541198,55.84595741659833,112.71801442556149,16.270898519407222,485.6221303377207,320.3174538491755,184.07816567214581,-0.8595584656496843,0.891651862585845,497.60197503905164,-66.61680303948768,167.55899891104625,135.5251685445762,171.27311820717532,81.54048962634512,9.004434310236833,66.22970640720354,-72.796261261416,22.341806363754298,224.04383990866816,-12.39932199474183,39.29432937751439,489.37476226969227,-145.8134796753484,211.5625372498429,229.01598408967155,318.44586607857633,-37.68638282338795,11.842298316468515,98.66486724089333,450.8518359498942,139.95502391297163,395.70623684389363,480.4319979686714,187.5513690559936,108.6137292112011,57.4204634147227,-97.30553481701328,18.588560844676053,116.15162761845028,-78.12106046212386,144.88064067597247,-118.99807164581144,-25.822096394135205,-32.76262215185975,146.23009774792237,317.0225512053886,120.88198087893328,-267.79054015748153,499.93529741997526,499.99999999947033,102.1218799836489,-75.13166431522637,137.93101143315639,-20.646776423831145,-5.195540086328508,54.473827518893806,-90.94601321910403,22.508676163789946,56.88517452106943,267.184097332423,130.0230478111091,140.37173720923633,-135.76850341414226,-53.74128300842636,63.33610105656376,-454.3698715496779,110.18009473020811,-7.867452894864745,-7.982694657349807,-497.69502339653945,-490.1421758043028,-3.1495552450300313,-26.824147490315326,-137.355151076434,-25.279827789268438,76.79607631743465,136.64652255891633,10.11735365889537,101.21283787227604,-32.82642098848137,34.978210504305395,-84.52225240365462,-321.3415406102686,214.45628036142028,-66.12883690064113,-1.134349565976935,20.15632692609296,19.579075064378237,-91.92803593163782,-42.55151600687396,56.16636219247548,95.26283823127143,-87.0640819577598,344.0921218846826,-32.301932998080595,309.2467072931193,32.049629588175605,-71.64793804924436,500.0,-12.835196521197192,-7.925679952981638,88.69272214853542,112.29204677904453,-39.37597023855771,110.879798180639,15.350530457791706,-155.40991729221705,144.80339979504384,118.87511834561363,-64.12836919440518,84.93521339558144,19.255877697210767,-24.079859703636213,-101.16472153224697,-164.81958335720097,-20.5758975185464,-8.25370465301137,20.71334405594714,-166.13743549151746,-13.431303620068103,-129.47485386457157,145.08831108418136,36.577118054414115,-219.92359354534048,187.79344102421786,-8.590721310254864,-321.72552241844875,-19.17478145770297,105.11431557730623,-453.7099332448523,25.97540486686981,-42.11514054020345,-12.835196546980736,-403.1360146882593,-33.769114111361304,307.91566799062497,-350.22100962536024,426.6750425048484,-499.20998047308814,-499.79957864971306,8.123440470063425,-26.853574194734023,-244.1962701396165,121.0647808603648,-268.3781116178169,-499.99997669803156,4.3076950580221185,-14.83885537871595,101.21411232462778,-496.8252364162873,-64.06804663389094,-184.83540136974324
75,-4.798826835416127,-499.9999999996479,499.9868928020354,499.9999934097203,409.0547624536915,-7.202169606336416,350.32958561986305,301.32900797606993,135.84699225445016,35.86277579011399,75.15944280643586,-124.68807993681797,265.3645466355915,-91.06025963220803,375.65212371510455,198.87661590499246,293.82311025426947,499.9998294193518,214.64473845022928,499.98194671733063,246.95265054770985,500.0,44.07464898635404,145.6098430066426,-341.90165516919706,-161.1457196475137,252.7558560316478,3.454357973440078,-137.50333926614078,-275.5716834733494,-7.221538764895055,-135.26063613862692,-103.8754967325563,-499.94911021901623,238.9015055301834,16.93987202328447,87.0513643311843,-248.5277561627808,-44.78239136715285,-3.00607385695746,-135.95743737846655,472.3883619485501,-285.39990683039997,-389.9661904562923,-364.99900703083887,-164.9168860129601,6.723957684276446,-2.1911541647717754,79.20730240810958,164.91273374169478,482.31666163246075,-156.1328078682158,256.30428705862585,-201.774605695075,-214.80796101659737,35.810062439597566,215.139065730994,126.85666425307643,-33.065788145576114,447.62128951749685,-474.9314340267241,-188.6608487803569,-436.95712532101084,-365.8246622578403,-268.6007047189126,435.47753311619186,-76.27735570221105,-163.05055826794012,369.32696361190983,-110.62162641244288,321.7518508591593,-111.34950183256778,498.1491069544803,-394.47296712113314,305.7964543322743,-323.06354596261866,260.74579583156896,491.810105712161,16.369904696253325,-7.899648397870124,0.7197434836190052,341.5002472097267,-66.55957226719187,-191.8120614506115,-97.51564822083219,-219.81760869593447,38.04065055475636,305.86063893015313,-271.30074425489465,-281.4431988424378,-54.035442067322656,35.81871133005807,-150.11911106960946,-98.57267128690516,-36.975635891411955,-404.3009725217592,65.23134231934708,413.0533554776816,-80.9281300411306,125.32652290996977,498.1785054023962,-377.66747989613873,375.7762805112231,113.69742902834727,103.83362840082576,83.33938777435584,60.94968485906357,-254.5007314815647,-175.0756717577117,-353.8001183151994,193.44294507115112,-144.28772448976287,-28.331383877249124,-392.3233571698299,-32.32674896831022,398.5519973057442,151.80718489032648,466.37080523556,-177.62452115742875,284.93865705612575,438.38718926454084,-499.69529887610076,423.42294390438377,300.71669021525906,43.964831029914755,318.4352725639245,-272.73497885651653,56.10411913161287,116.15908860953061,16.958332582610353,485.7085360402494,318.5556955528507,184.52856448626682,0.4336328398919263,-296.59669168417156,497.24701976416026,-66.67595136250293,167.85159611072234,137.58063283161704,171.7997191163251,81.92139995191023,12.421282067886624,66.19495581798762,-75.1673924753558,18.872107823960818,224.7499141940659,-9.27438052645128,39.0691940757679,489.9603417138559,-145.17644587786504,212.41151058999543,227.62519915329884,318.74945540847824,-31.14646620455973,18.924802020596573,102.5853844806503,450.6969620956743,151.54231526233184,392.44419996235894,481.0889570398016,192.08261157171742,108.4967042730909,59.07096124687016,-103.4818811335404,18.440589948265607,114.09878171383215,-85.48622886298934,145.37542779304349,-125.85601843833504,-26.27087702448023,-31.836619468237,137.34468615885336,316.8111027085706,122.57333222171144,-269.3704968544642,499.9359903413223,499.99999999951496,102.16138311749557,-75.23056369431826,140.3866498473764,-21.313289461539295,-7.9373176581935425,51.650780869910015,-91.34343256709664,19.748388395864232,53.60771086970525,272.22852715916986,129.1345100591904,139.50762811121874,-143.40727282832734,-55.93385535550016,63.8855648348549,-454.2550052287152,110.4207280958195,-8.293922102539858,-14.02801603371255,-497.7146882729869,-490.15631623452043,-2.699005174520159,-28.30374300392202,-140.57155533852747,-24.98770670142857,76.99781129470408,136.16662508730735,7.867288606659029,94.03496514145674,-28.985846748676195,33.980948130452376,-88.21340914936478,-319.6408292462815,229.73343037901054,-66.90128282356933,-0.847438047858767,18.81126368298823,11.491692316941752,-96.89340751390908,-41.47855884243143,54.98976757989997,94.40630870781844,-88.99327089073148,343.51046529294894,-38.57363258151161,308.67793419203855,31.74197539767886,-73.2930820695476,500.0,-12.007745547561765,-7.852504103487399,85.7039863410552,112.53364032885014,-41.19843084224625,101.5856721042523,11.522657400760481,-157.83900448486412,144.08139649334888,117.68551237761244,-67.29529793654214,85.07578730831435,15.887706997939558,-23.713213687533575,-106.10441244257453,-167.98486551593808,-21.90184666675096,-8.51492168465581,20.714931570114686,-171.5388283359511,-14.625127389795418,-129.0497656581562,143.84404554885455,34.694617201872056,-225.1559722025476,203.569372867896,-10.013858116758351,-323.02266565411367,-19.53386172860747,121.98737457586529,-453.6575638557249,25.826108112274127,-15.61070834220187,-12.00774557170401,-406.63955617165,-35.668145155243,309.9986415890148,-350.3420542616713,427.66206060684624,-499.22468030718113,-499.81098309653316,8.351872306980226,-28.650201760061435,-247.99020305282772,119.46492239930203,-273.3347380352411,-499.99997694044464,4.745250245130784,-13.699496758478007,99.73897202952061,-496.8723602939475,-60.43871926467198,-187.8889327518864
76,-4.489353434800287,-499.99999999966116,499.98715691969335,499.99998783864254,409.16113007887674,-6.737738449916672,343.2620345373398,299.5177848957991,130.9858841108673,34.444348808473706,74.8922866809683,-122.88634795556658,269.80495624268485,-90.51478159173169,371.57130960385035,198.99502823965378,299.84319796573646,499.99982986281685,207.49024040364435,499.9724859367701,245.04630111757206,500.0,43.64033542739916,141.86979762495542,-339.60403676169767,-158.68488413574332,254.37736286762942,-0.031008242055614654,-142.52019753341153,-275.7070179426152,-7.103719414335942,-135.3699535233035,-103.21128531462345,-499.94932537577984,234.31246894691628,17.7306711750328,84.96469365733812,-250.71160916779976,-48.862176740186406,-2.8060797345620685,-136.5160724675393,472.0971166885594,-285.85562568630735,-390.2999851215061,-365.7460125661051,-165.3458629790882,7.346715921267848,-2.2957723127308336,79.41081968072928,181.43786589200505,482.29831333156886,-156.6852393766282,260.2219986537821,-203.39697332028422,-210.31790022506246,35.87218063485824,215.2390871059597,141.823185527051,-33.822399230742626,444.3462323543089,-474.75351000361997,-189.0386078199772,-433.1929955328691,-366.02644134142093,-268.6354099214422,434.7604300090194,-77.01802545485072,-163.13525354872752,370.05653690385844,-99.81137244624867,322.4164488734824,-115.16019271832572,497.7116793092037,-397.85996514102624,308.5224791832564,-326.8889228896048,260.68299635296063,491.43112640530694,32.39417174360603,-7.069081626727419,4.582239661993089,342.02017352956875,-81.30139568733111,-191.41131968691104,-97.63072667424586,-220.01338412256393,32.348120173787386,305.1194325429307,-271.82613019976304,-285.5681756245038,-50.33943201599051,39.579205135229344,-150.59518783742533,-97.75167376776984,-37.54059180654263,-400.500685043512,64.44342999021431,411.1752445431153,-73.6858345481916,116.24398444899076,498.18659063756104,-377.5250153220921,376.6786322212531,110.85364885785152,109.17192654761563,82.35493621588996,59.79980999753172,-228.27402301398317,-175.91163234797764,-357.71612076351585,191.22001801766237,-145.64726195824025,-29.49488049209497,-410.283293524482,-32.222769762368735,400.8882558495533,153.759649815934,465.7878304486214,-175.71059174806697,288.4390375304037,437.7682045586856,-499.6748315208692,424.1491675339073,296.880900541501,46.9720667861781,316.1728658034257,-277.32330833490425,56.3461907166888,120.28979366783437,17.525486355512466,485.7890894032728,316.86828455853583,185.21736374104913,1.5553754853654038,-435.20692808093594,496.86073082703706,-66.90482045053743,168.04972015552562,139.37577576005495,172.37309175689944,82.27219714868762,16.61079818531937,66.17778747976652,-77.58056734803037,14.99159851228399,225.4383286431625,-5.249729707220217,38.92015802972666,490.80933255500435,-143.88742316545478,213.05732162528636,226.66990193336122,318.9452963045727,-24.80130402447948,26.00746543555379,106.42916468688321,450.3397168810699,164.8907383240335,389.6696782340102,481.90820019673873,196.4901442056117,108.43393308614742,60.666387594523826,-109.27748061013551,18.029984035181172,112.16836838287313,-92.35018822594945,145.86980063573847,-132.2467039621697,-26.607053872784345,-31.13437298091367,128.77233761657564,316.5427016278309,124.25638404160648,-270.7467537484779,499.93670005679644,499.99999999955486,102.24785265015937,-75.46757415540173,142.50142454611884,-22.039678281794416,-10.518472091059238,48.97748101054171,-91.56611267951104,17.395876523929378,50.47964613263803,276.87486586082895,128.2486086778613,138.48713475137924,-150.35040698504565,-57.88490738817899,64.45175252624375,-454.19069103487715,110.43836179264102,-8.63711703678904,-19.7044322898753,-497.7355985939242,-490.17954884080524,-2.2482707429976947,-29.679799261397175,-143.42669545500036,-24.664150281359078,76.96946402662148,135.55567479671336,5.65261970307506,87.26329071905988,-24.551376136079607,33.04528352638599,-91.59314740400146,-316.31514847781017,245.0042610125131,-67.66520030162674,-0.7220459793979548,17.486339042597628,3.8248418714619983,-101.45660808617845,-40.455092704655705,53.79507572350401,93.45270392590336,-90.76696703456005,342.82810429213055,-44.54880009303415,307.91432098810935,31.315648217326068,-74.79948090132342,499.99999999999994,-11.23359995513266,-7.844871225163439,82.88960525140546,112.67264896112819,-42.87174258496248,92.74953884114467,7.896673165172478,-159.89268652426398,143.21625319441773,116.40088339435862,-70.2878933996052,85.25848158948011,12.685029374961594,-23.271707983421116,-110.82354463099686,-170.96223572845446,-23.114742654396633,-8.787133764102581,20.675180217795585,-176.58016660497887,-15.67244375423853,-128.48235410356347,142.54116029539,32.770381532959746,-230.03961416413617,219.2314074677358,-11.30746487638594,-324.4039118043768,-19.74611794864701,139.55114060788887,-453.59240646363264,25.77986483562979,10.176868260249343,-11.233599977720377,-410.03643006928195,-37.69669243959059,312.23656451890054,-350.4561500190966,428.6923361139673,-499.2403753946772,-499.82129905606564,8.414615963319184,-30.28701367240528,-251.87548231895317,117.79224585743536,-278.2801641075871,-499.999977170828,5.190827022990312,-12.343424793003095,102.00203419566078,-496.921508111383,-56.98232301430497,-190.9021117504799
77,-4.199835991800911,-499.99999999967326,499.98734901937036,499.9999777943476,409.2331076990374,-6.303249621446762,335.8340737960717,297.51581185901983,126.03214147648029,32.99281871156145,74.66981270014254,-121.24578712431101,274.4462778405983,-89.99091187062304,367.34427863756696,198.69102006178352,305.4369234160512,499.99982969924883,199.77977515344028,499.95783094564524,242.90309101581084,500.0,43.091982652922034,138.01936831707036,-337.3678219935131,-156.27435409145457,255.96732651283372,-3.6457673852349632,-147.56351852226734,-275.81971567986335,-6.985859524011149,-135.45332467506904,-102.58495182122073,-499.94952993815065,229.57059670599733,18.636512199863798,82.84164486662958,-252.76794181721723,-53.04255792298964,-2.5666089612494174,-137.0888906670542,471.7840932071503,-286.3789566373664,-390.9090927421444,-366.523222303788,-165.78479871517655,7.988643280849915,-2.321316370567814,79.60909264218589,191.6439997879677,482.28489332192095,-157.21937616799025,264.35165164412626,-205.07113117118485,-205.88236838782717,35.95864077226957,215.12334881247926,155.0151698585443,-34.59463780505281,440.86922547953407,-474.58760689631754,-189.4003786180661,-429.3057880311318,-366.2554836417826,-268.63722772892834,433.97474870233043,-77.82426957894923,-163.24360520528802,370.76181330928085,-90.63385323461979,323.389590736161,-118.96797926021252,497.1947316329413,-401.36736853503686,311.18568391832883,-331.53411659160486,260.1427170952436,491.0495380203859,49.367760469763176,-6.300221421825043,7.98584395455516,342.5241463336834,-95.85101758786672,-191.10827526362064,-97.85614548120402,-220.23677176527025,26.391135225324092,303.23393313787005,-272.3828522881986,-290.28249237383096,-47.904592949943,41.44089746691076,-151.23267666425343,-97.14294338874092,-38.18215588580823,-396.5638224042048,63.59517632227496,409.2087697616664,-66.48723564987765,106.96522234812167,498.1983596268371,-377.47295131854054,377.6109674191435,107.75172215158226,114.38877865567916,81.14165218020014,58.52592098389772,-200.31961575541527,-176.76070406833648,-362.7405527840347,189.08401908148798,-146.98668027875325,-30.70878241547533,-427.42999904227895,-32.27856524646165,403.33151689440206,155.46806650094112,465.15150950652736,-173.99998280466966,292.61022954619057,437.1725806692084,-499.6319677513515,425.14146703508504,292.9214262206485,50.037894071410314,313.58577258970473,-282.5901042307688,56.5301653092811,124.13948442256915,17.94848112712362,485.8622631795212,314.94742742254414,185.88694865723826,2.568402794892176,-480.2988840339835,496.44290356508037,-67.28289249833077,168.176577756724,140.9922666514679,172.96309039046395,82.59887093181696,19.19657302780209,66.20460614354144,-79.832783364619,10.978159435822992,226.13533879053395,-2.6714995420200127,38.83695612057891,491.66896233743756,-142.13427411883328,213.56083228143578,226.4009554944181,319.0883857977795,-19.53984874995707,32.25550420966053,110.11405197491015,449.3994044094722,177.14976151489648,387.16628818643505,482.7099998002329,200.80217117374008,108.44893716558771,62.18984448796091,-114.70479547483032,17.448209804582792,110.38817841351522,-98.74717779606303,146.3916016479651,-138.18561056613834,-26.816637774609184,-30.589226765940598,120.56829900627983,316.2762012835951,125.95762281221035,-271.9243549033246,499.9373524005118,499.9999999995906,102.3978854692114,-75.80592076996538,144.40645645569197,-22.945026310180918,-12.942875200946109,46.48123706479476,-91.63174097177125,15.398844251861362,47.5283476997204,281.209565821361,127.2551959320594,137.41411963075564,-156.6368118313489,-59.621859036771205,65.06153233186411,-454.16259314710965,110.3366885703415,-8.869744159407222,-25.033469990403393,-497.7570836957932,-490.20996768174206,-2.0928700524634563,-30.942654956444834,-145.92816902878673,-24.285800675950902,76.82214817341614,134.89733664414408,3.5085225943678617,80.87714985369213,-20.48650748264803,32.19031637469085,-95.01464767161883,-314.1146434790854,251.2453284516547,-68.38542376530204,-0.6640271715537612,16.229583382992598,-3.4488300539356467,-105.6049400655442,-39.44688416728075,52.67352277999611,92.4851748377072,-92.36066942995107,342.06082402088356,-50.22339268291025,306.95920181822623,30.79470232744937,-76.15393710826231,499.9999999999999,-10.509332995715727,-7.947518590181944,80.32643359100263,112.81401624757315,-44.38919486228573,84.39343606662108,4.4731339154331,-161.51081884266347,142.3094656608459,115.11061462093427,-73.11339886264554,85.5168853424612,9.659841200129305,-22.734539078092265,-115.32152312234467,-173.7636885877809,-24.2255942602538,-9.07215623867834,20.58810159624688,-181.2944386310644,-16.591054922844208,-127.78830243934952,141.13983523247313,30.86088684020536,-234.6016484475025,234.60108149145796,-12.456598402260711,-325.84972934272355,-19.82996052882222,155.14373654585887,-453.51920859023284,25.816996170004042,32.04602161908955,-10.509333016835772,-413.35943154405425,-39.79821320352097,314.3633613894358,-350.57228136380814,429.7089458617472,-499.2564834401723,-499.8306478622128,8.336366681474747,-31.77946988429869,-255.7702783237567,116.06276275795099,-283.1161742218824,-499.99997738987383,5.622704296989894,-10.877457431615642,104.6211831177209,-496.97142327104984,-54.405500940060364,-193.9045128650571
78,-3.928987809013416,-499.9999999996844,499.9874478230515,499.99995988368573,409.24594107018464,-5.896773596426396,328.01299167470245,295.31317543157763,120.94240017445529,31.504938537658102,74.47071475745165,-119.7759033650415,278.75001201555284,-89.4654532125988,363.0114297022106,197.95833485132886,310.58059346223206,499.99982878575526,191.4860502170473,499.93494944762705,240.40577960463605,500.0,42.40724252301485,134.0651320290313,-335.23921026311666,-153.94479507477658,257.5252574219188,-7.386868841477386,-152.61844139623307,-275.92183376242093,-6.904325161552183,-135.52022178289047,-102.0241193328947,-499.9497244525016,224.68481028529254,19.37922287744511,80.7877547705625,-254.72357281360652,-57.31714526827631,-2.309008167514096,-137.6745281924843,471.44998600536945,-286.97733240447286,-391.7640393356814,-367.2982414115587,-166.22609430653708,8.560119697716344,-2.2213985243362036,79.80223637313733,199.17767648396682,482.2769749970966,-157.73642055874717,268.1852379778514,-206.74450223314741,-201.50824073210424,36.13191089173771,214.83680215676,166.51735348128474,-35.34165452531192,437.1902724020952,-474.4469035063979,-189.74652259690606,-425.2938573345217,-366.50135030450997,-268.60844875098,433.0685871821069,-78.64965101093082,-163.3767358454923,371.44123257889197,-82.91944024021372,324.50907972501176,-122.7647940450564,496.587284914091,-404.936323790517,313.5211672997175,-336.68635600039596,259.10439493041713,490.6632078864436,66.11202803566144,-5.584749507893579,10.680951336007528,343.01230758935037,-110.31155063170743,-190.8513333400971,-98.17492615456749,-220.48183356559133,20.189964123235622,300.4383272991047,-272.96768465506364,-295.5177951462816,-46.76766606073418,41.422663462028915,-152.01448219217102,-96.62173263493877,-38.884457454882835,-392.493276880248,62.830596314067414,407.1351606270679,-59.402217884086255,97.81707259524455,498.21054546226424,-377.5276623114472,378.225404483978,104.53650888722787,119.37687877667675,79.86801033034074,57.135961459808456,-170.81744203542203,-177.61753125023725,-367.79128187959503,187.0491974262289,-148.29815720598504,-31.883872184672203,-443.71354584677647,-32.46012715448135,405.7123761653664,156.98012046656925,464.46279674775025,-172.12655500837042,296.9271322462025,436.60381293653643,-499.58436249255016,426.2289724731524,288.78410782404364,53.212382716011575,310.64561394435316,-288.0991926342637,56.65325907269722,127.47551837274045,18.223713640963243,485.9272640075742,312.70623867374354,186.42983894370772,3.5166717649868744,-493.8014345653225,495.9929652722438,-67.75124213610391,168.25770384595202,142.55469381907096,173.55686140121173,82.95322196658634,20.202467324527756,66.30952945346924,-81.658066986506,7.1406927688793775,226.87309836444393,-1.5700659968384207,38.84385173983721,492.4581155478829,-140.18667519368955,214.06902175284029,227.11147561674406,319.2581131302994,-15.287116817519847,37.65272176282566,113.63431259971476,448.15373762901123,187.98768199880047,384.7077839958263,483.42802114573266,205.04877617870227,108.56795281485414,63.65926111420011,-119.76732882041837,16.818013510103334,108.79354158478024,-104.70011801937115,146.97608964709764,-143.68510099607084,-26.88238605701923,-30.100238474288727,112.7649663815033,316.0841027393693,127.70350497261765,-272.9086037666297,499.93790880072453,499.9999999996226,102.63048404870683,-76.20280702564654,146.24538761432893,-24.120717072201536,-15.2011785900102,44.19131513296435,-91.54649522779768,13.692627482806705,44.77884595468322,285.3266909920866,126.05582481253327,136.40901510968638,-162.32961429850562,-61.14875462630513,65.74640903246383,-454.1347105620121,110.23924593250182,-8.968096288620814,-30.01898925997504,-497.77834274241786,-490.24419657317793,-2.5125602273579215,-32.08659928415463,-148.074092489657,-23.82673895356953,76.69054274569892,134.29027318327218,1.4871489720502598,74.8973447759589,-17.275301630421854,31.437781289322967,-98.89328232754224,-313.42756586397076,250.7440802187335,-69.01237664709647,-0.5619745403055918,15.093814961991502,-10.324943635866559,-109.34296455679215,-38.4038110122247,51.720683757928796,91.59984314097231,-93.75227640094012,341.29796168688847,-55.5850629102392,305.9545622237048,30.207593144935363,-77.34697521638196,499.9999999999998,-9.83173609188358,-8.080721804182648,78.069399222208,113.07655412958292,-45.74535194582192,76.5037065547056,1.2693976503278233,-162.65583332148694,141.47555029722565,113.91905350825678,-75.77995507326906,85.88531592132178,6.8291328797311,-22.07898215763907,-119.60314735236305,-176.39502936873544,-25.19961714987347,-9.343092357147178,20.45542871592415,-185.7101135000848,-17.378123949226847,-126.98048963667377,139.613177876626,29.02002404625404,-238.86153017535653,249.50916689620803,-13.436660063993282,-327.3335903808565,-19.755718958774064,168.9399322629442,-453.4419358911204,25.926396910537523,51.416892167893366,-9.83173611164471,-416.64020847886815,-41.913613199005496,316.2160856075807,-350.6978909740715,430.6337760052546,-499.27250574694324,-499.83913672664426,8.160302475173316,-33.13259048689791,-259.60259545378443,114.30391104085243,-287.7648539492483,-499.99997759822674,6.0210486074362715,-9.396171563263124,106.45985628278113,-497.0209677933983,-52.612026908273755,-196.9335621583075
79,-3.6756054522440498,-499.9999999996946,499.98748144215466,499.9999282989613,409.18928306934777,-5.516505519168455,319.8039313109165,292.9833082159357,115.69742326502372,29.991542975474303,74.28090295336216,-118.44237940503876,282.5979210583951,-88.90877046389537,358.5951643101604,196.86913217213856,315.288236785127,499.9998270609842,182.66034192008303,499.89902803147345,237.53777295959992,500.0,41.652675757500084,130.01906085436858,-333.19601758502984,-151.68052668362068,259.061951081121,-11.237503872087856,-157.66213312601235,-276.00876706341955,-6.843888746069148,-135.5611680295761,-101.51793354846792,-499.9499094338697,219.6779148831973,19.85458144664911,78.88036319966814,-256.5814945489781,-61.661549061043125,-2.0342207788681526,-138.26843108743043,471.0961098523729,-287.65428007833566,-392.6978584141802,-368.0426586280524,-166.658995020412,9.067950890844969,-1.9795604301452419,79.99032107990145,206.04369919749792,482.27499141924653,-158.23546523769642,271.622197248258,-208.3862918544507,-197.19189458276657,36.42560638439452,214.4207906493247,177.15281973433423,-36.030198835911406,433.39579823821134,-474.3223519585241,-190.07634987809163,-421.1553723357077,-366.748175955785,-268.52851504949814,432.1036616811951,-79.45324084841015,-163.5253372725448,372.0900347219199,-76.22501855357898,325.6532595666348,-126.53957817677605,495.88101077273524,-408.3892829611836,315.54875495509384,-341.8094041363253,257.8120245586928,490.27349660490785,82.29202741528972,-4.915508651347197,12.905189506628911,343.4843217980598,-124.44696895965416,-190.59455657261748,-98.57322417141344,-220.73702533941642,13.77176822558267,297.2622028318225,-273.5691703051697,-300.88650211117204,-46.38903274758791,40.33852163230084,-152.93470209413687,-96.11350734198741,-39.61117764147265,-388.2354141580626,62.24036762887213,405.0262430742969,-52.45855149965764,88.98805055308934,498.22182553378343,-377.6776915577223,378.4542857512514,101.30759001980721,124.10500532597545,78.6470389822982,55.66410148265028,-140.03027169539143,-178.4725875633289,-372.53996138934815,185.13585019264966,-149.56444067917928,-32.9393991743367,-457.2525468863482,-32.71887557365364,407.9645141243284,158.4578196910627,463.72454115035885,-169.729166221687,301.15416718319136,436.06423635644546,-499.5385220596766,427.31450633391296,284.44208288169136,56.56011040141199,307.4409093962545,-293.5721983968187,56.73616732158996,130.3354942304237,18.38178647633235,485.9845674016496,310.2251710639859,186.85720684832256,4.415278596314859,-497.93436837275357,495.51059152406987,-68.25757293193078,168.30812942247627,144.1678986610203,174.16542339009757,83.39037445074204,20.330637407697328,66.51139684715689,-82.8029362883515,3.790867075850773,227.67139366133998,-1.295665131040139,38.97156963620296,493.16160608565997,-138.19051082790432,214.71218316316566,229.04731992656426,319.52390345196835,-11.51451303495296,42.65744066486844,117.00444580112031,446.8158369702242,197.65210432266716,382.22295834095297,484.07184780004184,209.2457272718658,108.8014209406859,65.1025546461969,-124.46807351273564,16.236367199933408,107.4023448132891,-110.21567091316732,147.6387057551241,-148.75754260050365,-26.797820455910887,-29.57495813669984,105.3631201660195,316.02537869040776,129.50013974000012,-273.7044106651927,499.9383602630863,499.9999999996514,102.94719245555957,-76.62621025541051,148.1336672340613,-25.469558499617094,-17.279671931464645,42.11391612858283,-91.31098272944817,12.190424587670172,42.23044734757543,289.30560276880266,124.72440099071139,135.56495981498915,-167.51076344513353,-62.45904681911024,66.51146537195226,-454.0625243850045,110.24016996903215,-8.937896790113166,-34.65747954586007,-497.7984191388135,-490.27652102218747,-3.5482466251250266,-33.12677566005598,-149.86316695653346,-23.288679435705117,76.67579371394206,133.8035206591707,-0.3814642705190227,69.35881656526584,-14.92561360765122,30.78040969303104,-103.38246559735045,-313.5201420624977,247.46684234613622,-69.51387789866297,-0.34466322396446647,14.093741889994009,-16.773402522611878,-112.7033928882265,-37.30649818315195,50.98171730781398,90.86021683882106,-94.94917500492883,340.6079320590661,-60.63701881166185,305.01770652455446,29.583721619075394,-78.39901542869622,499.9999999999993,-9.197806950388975,-8.124695321484499,76.11133080836495,113.54207622300696,-46.96287217035128,69.03064411909241,-1.7058345383249152,-163.33717173105077,140.79921934207175,112.89808912829007,-78.31292300832372,86.36659658736711,4.194051125361087,-21.30965238112992,-123.69183477823017,-178.86277273679994,-25.998043678384548,-9.568290385644096,20.267192563333605,-189.85323534508842,-18.020434534262726,-126.08841133671095,137.93208339371347,27.28626067762652,-242.83536285531576,263.8127006201599,-14.24724219084923,-328.8375888122148,-19.488268834259667,181.828821508142,-453.36289444646354,26.109488688744815,69.81678516734996,-9.197806968870925,-419.90679712425174,-44.02990486705051,317.7905486086263,-350.83272648989515,431.44327479339637,-499.28805603545277,-499.8468601337516,7.90535444155226,-34.337466307148645,-263.33128770646823,112.53882668094843,-292.17187161569194,-499.99997779648805,6.367216898725451,-7.977607231615863,107.65874674483987,-497.06931286384116,-51.13684037048219,-200.03115227982832
80,-3.438562656943937,-499.9999999997039,499.9874794151248,499.99987322187394,409.06503587542056,-5.160756111390718,311.2354473638087,290.65335494671183,110.30895784254453,28.45090785554694,74.07361156144042,-117.21607572233177,286.0347184551933,-88.30436057588994,354.1093774571872,195.51723089663614,319.5811935213339,499.9998245457468,173.37945023280477,499.8424625646294,234.3407532364935,500.0,40.874432326807366,125.89830142512245,-331.18489873207125,-149.47140537875669,260.5800261102135,-15.182169563592566,-162.6726067790748,-276.0753298809202,-6.778068958367491,-135.567456543076,-101.0452552412046,-499.9500853681969,214.5775091224443,20.06594090983761,77.15584757359859,-258.33782903279763,-66.04676508460864,-1.7411757805945092,-138.86849951411403,470.7235011583741,-288.42129085718216,-393.62550061383547,-368.73719481813845,-167.076928184133,9.53064200060847,-1.625497611285313,80.17337864125095,212.69938840685498,482.27886777353655,-158.7161843076978,274.7083734483345,-209.9884852613996,-192.93168582633038,36.83576213488398,213.903284028732,187.3248250685156,-36.641431776236466,429.55037245758984,-474.20386031980195,-190.3897630227175,-416.89026258875197,-366.9837045762193,-268.3833729817289,431.12308913724314,-80.20578964945796,-163.68280724039144,372.69621440796766,-70.20809464877138,326.7632783530573,-130.28199942736072,495.07031638921774,-411.656359654802,317.3391167236279,-346.7069685850986,256.40820121364476,489.8829773523189,97.80773156311369,-4.296782403476591,14.854717647744646,343.93878324243104,-138.07829361710958,-190.31894095970642,-99.05437930474754,-220.9943672924362,7.166727541871175,293.9559401626756,-274.1754791958727,-306.1458265606341,-46.30759319443608,38.86004465197484,-154.01242530152305,-95.57853981726512,-40.34345515470165,-383.6619837588888,61.83766573191828,402.9360398908009,-45.66765580460064,80.52899440529889,498.23195802467507,-377.90491783558264,378.32565304564815,98.07365130278703,128.56985030053335,77.50710447713388,54.13262053233099,-108.32216988503052,-179.31872860446077,-376.952031240316,183.35744617456385,-150.77758021760042,-33.78440598400667,-467.8094348160473,-32.993388759296714,410.0788650516337,159.98324145790772,462.9388011474561,-166.66220972248527,305.20490932368887,435.5547250603868,-499.4954020048424,428.35836380439895,279.8815325229856,60.10162465067909,304.02273040197565,-298.873648915671,56.789442001861,132.79317807676253,18.454837715417916,486.03516127451985,307.5840281494442,187.192688054098,5.2736713371739015,-499.2671445874385,494.9962024670553,-68.7695287650784,168.33581986985013,145.87283322548356,174.78740722023653,83.91726315687993,20.14520199900192,66.80319162644257,-83.1628117517973,1.1057077006101859,228.52500797840483,-1.3151527631874236,39.228602677488354,493.7862756952373,-136.21138571093923,215.53543671895014,232.26401163902676,319.91814464008274,-7.871219832102013,47.508861170746194,120.23217308656119,445.4809650944091,206.39906241629023,379.7300203112727,484.66439230848687,213.38075531936644,109.13065792835319,66.53403836406426,-128.821550489203,15.747572695243798,106.19913134135555,-115.30562176606075,148.36518876767235,-153.42613574929757,-26.581120137093702,-28.968287082033314,98.32961187575417,316.12654454802913,131.32340896543218,-274.3166782700032,499.93871149564825,499.99999999967724,103.32286167113132,-77.07290491742998,150.13434228362192,-26.758082396456285,-19.172395017688505,40.21777570015613,-90.92750421474814,10.79425737030832,39.849194892167404,293.18691574177205,123.4663992858845,134.92462271982023,-172.2708449387112,-63.55225660660246,67.32410731314717,-453.91908091674077,110.37700717057683,-8.81776072058998,-38.95227035438753,-497.8166207705423,-490.3010114662666,-5.038755193628565,-34.10631430531364,-151.30474317495597,-22.711279121304507,76.81612239440045,133.45601717746416,-2.1093562893219717,64.28005931341383,-13.227504208389348,30.17662953547331,-108.38389624899459,-313.88683673737296,243.14145859709504,-69.8933732765011,-0.0040634074092864856,13.196523611266247,-22.767346056476203,-115.73049499079391,-36.1813123786382,50.43684865499338,90.27648434233286,-95.9936996868729,339.9781097831958,-65.40562082643031,304.1528779166772,28.942962253137786,-79.36334185337412,499.99999999999795,-8.604734691973462,-8.036869946283042,74.38524910924806,114.22720818710793,-48.098801836280735,61.90844065338858,-4.463949645607962,-163.61126568115776,140.31152193867024,112.06476517726652,-80.7609217322344,86.92350226364135,1.741366915225223,-20.46207819221683,-127.63049268208727,-181.17641150236736,-26.606774416478682,-9.738381581621917,19.99296064030435,-193.7469723610963,-18.519146307788347,-125.1606159433074,136.06682147258172,25.668241575589775,-246.53999556427405,277.4022422727151,-14.929457652452964,-330.356460225412,-19.01828591509003,194.27168402522196,-453.28384617841743,26.365058956809158,87.67367059557708,-8.604734709270565,-423.1770842210516,-46.187480676341266,319.15135628689484,-350.97328209368686,432.15262298229686,-499.30283169773725,-499.8539012155386,7.55405761502382,-35.39160240073882,-266.9457471462261,110.76776796017779,-296.3076234826943,-499.9999779852189,6.630887215754379,-6.685850477955727,108.62910707223912,-497.11605463964594,-49.684141825364776,-203.24637786843533
81,-3.2168056276350763,-499.9999999997124,499.9874648452858,499.9997782567404,408.87939547218974,-4.827944661547035,302.35288561681926,288.48490571863647,104.80750206320822,26.863494294492156,73.8099343903904,-116.08434082237537,289.1326322104356,-87.65269178654155,349.56434403153065,194.00353698808362,323.47291787659873,499.99982132057636,163.72757825019713,499.7533098370699,230.87592049868698,500.0,40.08999571241013,121.72052824470471,-329.12789750134914,-147.31717737890975,262.0682256439923,-19.211587597154193,-167.632501508793,-276.1203670239113,-6.693890423303589,-135.5367062204867,-100.58335108323605,-499.95025271417,209.41063848481232,20.052417829210363,75.62868096758515,-259.99126639189063,-70.44415006460481,-1.438774945705249,-139.4758310419437,470.3317634213193,-289.29866583684884,-394.49863403966214,-369.3718873320481,-167.477516556837,9.956588135421372,-1.2130023849781182,80.35143805469666,219.31073554588266,482.2879592970785,-159.17977999397317,277.5094207275501,-211.5610022173399,-188.73090999988815,37.341124845876806,213.30300694042518,197.21700493708016,-37.16674871375185,425.7049296101792,-474.08632818151864,-190.68747236461368,-412.5004803162626,-367.20448442224756,-268.17522953213404,430.15932811423784,-80.88511904899244,-163.84709955240697,373.23137697624867,-64.67202988421435,327.8175150354249,-133.98354371382908,494.1516433680527,-414.7187439511075,318.94422001752463,-351.3180967375967,254.9678423361086,489.4939320109173,112.63728046336234,-3.746097031773131,16.6339834964332,344.3718736579276,-151.11970862543626,-190.03198154319435,-99.64364444076374,-221.25080003319738,0.40790454240049945,290.68620086618535,-274.7764928208954,-311.18860251350867,-46.28482246005084,37.32853529325902,-155.29259869933088,-95.00041436909781,-41.08132910480231,-378.55965966520955,61.58436976190002,400.90309630069896,-39.034200415384795,72.40429559066003,498.241067397853,-378.1949924585716,377.8781067243477,94.78418605932151,132.78026406823042,76.423264168991,52.54946353893912,-76.14297623161698,-180.15205762628167,-381.03852121932727,181.7187624940199,-151.94270366748987,-34.31924934647907,-475.76944127853363,-33.21384267948228,412.0632173693719,161.57331520096062,462.10530699920946,-162.97101892079738,309.05768416449814,435.0747616287259,-499.45416594082184,429.3490078136758,275.0897016148772,63.81466674444426,300.3938362686748,-303.943541910085,56.80652542891063,134.90659202367124,18.454176493541198,486.0798348319489,304.8216175263014,187.4541042022152,6.097488662448395,-499.7232757116022,494.4508091498963,-69.2707481089122,168.33659320852345,147.65727064986496,175.4051431473342,84.5008963845078,19.930206136638684,67.16326294787699,-82.7979370715627,-0.9043928714834858,229.41253427324747,-1.3561319072252436,39.60080353369833,494.3429281458326,-134.27836230055706,216.51300281027858,236.59125477106986,320.4428267600015,-4.209041530737619,52.30472025861855,123.3149215483611,444.22476503027,214.40892998182437,377.26321343850566,485.2205524795636,217.42315322677297,109.51877502397205,67.9529470020396,-132.85466804940575,15.356351657979873,105.14690572877102,-119.99615521009865,149.12698071387754,-157.72511725925952,-26.26757451378412,-28.28007630009945,91.61805946705039,316.39098033790543,133.1343467358281,-274.7486426234605,499.9389715774528,499.99999999970055,103.71946512220916,-77.56914178059594,152.27188944764896,-27.75812981513038,-20.885026715941063,38.45118416972336,-90.4013633252565,9.42172007674968,37.58786109458608,296.9770671079323,122.48938985164843,134.4961184679265,-176.6900205293165,-64.43971109660563,68.13536166881366,-453.7004890308255,110.64661905496631,-8.653449747898993,-42.918837177576066,-497.8326883878084,-490.3139184328068,-6.766143884659467,-35.07768472849032,-152.42019375422987,-22.149551677026935,77.10500432594058,133.2348277661748,-3.734174489102305,59.65180521715707,-11.9416669186138,29.575429336562195,-113.69030613565211,-314.28165013899854,238.4870711790294,-70.17717647696333,0.42757849541981274,12.349096520761615,-28.303464245757755,-118.46498226988382,-35.075629245534174,50.031552199985654,89.82500210922503,-96.94069009805108,339.3473675299223,-69.92855494969814,303.2935566563317,28.286909248907808,-80.30056350671838,499.9999999999938,-8.049888397528516,-7.859883469590387,72.80263039765012,115.10218716180033,-49.21953719937207,55.07648037815091,-7.029933925629104,-163.5549624488633,140.00622864363766,111.39965519644362,-83.17647998010462,87.50221659741243,-0.5489941220255591,-19.580404592499054,-131.4616395030141,-183.34701139395565,-27.036681800583658,-9.867521850759688,19.600425708104243,-197.40997920060244,-18.892324243546142,-124.24515292610018,134.00823070783576,24.155840828230804,-249.99280741468712,290.21183322171055,-15.545514168074622,-331.8878795423263,-18.36297480518841,206.4648820224063,-453.2071252458083,26.680888721069525,105.12933848477448,-8.0498884137206,-426.4475046390104,-48.444051526860086,320.36289827640707,-351.11845454720344,432.7865988158067,-499.3164902439842,-499.8603330718263,7.077330254425482,-36.3078084148323,-270.43578082995083,108.97263664460283,-300.15527942525193,-499.99997816494374,6.778456187845876,-5.552918663884372,109.64514361189224,-497.16092024350485,-48.14443293651431,-206.61802851007494
82,-3.0093491447667278,-499.99999999972016,499.98745554901376,499.99961638480085,408.63939661529514,-4.516593217937513,293.2115921651138,286.6159633789873,99.23214356827975,25.204462928972927,73.45266002526031,-115.04565681452334,291.9546178838755,-86.96536121687824,344.9692549413107,192.420275086898,326.975277880371,499.99981750800026,153.790041718279,499.61295970632176,227.2064835478969,500.0,39.300763220795986,117.50236434291187,-326.9354083832224,-145.21981452415454,263.5078028458237,-23.31917065889041,-172.52886423961877,-276.14630508546264,-6.591800236420735,-135.47209028988377,-100.10911473902357,-499.95041190482647,204.2022005591253,19.858072323663386,74.31495950176257,-261.54402487092455,-74.82783081643397,-1.1438973463148847,-140.09258924129105,469.91914476545264,-290.3074966373947,-395.28506054643447,-369.94166156332176,-167.8613221465522,10.345784744391768,-0.793425437611437,80.52454793595695,225.93851782579642,482.3011384974545,-159.63031088092643,280.07975732893277,-213.1216811819678,-184.5981687124829,37.91481906627638,212.63289644654773,206.89654394930497,-37.610626835767164,421.9011413831222,-473.9678404140138,-190.97076579583376,-407.9903771280011,-367.41358800206086,-267.91690282589065,429.2385781135332,-81.48126157918419,-164.01869119376272,373.6329738702383,-59.52042854306758,328.8130428506936,-137.63418184160997,493.1233195110629,-417.5796517802169,320.3986971779489,-355.6366142266966,253.52858113241072,489.1084575791594,126.78778810968005,-3.294059694250954,18.290882024697417,344.7747530513228,-163.54092936209028,-189.75354028827257,-100.37923656727317,-221.50590625925653,-6.466503601572452,287.58004701099986,-275.3633815553978,-315.97781235385344,-46.24666577204569,35.84821553239542,-156.83011688672292,-94.38752512546567,-41.832439416879225,-372.68762433257103,61.43133121420955,398.96175180244546,-32.559786038291726,64.54668321846047,498.24941396802996,-378.5382178794786,377.1454995411854,91.374531056628,136.7531899483713,75.35753507028383,50.91873964775115,-43.9895405295816,-180.96985954702774,-384.82472136260515,180.21773043481457,-153.0711734473132,-34.487117914060406,-481.6688637857988,-33.34463927858356,413.9294300441281,163.21347898467195,461.22194550257166,-158.79169815782174,312.7166942757466,434.6226411412374,-499.41338630032004,430.28724925100073,270.0571563499968,67.65639015454751,296.53523108273026,-308.76074353569356,56.77313188708402,136.7201675048596,18.372765462529575,486.1190937874257,301.9527732183322,187.6545751185377,6.877874482489538,-499.8890325462881,493.87585077295944,-69.75883395144999,168.27249053279934,149.48833346878817,175.99183979721838,85.09402389607106,19.771265083340722,67.56750956805043,-81.85751310548692,-2.3352376081808273,230.30968185358722,-1.3342038480058196,40.063054334480135,494.84097777114,-132.40516066986874,217.59017122908983,241.7196345133702,321.0896125858335,-0.49781017816318085,57.072739305231465,126.2440397357025,443.10448156152574,221.80388593849526,374.84582951688753,485.74631972273147,221.34126565958906,109.92831483956098,69.34756832925103,-136.60102288860816,15.052966988691265,104.20489211347753,-124.32490057241127,149.89606173300078,-161.69369010374686,-25.894498766869376,-27.53093995852547,85.19137535361085,316.8174718839178,134.89745144913013,-275.00033243524416,499.9391502901932,499.9999999997216,104.10210750344496,-78.15577354285851,154.55932738452958,-28.338448711769786,-22.43202096547617,36.764601497865605,-89.73925462147565,8.021448007646622,35.405760000129135,300.66883379137226,121.91465799089966,134.28004017190392,-180.82311766302414,-65.14232970139695,68.90213091378084,-453.4170463852948,111.03523293488557,-8.475052554860547,-46.582124656452365,-497.84662264243747,-490.31424175923087,-8.56235481792242,-36.08268087504533,-153.239117239604,-21.649977588632527,77.52388616945731,133.12207800466732,-5.29586067326946,55.44197340947335,-10.883596694273924,28.936816777489305,-119.10617120130243,-314.6082362063744,233.76711046442432,-70.39678258940098,0.9110086690596785,11.504422755924251,-33.40405300971705,-120.93931880413858,-34.03119925322536,49.7098060944972,89.47760276650813,-97.83698419296583,338.66046480634657,-74.2417466790883,302.371045557452,27.599207590349124,-81.25625261610438,499.999999999981,-7.530807618785233,-7.666719830628974,71.2854157903692,116.12415223934939,-50.37659160147735,48.48915928997991,-9.431882534224432,-163.24190676940108,139.86927602500492,110.87656714868407,-85.59640611721582,88.05506965961959,-2.6974214256932347,-18.70074531933901,-135.21036948449068,-185.38515123296207,-27.312639197569375,-9.982302099714907,19.074020096717,-200.85596518955393,-19.1660893226872,-123.37344079145437,131.7767756578178,22.74098816799293,-253.21006195752756,302.2233540479736,-16.151804156981527,-333.42394434617523,-17.554309343229345,218.4523471772031,-453.1354919142939,27.03728155418725,122.21046792316407,-7.530807633937615,-429.69083471875973,-50.83975511508422,321.46731331821354,-351.27047302687834,433.3651934744035,-499.32856146552956,-499.8662199952719,6.459449895530315,-37.108633187491165,-273.7652511540247,107.13390910259182,-303.69594221982015,-499.99997833615265,6.792561937002166,-4.561914131446004,110.82373142888706,-497.20339567464237,-46.51060330131848,-210.15209360178213
83,-2.815271222100027,-499.99999999972727,499.98746324358115,499.9993437561259,408.3517125754599,-4.225318599968676,283.8585961191134,285.06357584355703,93.61950048297783,23.455387373505822,72.97676445844168,-114.1064814922719,294.54641067556474,-86.2628915640235,340.334056181047,190.81450302183922,330.10786701292744,499.9998132575868,143.6425787832436,499.39268761019576,223.3891216908955,500.0,38.500291582245836,113.25886532857945,-324.54861870374714,-143.1824446070319,264.87913329026014,-27.493342565791426,-177.35449120014826,-276.1590261065541,-6.478878872158247,-135.38205138985887,-99.60723626039719,-499.9505633493906,198.9739797210055,19.519914954711016,73.24632086766216,-263.0005166071624,-79.17990722139986,-0.8735377552501465,-140.72457033809923,469.4820158817528,-291.45864454117486,-395.9714983333013,-370.44078254367406,-168.23202127255652,10.695637967867055,-0.4017843105268773,80.69278713149468,232.59032052312094,482.31706006709356,-160.14435849778368,282.4572952037751,-214.68735389896548,-180.5487854217747,38.523069145041575,211.90272799221987,216.37401779047778,-38.00062760862773,418.1676907078482,-473.8479407506219,-191.24131131030373,-403.3680198442365,-367.6157413259898,-267.62244751405524,428.37511746995506,-82.00895509293994,-164.20359457465082,373.7671292626331,-54.71310284550655,329.7529333273099,-141.22078686509153,491.98540358966306,-420.24965059681324,321.72325541618636,-359.67438290234196,252.0971351782104,488.7286267653702,140.27499709868238,-2.9913998193799993,19.844621004670884,345.12812826601385,-175.33553017991676,-189.50012743273723,-101.29699561718454,-221.76077297791105,-13.409672986023594,284.7021835473783,-275.92807645958766,-320.50458428481,-46.19228149447751,34.42064170841542,-158.6650127864744,-93.78471607363284,-42.604878114372696,-365.9245002991912,61.34937447332679,397.1426768169425,-26.244845946990438,56.90139387641369,498.2572252537566,-378.92738945407064,376.1595609723022,87.80563795668384,140.5136141933745,74.29100892229224,49.246870491396216,-12.353641196639916,-181.76856428304006,-388.34019458165415,178.84806389286328,-154.19923147453193,-34.342758290869305,-486.00847187567797,-33.43602887024607,415.6878093706162,164.8835831920849,460.2809295780111,-154.25780545811216,316.190341089556,434.1959448562833,-499.3716349506497,431.1768155978562,264.7861125339969,71.5813983297312,292.4143087897217,-313.32154470812713,56.63204680576714,138.27455483403713,18.19713354853428,486.15333318417566,298.979247049491,187.8035298895771,7.569208654172909,-499.9528789114868,493.27310601837064,-70.25019554324798,168.02675352532,151.33573343741196,176.35860684707743,85.5479107420139,19.667162216812347,67.99321107339993,-80.49039566911966,-3.3064115875642237,231.19586705163135,-1.2490065760610902,40.55745293281452,495.2875171246043,-130.6246444883268,218.69669736095793,247.3138629592586,321.8545197121446,3.24824395387407,61.811741423335874,128.99431813114106,442.1354006090814,228.67010021685672,372.48739441872135,486.24286179925866,225.1141277873314,110.33208344684107,70.68612702356111,-140.09476824529924,14.832608978690878,103.3381394107361,-128.33655816696714,150.6492182986288,-165.3708880962883,-25.491186389299077,-26.7380067501741,79.03256246318608,317.4132778154068,136.5892452174409,-275.06987341576433,499.93925661071506,499.99999999974057,104.44597555873347,-78.8684079445403,157.0203858831927,-28.488117578637095,-23.831135681666286,35.12230757566648,-88.948389921013,6.571960713584457,33.27573661473253,304.2613145844385,121.75084611055357,134.28915508484184,-184.6945762533071,-65.68636680231599,69.59590225675818,-453.0814382893673,111.54333046008648,-8.289195315217825,-49.97057598401681,-497.85841129920414,-490.30292774612315,-10.357047577955543,-37.14435887489537,-153.793609016303,-21.240441016558087,78.06790038978477,133.11367886831016,-6.822842761147037,51.607305474104,-9.954853195327065,28.236637969640444,-124.51865680462768,-314.83647230560223,229.09193464245195,-70.58035695810943,1.424591615046656,10.633372085487043,-38.107902661943285,-123.17790565140885,-33.070534671433954,49.43377343381252,89.22262240251793,-98.71418387618024,337.90410890206806,-78.37285107063992,301.36083056792336,26.854117600751252,-82.25338242152976,499.9999999999419,-7.045189216541212,-7.503482153600393,69.7798594600886,117.25574433039313,-51.5970712404168,42.11557945725821,-11.695629461670743,-162.73174652451794,139.9003480333988,110.4851868412337,-88.03563440735775,88.54923729812909,-4.722212469957054,-17.848567349490594,-138.88008675482857,-187.30114294181067,-27.47724514206455,-10.134470664274568,18.41833090561992,-204.0952885647572,-19.4136616743973,-122.55747642510413,129.41003478529964,21.4326983827026,-256.21026437974325,313.45929984548707,-16.783837733637235,-334.9499614880651,-16.635425216626412,230.20928307544176,-453.07210542563314,27.39766681967602,138.89618039069742,-7.045189230711963,-432.86575988451557,-53.38147031673838,322.48449190707845,-351.43710812830375,433.8993893761316,-499.33845050984706,-499.87161855433163,5.7093292857371445,-37.83982940593936,-276.86528349460406,105.24552661152316,-306.8992053817878,-499.9999784993046,6.68449497252883,-3.65083253266412,112.17942721814893,-497.2425432732408,-44.805104392644736,-213.81281211863478
84,-2.6337092466211827,-499.9999999997337,499.9874915484389,499.99889045943104,408.0225095984623,-3.95282662892045,274.3156786970995,283.6989951270628,87.99390570081397,21.595082118849163,72.35772808347195,-113.29609709242258,296.94160385132045,-85.58669080492069,335.6699928506334,189.1591527493694,332.8983744833735,499.9998087396767,133.33939934459,499.04867096919526,219.4713495696051,500.0,37.665202517037244,109.00358412811512,-321.9834980664927,-141.22586721366014,266.1512955426249,-31.71190442380016,-182.11639256548057,-276.17717475668553,-6.365602507374464,-135.28982908657548,-99.09249609333943,-499.9507074347302,193.74393218544756,19.06803921450461,72.4632611976016,-264.36869997815126,-83.49245688330704,-0.6415499688228067,-141.41375895137637,469.0026088455417,-292.7511758371293,-396.5694945949695,-370.86069614569874,-168.5989590284466,10.998191436861777,-0.06012816627599664,80.85630264044696,239.23463785584886,482.334511404879,-161.26857436337377,284.6685998281764,-216.2836936456113,-176.61155198614992,39.12879311169,211.12120663272742,225.6323671947748,-38.380372481375154,414.51451727961506,-473.7269282480952,-191.50127096640236,-398.6474514456605,-367.8161717724465,-267.30250960765477,427.56426486877916,-82.50403323083655,-164.44617340525411,373.3614302445456,-50.24986327437775,330.6402750776395,-144.75260339964217,490.7392582130811,-422.7423472810825,322.9091535275071,-363.45327558439203,250.618524415547,488.3561294063054,153.11665113454535,-2.9411651951095243,21.279639020090865,345.3925973331516,-186.50438980476795,-189.28259015247178,-102.42442693910432,-222.02276759996485,-20.36043288899051,282.03340948049555,-276.46368655880747,-324.77419312162556,-46.13695186089014,33.02622032473811,-160.81072319177667,-93.28469683049514,-43.42726951665573,-358.3542043165463,61.32177384283079,395.4642056729306,-20.089095233755817,49.442014061680744,498.2645743770128,-379.35772468572816,374.9556201465881,84.07947337902347,144.09847657181848,73.22731794896589,47.520299785846426,18.35881678088598,-182.5433625589443,-391.6185362196,177.59736586444856,-155.5657164893076,-34.03433555047521,-489.19782772176643,-33.58945004589813,417.34274719316426,166.56900210523582,459.2308719763399,-149.47154924622657,319.46850557872983,433.7921919263788,-499.327545287022,432.01889092134144,259.2925984593727,75.51835822879379,287.86481476540393,-317.630916023815,55.972456169551776,139.61664824939317,17.912593013092497,486.18272905543205,295.83573576980683,187.90475290104231,8.069458330001202,-499.9788780883178,492.6446374527663,-70.77722696910206,167.3474462295866,153.1292518330486,175.28770076830563,85.04170566628225,19.595152109192224,68.41895265572592,-78.80624857114347,-3.916087184125792,232.05355072251814,-1.1215962904060488,40.78545448815148,495.6882558303061,-129.1718875847696,219.60086795577084,252.9760572740916,322.71667082972044,7.001509579993274,66.50412955325382,131.4500312616078,441.2866603926568,235.06995443168802,370.19505460688725,486.7105676255964,228.7307313018459,110.7115475029089,71.8621319844086,-143.3701385440714,14.69263918621806,102.51661960712187,-132.09157943144442,151.36684514797517,-168.7986414974476,-25.081542171571098,-25.915019169196746,73.13878482941799,318.1820979506818,138.19589380384156,-274.96711692281264,499.9392986902348,499.9999999997576,104.73430082426314,-79.72932316472509,159.6873940475394,-28.27431076173508,-25.100484115745317,33.49982567751463,-88.04498762497376,5.071822404451608,31.18046592918709,307.75927223196584,121.93162424062098,134.5409511803732,-188.30524369126226,-66.10806631807516,70.1991752452614,-452.70298267697973,112.18494274708432,-8.087046494177944,-53.11168623369009,-497.8678987278331,-490.2815780071123,-12.151668456534855,-38.27177131958106,-154.1155853865002,-20.934684266717923,78.73866108810726,133.21605868637724,-8.332430615659925,48.095313748071405,-9.12462500513761,27.46210626676386,-129.89035143022934,-314.9633492732715,224.51726989735792,-70.75273959691744,1.9613712119073965,9.720812833873458,-42.45885956741253,-125.20717575936737,-32.200896924498686,49.178688552047205,89.06235896210546,-99.59235566189409,337.10047812230533,-82.35282229619897,300.2771916183089,26.026967508091936,-83.29846139022658,499.9999999998242,-6.590877870435833,-7.380443590340545,68.2490207172293,118.41353940584595,-52.8906746034661,35.931229328730666,-13.863908275399526,-162.07199943715622,140.09948263404456,110.22969951833295,-90.4952725256126,88.96284148050512,-6.652664900529886,-17.04182072551441,-142.4602724003228,-189.11765412540925,-27.688698507279216,-10.547104729994022,17.645165117191155,-207.14280301099998,-20.053095396620908,-121.79719462524093,126.94055268605698,20.254873272618486,-259.04565162219484,323.96513064853775,-17.462687637796726,-336.4512314993467,-15.714858218392434,241.68768061792431,-453.0271154055203,27.57818499086894,155.13812670816293,-6.590877883690324,-435.93232133485395,-56.052769127468395,323.4252480795089,-351.66875119225995,434.3950490375916,-499.3455324745744,-499.8765785722664,4.857657612937475,-38.74411162894094,-279.6525172151988,103.31781500558701,-309.7252236168434,-499.99997865482914,6.487527643273125,-2.739259368271249,113.68118101152723,-497.2771606716672,-43.048311445861046,-217.53810845124394
85,-2.4638562212261683,-499.9999999997395,499.98753673812695,499.99814729779666,407.65768792260616,-3.697906508608796,264.5868130847582,282.34752275848024,82.36526637699944,19.595932108226588,71.56959558494182,-112.66714140834311,299.16451209925907,-84.99810252179539,330.9897844489307,187.38635863821673,335.3768838736456,499.99980414267884,122.91676157564869,498.51497375063576,215.49170650266456,500.0,36.76098468298882,104.751296162258,-319.3161101699985,-139.38487927057247,267.2770268482954,-35.9412711873473,-186.83238231557297,-276.23269724128255,-6.2661199692210205,-135.23408105510927,-98.60672863985383,-499.9508445267418,188.52739900381124,18.526614704839293,72.00272355493051,-265.6620744874832,-87.75822858667875,-0.4609014774566801,-142.21079606435936,468.4408846589543,-294.1709557195659,-397.1053629085781,-371.191630962178,-168.9731286976374,11.235204454398113,0.2269128449903628,81.01538566131747,245.81981555878795,482.3527833169777,-163.32095771227154,286.73142051366574,-217.93752460303386,-172.83462761461917,39.70963306721976,210.29809435265432,234.6425892515308,-38.78111878581808,410.93733566275233,-473.6055923786047,-191.75299604338124,-393.8492681159147,-368.02241948455503,-266.96190351983955,426.78482677466576,-82.99724730590812,-164.79604539790157,371.8941101717672,-46.174684858526355,331.4722706221952,-148.26543502638108,489.38702451242915,-425.07281798093766,323.91358458299226,-367.00386055530265,248.99019699765844,487.99176811765454,165.3225067228016,-3.2856528929729896,22.549713423983945,345.49346935601136,-197.0450188597337,-189.1085841199787,-103.7815255228126,-222.303082900543,-27.232374753194424,279.50840819585846,-276.96321945519907,-328.8014514816231,-46.0863364754942,31.659292776351446,-163.2523864693797,-92.98848875062693,-44.33597739519831,-350.15201723868745,61.355347504332315,393.92861677356524,-14.091682246143476,42.169658960235566,498.2712816181386,-379.82857743016166,373.5737206776285,80.24012162489389,147.5649788003708,72.1920430560205,45.72593320335029,47.998257521497145,-183.2822653783059,-394.6999626947979,176.4431166777235,-157.43822861813624,-33.71116248043487,-491.5504474205785,-33.85635911518687,418.886928687501,168.2673297536556,457.9937083019302,-144.5057944994396,322.50408580485197,433.4095828170272,-499.2797842946371,432.8057036513709,253.60207800038964,79.38538643323523,282.70665868075054,-321.7010187547524,54.3300711194403,140.8112324814931,17.501657465648698,486.2069412849153,292.4331668720336,187.95679566883763,8.208623558335088,-499.9900383097667,491.9925934974519,-71.36544332458683,165.7877929980475,154.78973024670623,172.28910079349004,83.2827838416111,19.53857966644169,68.83203515225586,-76.86901156106319,-4.230473351996919,232.87196775834803,-0.9674745688986215,40.47534739972214,496.0482898914203,-128.41569984876242,220.10747598245322,258.2820975624567,323.63746086713337,10.726011330507767,71.12396844590614,133.51218928141466,440.5110237677192,241.0447071812367,367.9876401599231,487.15146833369204,232.18941100483644,111.05718331705062,72.78110013462519,-146.45890730165507,14.627875751483566,101.71955798957224,-135.6513602927045,152.03955651453018,-172.01775852631678,-24.683410606737183,-25.078589592637428,67.51404514213003,319.11153934397805,139.71436019148797,-274.7051582709028,499.9392842457468,499.9999999997731,104.96041185766116,-80.74713640637496,162.58697284383814,-27.786417064195255,-26.25645827094339,31.88513324027691,-87.05207461120276,3.5347634855094836,29.114223008865874,311.1647224443546,122.36874291138213,135.04546305535953,-191.64228401005298,-66.44923185050617,70.70875690485177,-452.2872713733084,112.97720337202114,-7.850484428482242,-56.03021934760395,-497.8748258564671,-490.2515965298787,-13.974590537245163,-39.46167056505879,-154.2354307529631,-20.73110302580572,79.53753729670764,133.43913709540993,-9.829429565329768,44.85274302017849,-8.39501100699386,26.615103365982456,-135.22113913110888,-314.9939506271245,220.08517325807864,-70.929284109419,2.5287444882619425,8.768350333902454,-46.49863893124169,-127.05433128177798,-31.414454749146003,48.935567637137815,89.00805469063717,-100.47776344429332,336.2826491898128,-86.21641909395099,299.1469245674132,25.100149510012308,-84.38223180209395,499.99999999947966,-6.165856815451016,-7.295986502442494,66.67198928349514,119.52948334471141,-54.25412847508971,29.911758803448045,-15.989777460312473,-161.29562359754317,140.46225422000157,110.12408963088083,-92.96785709614261,89.28705315714853,-8.529024126425412,-16.285309109786393,-145.93233667592227,-190.86655380689135,-28.111418351720147,-11.452930980235429,16.76597017975182,-210.0173607670143,-21.434785771120964,-121.08203449007134,124.38704257506956,19.23620837396739,-261.7757254547842,333.7915386818821,-18.200617651989855,-337.91818978590584,-14.913790675233749,252.8406367634733,-453.024973855926,27.254439150646615,170.8797766483979,-6.165856827854636,-438.86213205158396,-58.821367959781384,324.3089303895988,-352.09528611469636,434.85953616695343,-499.3492702153797,-499.88114399082775,3.9552251230299964,-40.23597382150508,-282.0536843025557,101.37585969290996,-312.13265198687503,-499.99997880312935,6.242434182263335,-1.7582760905836277,115.28756830737473,-497.3060837232783,-41.250001956040435,-221.26379885307523
86,-2.3049570099097583,-499.99999999974466,499.9875928579453,499.9969475987252,407.26414568654366,-3.4594252062454864,254.69548859886208,280.9441395904311,76.74359699739173,17.501595495576478,70.66974583331364,-112.19032042427794,301.23492571112934,-84.49224581059906,326.30789341298726,185.50561190838548,337.5913631268243,499.99979967063564,112.42578821492921,497.69399446363167,211.48712633210667,500.0,35.82256291252075,100.52236181783472,-316.59375299786416,-137.62446246313453,268.2727311791575,-40.14270019636194,-191.47866078715268,-276.31036651954463,-6.180191157378722,-135.20227959505092,-98.12746339021932,-499.95097497167694,183.34092515715258,17.916256709265244,71.91022551368042,-266.8858515045444,-91.95803466268498,-0.3261819824850515,-143.02483420485476,467.8085139353522,-295.66256430232227,-397.5990553160798,-371.423386693856,-169.34337936413962,11.412732165150784,0.485570110177213,81.17033820410646,252.3115590123034,482.3720132661857,-165.38332339449198,288.65943779537366,-219.5972222607495,-169.25720556818658,40.27294049222906,209.44721054991362,243.39239510618413,-39.2054946992008,407.4366439237751,-473.4843722774479,-191.99595216040595,-388.9906511863821,-368.2280125960988,-266.5942460406304,426.0201949938671,-83.48981399971274,-165.16640647006608,368.4431333570087,-42.57963934485464,332.24311285339195,-151.6383917991003,487.93184231467797,-427.256277398965,324.76677362665134,-370.36476544695483,247.28566995079098,487.63735024777577,176.91893431152812,-4.083596609495675,23.716524532882143,345.3028077300851,-206.93855479803585,-188.94754647848103,-105.34605855192876,-222.57793131966295,-33.908398054873615,277.09220366747724,-277.4116360125979,-332.60857441714643,-46.034815432747415,30.324059434133744,-165.9182793843135,-92.90122958390303,-45.249846386664956,-341.4193842449946,61.55391293294705,392.54812479541357,-8.251388839043722,35.10525274756755,498.27704964736415,-380.32926197140927,372.0596464578021,76.3604546010548,150.99625987620365,71.26403334984956,43.99272804153302,76.68676067716012,-183.9462825608851,-397.6316315959636,175.37500367852593,-159.36616434087136,-33.46541458560651,-493.2975616828712,-34.196031219112676,420.3158507430694,169.98945889270823,456.6375807248664,-139.41969729111747,325.30522894094065,433.047692299064,-499.2270899625073,433.53009893072266,247.7767537059593,83.27815347803741,277.30237126339836,-325.5486113703425,52.48655938544222,141.9792547099856,16.977676694480547,486.2273230187833,288.93818214654425,187.9847286698273,7.739669404279218,-499.9950727671451,491.31921978506574,-71.99218539300612,162.66140396477067,156.47612175193566,169.2826811104933,81.51435597820125,19.489894717145937,69.23999809733802,-74.70671481642333,-4.289117918720171,233.6569895244439,-0.7931796330000275,40.14743977243656,496.3723577747339,-128.00672151841175,220.6043444663704,263.26325907272917,324.68808198383255,14.397027560998307,75.67591305895758,135.3839061237864,439.7831313574675,246.6483717256729,365.91222164713037,487.56974086671715,235.50562492188374,111.3809753791564,73.59643515654574,-149.3712985916336,14.683130984908768,100.95134808589215,-139.00349053023592,152.67905734060972,-175.0359602264104,-24.28591254141497,-24.181549896740922,62.166630308432886,320.24586161070204,141.1599373904412,-274.2478390614922,499.93922090501337,499.999999999787,105.13627635862969,-81.88868283448632,165.76716754802,-27.09491271676085,-27.307219704689505,30.288857339175234,-85.95519924784423,1.9842239900818315,27.08967159579112,314.5205608843962,122.98728029089973,135.85826814146338,-194.68844736169612,-66.71448919193375,71.14630275577285,-451.8381755644905,113.97604919969416,-7.539091213017029,-58.74246723454836,-497.87894067463185,-490.21405323634303,-15.844009311516954,-40.693418321869835,-154.17410161213928,-20.60311215014039,80.53915872221677,133.83211870973284,-11.292503511078452,41.87506564561241,-7.773124118178784,25.719977692069943,-140.51292538775647,-314.93111295500665,215.8628262127665,-71.09750276447274,3.194656260294009,7.813248790203509,-50.25554742939092,-128.702553024112,-30.673746908623183,48.746862947879336,89.11144633284441,-101.35628520600925,335.48194415603155,-89.9453075339561,298.00104007482554,24.07111081255595,-85.47518210295381,499.9999999985066,-5.768238559224425,-7.217145588167269,65.0679246295769,120.7694936778099,-55.658264038148445,24.041664457954948,-18.023552242424397,-160.420404369159,141.0698891163286,110.22589022363645,-95.43221070108059,89.53963368154353,-10.328034994534066,-15.563178576955682,-149.2696591143195,-192.52079300800023,-28.49513919516237,-12.501128423687556,15.804783127348141,-212.70642083482025,-22.860058740278504,-120.38637129605185,121.7612528411388,18.41109023422296,-264.33179258999667,342.98600500702895,-18.968808096428283,-339.3435171901066,-14.084775022146015,263.6378240965572,-453.0575366246483,26.670795605733495,186.08380205673672,-5.768238570828032,-441.64037172313016,-61.63820308169289,325.1720633408666,-352.7138807106469,435.3066732522631,-499.34931692534695,-499.88535362291714,3.0629013629475628,-41.96483088465373,-284.0224762428685,99.45629343036289,-314.0889929544433,-499.99997894458323,5.99121798175893,-0.6601326092312442,116.95792973774324,-497.3284505699538,-39.39645473174765,-224.93577343500024
87,-2.156305266171309,-499.99999999974926,499.98765565484996,499.99504287241564,406.8493241769711,-3.2363228556572343,244.68518965878326,279.48693380519836,71.15026785153572,15.38601943345974,69.73055849512765,-111.79711900936964,303.1786253922184,-84.02322617994969,321.6380612268938,183.5544594527905,339.6055421385724,499.99979553964323,101.92951662550234,496.44380944122497,207.49717069545414,500.0,34.89488590079041,96.3381235439513,-313.8278653639548,-135.895206081281,269.1917553436563,-44.279701888955884,-196.02471292823975,-276.37971715555665,-6.087367647164775,-135.15929421671538,-97.61624681648438,-499.95109909729797,178.2018731780235,17.25981650963142,72.21889747092564,-268.03180059186684,-96.07395842250568,-0.20748020817073815,-143.7886197165267,467.1522048538967,-297.1636055292298,-398.0592514472614,-371.5447387625454,-169.69451345268928,11.569056352451863,0.7340178717582697,81.32121165300924,258.6979992921346,482.3929292471275,-167.3436440613633,290.4727191567271,-221.21447920334762,-165.91097109557347,40.82430703570523,208.5949885400518,251.89366980550938,-39.64763899539914,404.02341825007005,-473.3626184562999,-192.2275572228259,-384.0874296967218,-368.4079855272102,-266.1893302459972,425.27175659677175,-83.97686307710426,-165.5230707696828,361.61516725480163,-39.577638439027005,332.9651579882605,-154.681003775642,486.37889594356005,-429.3051497464805,325.539261219737,-373.5787171770357,245.62418769893844,487.29662466341244,187.99838497175622,-5.456742328925441,24.888131780128752,344.6410495651055,-216.13110151129356,-188.74612057181642,-107.06789107641387,-222.81818906296422,-40.258560356128335,274.78733587823837,-277.79011933504705,-336.2222153743604,-45.980643299136666,29.013927791704212,-168.71453196363825,-93.06964242593823,-46.09672088869742,-332.2441791610587,61.99768544060485,391.3465288529496,-2.5667065148630224,28.27183080634447,498.2819061307789,-380.83517744107553,370.4606573509007,72.51082894190607,154.49168433050073,70.50866807937264,42.44413199033566,104.40421944793223,-184.48991050854488,-400.45985279240153,174.407301844686,-161.14092316168146,-33.36939842917625,-494.60626846673983,-34.54049608522047,421.6451698895489,171.7497131316017,455.2286492968053,-134.27287214552447,327.94745890188847,432.70748842785946,-499.1682468647378,434.204282447175,241.92011923843103,87.24523456789879,271.87160639549825,-329.1927595046466,50.79462808320725,143.3356541962078,16.390866965244797,486.2479147141856,285.480762873419,188.04754603424294,6.36691241156083,-499.9974522129498,490.6275550129344,-72.61920794272366,157.13825877519443,158.29406929171208,166.50751694755303,79.89402630688612,19.443017290658968,69.65943908307021,-72.33125487087324,-4.115930826097481,234.42050997735748,-0.6041932905078614,39.95622949406355,496.66478353576184,-127.6066873448869,221.21830847639737,268.04812420476117,325.9383892115749,18.003708364616177,80.1865321780435,137.11645733257376,439.09647126184484,251.9516177529341,364.0340105057045,487.96950868754556,238.6986023173846,111.69775583789266,74.35146558030549,-152.12040210868918,14.917048701398517,100.21998218567343,-142.15459199998688,153.2995048552109,-177.86689690138016,-23.877391495116672,-23.137427550179606,57.095232050949356,321.6405040576518,142.54916037264934,-273.57947734083433,499.93911455504167,499.9999999997995,105.2763478912109,-83.09140981860729,169.28700632368498,-26.253843556384734,-28.265252754222153,28.723771478178705,-84.75555178451181,0.4336969503316817,25.117419668408107,317.89258502523563,123.72905303432,137.04236311817212,-197.43282719100756,-66.92130442420296,71.5317136913253,-451.36054727894515,115.25086325751695,-7.11421393890744,-61.26411876190632,-497.8800884164784,-490.1698918101692,-17.762195735662527,-41.94440597020266,-153.95290303883627,-20.528097969235358,81.820296333243,134.45191572009665,-12.69503836515255,39.15346140355224,-7.2601229269987755,24.79784412318033,-145.75723966520752,-314.77177921569967,211.9730979983117,-71.23447029455937,4.025174245412525,6.88464628221809,-53.7551482631076,-130.1432981640156,-29.949421020536654,48.64146980662919,89.42714982927856,-102.21927114513916,334.7128361601949,-93.5319725852665,296.85557279914144,22.963677846804632,-86.55776091753333,499.9999999958754,-5.3962572885619995,-7.094858739920584,63.437233069463446,122.20763239615779,-57.07470586819793,18.292944343871117,-19.931775276692225,-159.47594661293917,142.00005471009453,110.59789665519934,-97.86997696383085,89.73761720213511,-12.02957528661466,-14.863283572399263,-152.4523425385946,-194.0583920785076,-28.75366777316139,-13.571021025199206,14.776388879699525,-215.1974649876006,-24.111035196162874,-119.69246443820796,119.05481704408064,17.81495716723244,-266.68201221453126,351.5883120654803,-19.73229130938697,-340.7297209485289,-13.173242484547746,274.0697981847353,-453.0793777881904,26.17270326602267,200.73474692682203,-5.396257299409188,-444.2665698091808,-64.47564844816051,326.04384479992433,-353.37023660433766,435.75030613798407,-499.34558381262747,-499.8892418108795,2.21756944716135,-43.54034771500615,-285.55325467171434,97.5910470796366,-315.58174953044914,-499.9999790795457,5.767532330218082,0.5726997989093996,118.65088008088476,-497.3439153833536,-37.460794590956716,-228.51880931989476
88,-2.017240177669109,-499.9999999997533,499.9877225967425,499.99207018281624,406.4184279816727,-3.0276078824064907,234.58607785094605,277.958993101621,65.60512302755033,13.261080663683595,68.76966132771486,-111.48075714732657,305.01887921340676,-83.59121558893573,316.98995520244506,181.533635353532,341.45367032433217,499.99979197073435,91.46748847335004,494.5616821962705,203.55271985428277,500.0,33.98077421369149,92.2136217930325,-311.04141057936494,-134.1800399261839,270.0422972201532,-48.32307997871195,-200.4698211056919,-276.4422224389801,-5.9785986926010155,-135.10744045082157,-97.06586768172235,-499.95121721401455,173.12459641236714,16.578450046607585,72.91836033436094,-269.0981681374175,-100.09766185752618,-0.08862869892517265,-144.48162739422736,466.481791747654,-298.63514381933845,-398.49020541324285,-371.5506880128072,-170.02067837177336,11.724007360928713,0.9710189015340125,81.46799144189437,264.9713307072936,482.41618782622487,-169.22073293598535,292.18947504105074,-222.77668390048825,-162.84355384227294,41.35474537977724,207.8007747600996,260.1534635298801,-40.09960880959018,400.7077005125594,-473.23994870343284,-192.44683649424428,-379.16296753054365,-368.54682886538893,-265.7439328706052,424.54323712728626,-84.4505795294374,-165.86673009548204,349.69751527366583,-37.222612583040515,333.6660233663911,-157.29589590912292,484.7357979487188,-431.2242113639198,326.25223644431685,-376.6824885178596,244.0280322074098,486.9728350795999,198.6852755125132,-7.511857592750411,26.112257839616337,343.3212984389681,-224.519815432809,-188.47969552609098,-108.92383045311406,-223.01161300258644,-46.14559694130391,272.5926062357814,-278.0825257318913,-339.6687747010675,-45.92908408503681,27.716827748040924,-171.5853964869484,-93.55172484416288,-46.854877788556195,-322.71789637895944,62.721304605574666,390.3331969611646,2.964127549512963,21.68200723352422,498.2860880694263,-381.33114560926276,368.8053518061353,68.74654917691406,158.1630225981872,69.94768348422173,41.16457938882793,130.93263423056564,-184.87423373283917,-403.21456378450904,173.54248336676753,-162.76408951367185,-33.46767937516934,-495.5961949581015,-34.80879415047423,422.88871436881067,173.56570002104826,453.77489336991675,-129.13094950972675,330.47338508028645,432.3903257076609,-499.10203131962027,434.8432433316662,236.11823886127664,91.239711285654,266.4481953370786,-332.6487549555213,49.25290528545314,145.19451061000566,15.768218855746298,486.2724265208898,282.07586353091295,188.2137853987798,3.877046303797956,-499.9986269534329,489.9213802208833,-73.22645715822112,148.60922601952356,160.25302490161826,163.9482967224322,78.3968612778315,19.390137072164293,70.10348154414157,-69.75393279162114,-3.733653629602821,235.16312377823147,-0.4081615542409549,39.878454755618,496.92929958045426,-127.19889364900666,221.94051587216066,272.57874347270786,327.38172420044015,21.523271780399355,84.65944648216121,138.69484240078717,438.446619390833,256.9949617607901,362.41690275516345,488.3533629020674,241.77394194984075,112.00426878752384,75.02273303283195,-154.73236015789294,15.334583546971423,99.51413200931101,-145.14366089197566,153.90102777112375,-180.5433673130262,-23.468536919784366,-21.91451221185275,52.27436057170163,323.2845547395387,143.88297936605352,-272.703907977203,499.9389661105919,499.9999999998107,105.3792396407408,-84.32030698612736,173.14845562447724,-25.313513682477602,-29.153293762734563,27.182881840942017,-83.47901897000997,-1.1189772045985285,23.187402623560825,321.30213370711556,124.54250694177944,138.59559461379453,-199.87762785535855,-67.1106646963365,71.86479260844543,-450.86226403141524,116.81597244730018,-6.571244419444098,-63.615209963874456,-497.8783109692824,-490.12019216128897,-19.724734831001697,-43.20881471320757,-153.59869170708038,-20.50431953650809,83.39222253420928,135.3058585568575,-14.03416017771418,36.65446236500847,-6.8505629287462,23.849119042131623,-150.93717532522768,-314.5032984781838,208.62091663210214,-71.3371905653504,5.0486993252418575,5.984253386526448,-57.02703620821765,-131.39375696481255,-29.23663212159576,48.61237215250373,89.96760911837967,-103.0755751244908,333.9540475940207,-97.00114024733934,295.685845830705,21.81041118055111,-87.62938815397042,499.9999999890999,-5.048260799154178,-6.945189603377391,61.746094144080374,123.83869464588837,-58.5051830191276,12.619386533707281,-21.72934055333855,-158.50742451717088,143.26147601094212,111.26092508960699,-100.28375815221737,89.87356689046767,-13.651175715721001,-14.190424308214379,-155.47706494355907,-195.48695982864984,-28.91748992393002,-14.691504525997523,13.669550578219654,-217.49490750003275,-25.20323481067342,-118.99934746060262,116.24245403078643,17.456326268527356,-268.83939734785764,359.6255043960285,-20.49938611319191,-342.0891975924147,-12.21839475798873,284.13326348561446,-453.0787054455959,25.79476613038877,214.8225182400217,-5.048260809303104,-446.74766154686745,-67.3162538914569,326.93070550148553,-354.00548452991643,436.1957693078166,-499.33824167184434,-499.89283899481217,1.4490815806090285,-44.98137711665687,-286.68104862141996,95.79740196483685,-316.62186815983875,-499.9999792083502,5.578769992688758,1.9150037981857655,120.32682948216612,-497.35275747622967,-35.43437279609932,-232.00558862020947
89,-1.8871435215869474,-499.99999999975677,499.9877920445375,499.9875091481502,405.9738774492868,-2.832352593198815,224.41842021831235,276.348597541842,60.118331186220544,11.125471597984024,67.7999435055284,-111.23852410416242,306.7714619187846,-83.20113024860619,312.37046541569157,179.44327755498583,343.1495760913502,499.99978918057616,81.06533194248567,491.7635319293634,199.67263477359595,500.0,33.081074427993684,88.15910616405351,-308.25232426766985,-132.4580586247685,270.8288523781535,-52.25183133800061,-204.81098160159019,-276.49748105769015,-5.851992326533711,-135.04890721124514,-96.46162656417475,-499.9513296159247,168.12126316655946,15.885475845116865,73.9774682424658,-270.0850743042891,-104.02225827424756,0.03692103114209782,-145.07992158054537,465.80404339245473,-300.04261512882834,-398.8951298280815,-371.4441005742514,-170.31412726882846,11.892344469552233,1.1989482482309515,81.6106976768201,271.12633589968715,482.4423002325533,-170.9956706333246,293.8223740373142,-224.2693797469247,-160.06904953903063,41.86179044449926,207.17028384433547,268.18389597676264,-40.54575585122861,397.50065991840603,-473.1160799719041,-192.65263756304577,-374.2338932995879,-368.6347035889238,-265.2567041348706,423.83669691746786,-84.88683500593463,-166.19128295150065,331.1178559546927,-35.38543685168228,334.37731490868947,-159.39643421762497,483.01255073022804,-433.0051566365658,326.9231331725894,-379.6918101824057,242.5318950930235,486.6689549121827,209.12315608342055,-10.192879380961877,27.455080581808907,341.23284336005327,-231.94579705321925,-188.12896341369787,-110.87677004345815,-223.14245483324964,-51.449238575585014,270.50083573163954,-278.2727367408041,-342.96227642128616,-45.88330137251464,26.427569444132548,-174.47893237850622,-94.3258944263158,-47.500061456140465,-312.91128960231407,63.7561632978894,389.5097438256582,8.343096300437617,15.353148554850016,498.28978020994214,-381.80874916587317,367.10408779018866,65.1296163852263,162.11864659490087,69.59655689775825,40.24253408353852,156.03793906229635,-185.06369986235106,-405.89455289147133,172.78094546989468,-164.20312736780264,-33.74124370794119,-496.352758740641,-34.9145913791147,424.0572883375792,175.47916586322552,452.2858433262052,-124.04645464694768,332.92141018623437,432.0974192542421,-499.02717819120926,435.45914672962766,230.43856585993223,95.23704638567808,261.0801848251243,-335.9149710277633,47.90851585420885,147.9709684669946,15.11935838672384,486.3043196856731,278.7457491974321,188.5756897201348,0.3035717959493191,-499.99923103528766,489.2047878461378,-73.77932672307065,137.12667931655693,162.36450806721496,161.63095674618262,77.0327690625112,19.328261088984885,70.60102033150575,-66.99018314196614,-3.158471479495299,235.8853934335107,-0.20787163509236414,39.91705639114821,497.16907357580044,-126.74133765298411,222.77430247239576,276.79755417438366,329.00455744606023,24.964491064708835,89.11072142403201,140.1357355995872,437.83069076131216,261.8103320958261,361.1163414376566,488.72327163079024,244.73591542755796,112.29797877727205,75.6077366059721,-157.22805697615036,15.938658134127229,98.82498353427344,-147.99722831463149,154.48713699670583,-183.09023895450105,-23.06634684411586,-20.48800509844181,47.66614555437536,325.15542506337573,145.16265363623913,-271.6245852956565,499.9387704674331,499.9999999998207,105.44415945855673,-85.54329204719164,177.32572382502684,-24.316628513109716,-29.997245784599603,25.65950150067053,-82.15090418266884,-2.6767068359348127,21.28653928469984,324.75701987482336,125.38296966147396,140.49817627609767,-202.03308533576254,-67.31916638255122,72.14740837526998,-450.3510167610875,118.66969595477237,-5.9099604625815445,-65.81352232593862,-497.8737749073099,-490.0662310979461,-21.722669180319315,-44.48311630968756,-153.13434946992516,-20.52756018748205,85.25691408407495,136.39206743815697,-15.30804652101034,34.35198163534446,-6.534926797938887,22.876098121363533,-156.0325017380275,-314.09802119077267,206.10521101010727,-71.40220214701414,6.298312207435578,5.116612655345886,-60.096046863684,-132.4656482363431,-28.52574315514258,48.65649666405008,90.74022413057732,-103.93069409303601,333.1855848048803,-100.3636425979903,294.47090288890314,20.638584714014954,-88.68699086784409,499.99999997253633,-4.722703188991196,-6.798340688990353,59.96948371800785,125.66334542249169,-59.9493388898076,6.982940803421426,-23.412245116278843,-157.55336410763374,144.859682991141,112.23328139024665,-102.67587979426217,89.94337859903543,-15.200217892515353,-13.544611624073122,-158.3410295098817,-196.80603991888543,-28.99326575270794,-15.842024765304586,12.47799181058214,-219.59540169981994,-26.125471829590907,-118.30103073151888,113.31440840687073,17.326774461892605,-270.80590143987814,367.1217781463349,-21.27561014602241,-343.4308912922525,-11.2311497529879,293.8402069429142,-453.05594648841696,25.55575865198868,228.3452730891482,-4.7227031984854735,-449.08476918081203,-70.11822847368896,327.82786486234147,-354.593083610838,436.642368691629,-499.32759193950915,-499.89617220690116,0.8153812047756398,-46.266082760795015,-287.45455967469474,94.10043913348103,-317.23382398794985,-499.9999793313103,5.427061029719337,3.3350870593248794,121.95050988633301,-497.35552514055075,-33.30890395181147,-235.39125444307678
90,-1.7654368920826347,-499.9999999997596,499.98786302277364,499.9806267065216,405.51654072302784,-2.649689021950689,214.19960948406236,274.6477035509074,54.69488726246116,8.97723377127574,66.82732518879236,-111.06279688307441,308.4493318534614,-82.85307252404817,307.7851078769814,177.28212111708137,344.7000368960687,499.99978737229674,70.74136343390266,487.6598412467688,195.86826759341886,500.0,32.193480025464325,84.18181564700194,-305.474174207932,-130.71538734805986,271.56053656198696,-56.05169613550628,-209.0451945398788,-276.54240024645236,-5.707461118427107,-134.9825131101689,-95.79163540938438,-499.95143658178625,163.2029756110064,15.189248093189722,75.33397359084287,-270.9925621751227,-107.84255048060405,0.17299191348406606,-145.5637391652562,465.1231851507349,-301.3614970613801,-399.276038854559,-371.2346310494097,-170.56806714494869,12.086715915212542,1.4197638780531059,81.74933508071999,277.1665679485111,482.4715255551105,-172.67681335126724,295.38267207405363,-225.68301925666083,-157.55212083419974,42.345918160043624,206.82229860855256,276.01053089144773,-40.97049063946779,394.4174231255775,-472.9901124822421,-192.84383924499753,-369.3048992436851,-368.6635446820368,-264.7297674529236,423.15488485821083,-85.25042171396814,-166.4957736645946,304.98382251396407,-33.764852444656505,335.1351887259654,-160.95675939887255,481.2219693205097,-434.6272358507465,327.5643769093098,-382.5954164761159,241.16426820069586,486.387228893449,219.46530488439834,-13.316242168929689,28.987576489813552,338.39787334400773,-238.23497709049846,-187.68090643575437,-112.86912176439628,-223.199106157837,-56.11837603539831,268.50208160190516,-278.34891841091417,-346.09721798039186,-45.84548342675468,25.14306082043801,-177.342626597849,-95.31400718824642,-48.01980381436128,-302.8933054928919,65.10833006622157,388.864001728674,13.572376149038687,9.309689368296796,498.29318247116635,-382.2629239479991,365.359247603823,61.732131793288254,166.42405739981058,69.45308243596929,39.7265499998721,179.49607347809282,-185.04370279337297,-408.47317993695657,172.12862194576172,-165.45813911437065,-34.119440853501054,-496.9370365761951,-34.80274728780394,425.1622775852489,177.5580282877956,450.7660265325594,-119.06759994767997,335.3316304395959,431.82976235750783,-498.94234199416826,436.0654787227392,224.93258351481063,99.20988079944024,255.78513880336106,-338.97613492625004,46.75615601798006,152.06224357864988,14.44712865671344,486.34653272658,275.5043500793155,189.2292788996561,-4.069079440821181,-499.99955369113474,488.4820429691522,-74.23797368717547,123.42478079541786,164.62091965707774,159.53696277155203,75.78493549997734,19.25833750218291,71.20262759227055,-64.08045741520657,-2.404824582448234,236.5910190154519,-0.0016766347368894368,40.059736899684495,497.386804966926,-126.21912062215243,223.70321896112628,280.6412862660983,330.77426763734525,28.373008641475316,93.57306813902072,141.46493594444865,437.2472426029169,266.4249508008846,360.1536519820923,489.0800815137911,247.590061598907,112.57718785415992,76.10951276107566,-159.6270448916471,16.72309714019986,98.14689831025458,-150.7400430057358,155.06550347926995,-185.5289259134542,-22.67664964519046,-18.836907334719267,43.224671406893954,327.20845324570007,146.39215306004812,-270.3477791561495,499.93851605942535,499.99999999982947,105.4723601249618,-86.7251019760373,181.76003274906648,-23.298786928768067,-30.829064460280556,24.15047129405863,-80.80012807943669,-4.242612758816591,19.400082128429453,328.2524165641812,126.21332705122954,142.6993553951713,-203.91348166722202,-67.58393248839047,72.3829524840727,-449.8330741543637,120.78556719864822,-5.137076846649833,-67.8761370516885,-497.8666771880219,-490.0092285797885,-23.744746932511287,-45.7618134922524,-152.5805840864257,-20.59293586389353,87.38920405318373,137.68884999613795,-16.515091544327078,32.22059613750065,-6.300081248114246,21.88187201176975,-161.02210610171934,-313.5187745012009,204.75973264275635,-71.42344809088651,7.793703473267714,4.282611645926163,-62.98415587533658,-133.3711887077381,-27.80635339726359,48.76546625192042,91.73606209701097,-104.78815745514,332.40547945860027,-103.62592949063831,293.2107605727777,19.475836274268858,-89.72795649499436,499.9999999341102,-4.418137971087975,-6.668578773377198,58.08491911580795,127.66750561403892,-61.406130428247415,1.3510671591727736,-24.97495087105128,-156.64540633546423,146.77905110826927,113.52005914489855,-105.04453849813852,89.94505392108277,-16.684316941687698,-12.922845441299375,-161.040231000016,-198.01609386930184,-28.993060058000513,-16.99920981710688,11.202154681730132,-221.49431574450423,-26.88937451658818,-117.5880014793448,110.2760301777011,17.406633437319098,-272.5860826192502,374.1054961453553,-22.0658034781373,-344.7616986647476,-10.219936928214674,303.22466921514985,-453.01390241410786,25.44662786173561,241.31559932499752,-4.4181379799785,-451.2707838191868,-72.81686718480464,328.7246295890699,-355.1187186300458,437.0865517177641,-499.31412017779826,-499.8992654997185,0.40596688534305986,-47.408792692979645,-287.9332387712699,92.5440745680247,-317.45480693549507,-499.99997944872126,5.328305866950728,4.812828538236729,123.48907130471056,-497.35288540291634,-31.07441172237551,-238.65353154736601
91,-1.6515792756909102,-499.9999999997619,499.987934942218,499.97040669083174,405.04646364284855,-2.4788052967967986,203.94359119831185,272.8485021777037,49.33641444638069,6.811222659738216,65.85173957360571,-110.9482923478637,310.0622569163506,-82.54681968429695,303.2382993492059,175.0450300946886,346.1065977196717,499.9997867267956,60.50620105181866,481.7294319745453,192.144768344855,500.0,31.314381664468517,80.28630635446557,-302.72481471006273,-128.95442323104086,272.2451885483925,-59.7132667263425,-213.17024201804327,-276.57418391770693,-5.548345901365083,-134.90625329866114,-95.05496870272383,-499.9515383758902,158.3797940237362,14.49468401156789,76.87917988712175,-271.8238246980845,-111.55562439678192,0.3183378200390418,-145.915038960225,464.44053437814057,-302.5798859239606,-399.6346137901867,-370.94185271274534,-170.77799975911032,12.309559427328441,1.6288823539328772,81.88392795209921,283.1008369464848,482.50376012687565,-174.26555885595053,296.8778760166117,-227.01333608098872,-155.22821121209748,42.8040386814939,206.82214916833692,283.6640586197711,-41.366022963781006,391.4763549579332,-472.8606933751357,-193.01951144974677,-364.3713792645878,-368.6297436803336,-264.1710986976386,422.4999545256752,-85.50606345842587,-166.77853796479403,271.4034555661224,-32.04269271371869,335.9722057311131,-162.02358079069316,479.38003950418835,-436.06902500056634,328.18265350160567,-385.36639587633266,239.94535349696952,486.1280675462588,229.8186450935829,-16.667348439069094,30.756087360935357,334.9525490639166,-243.29634088198026,-187.13485602259775,-114.8417071430777,-223.17647210720676,-60.1897060393396,266.5775138519111,-278.30579240118107,-349.05576582623104,-45.81714007871958,23.86097202826376,-180.13155466247815,-96.42373982563434,-48.41785205312391,-292.7386566088407,66.74557040010292,388.3612219687845,18.654311995316018,3.576622279021274,498.2964881632948,-382.693262010705,363.56751818701446,58.625810093041125,171.076740739312,69.48965969998031,39.60109254365043,201.1090270169764,-184.82454624555677,-410.9191709495157,171.5900874978408,-166.54016059075914,-34.51990878332837,-497.3929368389244,-34.46633766455735,426.2118875340575,179.8836132501665,449.21694757618496,-114.24886400624463,337.737731912357,431.58784460989784,-498.8460669840594,436.674756402811,219.6238373603383,103.13249968917631,250.57028507944352,-341.81683942668565,45.77965382722837,157.63614739663282,13.745787065574673,486.40047410169706,272.35845397425726,190.2312575628988,-8.861732027803912,-499.99973223305926,487.75710225476695,-74.57190037904643,108.51198179226279,166.9919286287797,157.64346173384746,74.63253907098343,19.18275682269206,71.96812139485273,-61.103824412743414,-1.4985847433515056,237.28242309572934,0.21410259492346845,40.28994879610833,497.5847271477278,-125.6232775895017,224.696591360317,284.046883870749,332.635541088599,31.801915171112547,98.08882218723441,142.6998160086054,436.69460697447374,270.85967623229004,359.5000678926844,489.422942938268,250.33920814214954,112.83701947106923,76.53056706224038,-161.9467259835067,17.658489964286687,97.47285872502836,-153.39375498599284,155.64230981353765,-187.87566941453716,-22.306380474327405,-16.951949410810805,38.88963530397715,329.37158513249045,147.57304586506913,-268.8810452516676,499.9381835484321,499.99999999983703,105.46282274154366,-87.83755570449509,186.3413478414016,-22.290541734494575,-31.6880780010537,22.650832711020396,-79.45633442832536,-5.8211409534201595,17.505609868573448,331.763288569675,127.00191389551449,145.10310815878074,-205.5366675654016,-67.93869496193564,72.57094219005045,-449.31483483522413,123.09901415534821,-4.272189066594788,-69.8192615604171,-497.85729814413685,-489.9503141683725,-25.7805802328164,-47.041987199633326,-151.9551148175547,-20.70006077389534,89.72413788868698,139.14315107080128,-17.660274695026903,30.2375507670306,-6.132004967948695,20.865313468581075,-165.88711187362765,-312.7364337484035,204.80934174392317,-71.39867553832717,9.520828877657673,3.4744197925849005,-65.71101797916995,-134.12216151718502,-27.07482041736069,48.919057223832176,92.91825620375239,-105.65349922460334,331.6180053289902,-106.79349373816197,291.91451336350184,18.348798387471437,-90.75388894599111,499.99999984923033,-4.133212047651024,-6.559806534969028,56.07413416282336,129.81660066899494,-62.87751052494439,-4.294172465801637,-26.416116448793748,-155.80990562694035,148.97349837314712,115.10264358962841,-107.38900455495789,89.87484344069794,-18.108429844421252,-12.323518427659632,-163.57454354905582,-199.11557508659735,-28.928424725704843,-18.139529372833863,9.84243965935367,-223.18398353650528,-27.510088614905236,-116.85116845044489,107.13844316276081,17.654162283521185,-274.18160132668237,380.60783645423294,-22.877422211820548,-346.0906533244355,-9.190470063110679,312.33056113470013,-452.95845063514577,25.44694003252454,253.75569311916345,-4.133212055966874,-453.29363598646756,-75.34159163338457,329.6075406944168,-355.5817525812204,437.5231409161138,-499.29863886900847,-499.9021403164045,0.3206676428606303,-48.430430627768985,-288.2015205165956,91.18488035864922,-317.34433785975364,-499.9999795608607,5.307791734592431,6.331154764116248,124.90179183896997,-497.34581893681093,-28.725495362214307,-241.75538164008623
92,-1.5450645476686649,-499.9999999997636,499.9880073320766,499.9554620494539,404.56359453200287,-2.3189418873284393,193.66388768511405,270.9430976280061,44.04288083014161,4.617701416532776,64.86668623457993,-110.89838246127536,311.61608535126356,-82.28653841245918,298.7341213034022,172.72412894838556,347.369344866214,499.99978739455906,50.367633798325556,473.2952171997209,188.50405402436922,500.0,30.437616003887705,76.47522287823192,-300.02874629051183,-127.19793231887222,272.8831624853811,-63.22940347620613,-217.18607487477288,-276.59428593729393,-5.381661929127072,-134.8212399187456,-94.2673300192893,-499.9516352489179,153.6610338469133,13.804048584913565,78.45368954897668,-272.5868567309708,-115.16177915546325,0.4664879556839086,-146.1190328239459,463.75636442667354,-303.69991790877316,-399.9727236192877,-370.59847400050927,-170.94273977784556,12.549399355978402,1.80941421525907,82.0145250663762,288.93737808495496,482.53856455713196,-175.76321854111202,298.3092956535115,-228.26436532657354,-153.03365173277646,43.22246129940091,207.13430194093314,291.16502410601584,-41.73586285954293,388.69594537526206,-472.7264501498981,-193.17870209779937,-359.4267220856428,-368.5358153522793,-263.59530632204434,421.87265980063785,-85.63397448489289,-167.03837220771774,231.48821147504833,-30.049283404547047,336.9042270406777,-162.69152227914304,477.5060324514605,-437.32439400009736,328.77834166978687,-387.97928162361757,238.87845903744932,485.88924754464995,240.18593769958764,-20.085342637001784,32.752281195527615,331.083931741754,-247.2072253850969,-186.50824868016,-116.7534438177116,-223.07865097786117,-63.76515457498327,264.69985664315305,-278.1441842909088,-351.8219093118225,-45.800105343480766,22.576584707595227,-182.81776649180912,-97.58905506700754,-48.71858056609761,-282.53117140866186,68.58372939835503,387.9416117281596,23.591393883125328,-1.8380394873442905,498.2998249449671,-383.1039481496698,361.72373476311776,55.84968361621552,176.0104557269986,69.6446022943839,39.78292872979335,220.722431896436,-184.43509688461876,-413.2111375253937,171.1629033551795,-167.47256798712138,-34.88588305440284,-497.75222924587433,-33.941218690863394,427.2079492518007,182.50632281214342,447.63815523578285,-109.66793203874231,340.1572013964734,431.3715959849741,-498.73675713514075,437.2952847465931,214.5006774621271,106.97209107227101,245.43498828472923,-344.4356089432356,44.94635511718026,164.4880318630575,13.001262191014366,486.4653364130207,269.30307502812434,191.56091750156196,-13.762672516727427,-499.99983433465013,487.03287883913634,-74.77316936365438,93.25384717846482,169.41623774237635,155.92199886188564,73.54599762758005,19.101953599758456,72.9361391530563,-58.173617378525364,-0.48972346842218717,237.95652385401917,0.44126272111555337,40.58200930806014,497.7646380662958,-124.94730752042946,225.70414454418116,286.96204048148144,334.5086654782932,35.27275407655073,102.6893313350651,143.83479877361475,436.1702553232891,275.12757888471583,359.08349571211266,489.7493620221605,252.98016770362318,113.06649038969991,76.86350911162013,-164.20233969642277,18.681512758869165,96.79110032215185,-155.97736698340563,156.21520003130004,-190.14064732404103,-21.965589303183634,-14.840439905570591,34.58586211868021,331.5452999508956,148.69928449976223,-267.23271759435613,499.9377442608706,499.9999999998433,105.40993150934338,-88.87038433617913,190.90454676383754,-21.317907912494725,-32.622515934421955,21.15058079990664,-78.14785750834668,-7.415736845422946,15.569393892152416,335.2409646356134,127.72223034364866,147.56394294068224,-206.9222949438733,-68.41094389009253,72.70320580524691,-448.80506674198153,125.50153119779264,-3.349560795684582,-71.65812811533941,-497.8460914319089,-489.89068823496274,-27.82212662592613,-48.32491410191626,-151.27185906439058,-20.856531092855008,92.14776829446717,140.66443258388824,-18.760085285205005,28.382296870092176,-6.018461848785163,19.81822866319142,-170.61310578279802,-311.75347534585916,206.22477511716065,-71.3342935289743,11.410883364505688,2.670881411150962,-68.29462805489368,-134.73070300865948,-26.34393507946291,49.077025834149076,94.21413205845789,-106.53619742981572,330.82158043001715,-109.87744951773837,290.5890681259204,17.277550579869175,-91.77231680759412,499.9999996693372,-3.8666594788587005,-6.476406995133851,53.92284721422535,132.04455868115022,-64.3690733472943,-9.951078879962708,-27.75073929720471,-155.06579734440731,151.35908575607525,116.93116279816486,-109.71198389901855,89.72487991807137,-19.47657642464142,-11.749067746889331,-165.94972304793524,-200.10153682420528,-28.81653759115833,-19.25959375187398,8.393522845560287,-224.65342793444398,-28.007393893169954,-116.08369804161515,103.9142047548212,17.99936210361739,-275.5918666832024,386.6612091816369,-23.722281825620822,-347.432002032845,-8.155980241624752,321.18562979595634,-452.8952609314019,25.53483195529077,265.6869836042115,-3.8666594866362347,-455.13851982758405,-77.65525024638134,330.4636517967039,-355.9878509004124,437.9468454198636,-499.2823965543916,-499.9048158118192,0.614427028374785,-49.35265604788484,-288.37727206935057,90.06415160921958,-316.999253609722,-499.99997966799066,5.383502483249343,7.866705356792313,126.12300779293398,-497.33588453320573,-26.271224044029395,-244.65627266612634
93,-1.4454191671894283,-499.9999999997646,499.9880796793542,499.9339297201234,404.0687467161225,-2.169388149367924,183.37854775074422,268.92588152515356,38.8154613516309,2.3818478179226763,63.861640315260686,-110.9280510167565,313.1115825779386,-82.08521152867597,294.2772375262739,170.31323474745994,348.4903274787279,499.99978948871245,40.33698499524447,461.5103044468339,184.949190355984,500.0,29.554664501894994,72.75072854721206,-297.41480692786973,-125.48138249848564,273.4635253928241,-66.59058705807426,-221.0959208566969,-276.61027728443884,-5.217798294760562,-134.7348257742905,-93.45709719211698,-499.9517274387335,149.05606655504738,13.118226496660089,79.87064343606117,-273.294126672774,-118.66381465430175,0.6066568580642628,-146.16494426556824,463.0693587844275,-304.7343012891315,-400.29260020912824,-370.24966674824964,-171.0623865196009,12.78304520089994,1.933123364392309,82.14121544012278,294.67394081942683,482.5753217896509,-177.17181881407532,299.6704613049653,-229.44856343484284,-150.92575922811127,43.57598132545944,207.6459565802396,298.50585665213634,-42.09113710978896,386.08905648996625,-472.5868849288645,-193.31966432122317,-354.46851513294285,-368.390963043777,-263.0213399250905,421.27125190415745,-85.63882478404246,-167.2739665786273,186.98091003866048,-27.796548800584088,337.92266717944386,-163.0677774349418,475.6222053597207,-438.4100159072649,329.3421512103544,-390.4221256110415,237.94194265438523,485.66608296915604,250.46265402311036,-23.48416634779142,34.908868806393805,326.96582682988105,-250.19976677711264,-185.83840498551615,-118.5907698017733,-222.91706632142814,-66.96450232203165,262.8381180603368,-277.8679450560853,-354.3934413019791,-45.79759089901992,21.281001898851606,-185.39493379598073,-98.77949807133459,-48.96156954668314,-272.35991503505943,70.49265822488586,387.53051237561294,28.38623503706171,-6.964681705064919,498.3031995925452,-383.50252059535416,359.82495942857526,53.37607028625905,181.1265731477645,69.8270088683414,40.154000585521885,238.24381031661565,-183.91002758746075,-415.3456749513395,170.83540703431086,-168.2880338277355,-35.196769369719064,-498.0380762745867,-33.2836587888695,428.1439548192157,185.39922407218668,446.0261287434572,-105.42918094835895,342.581967076121,431.180641613936,-498.61264829274154,437.92769044769,209.52246561793658,110.68854888182987,240.36979894368577,-346.850111047415,44.20899637450611,172.15884598222468,12.193855595377414,486.5382801738316,266.31849287689164,193.12942174272305,-18.585624578817193,-499.99989453798,486.31062030159444,-74.85919764272464,78.18772893638507,171.8048015399388,154.33575464698427,72.48712745794289,19.010862732726917,74.09241939254707,-55.417109494865464,0.539541524306202,238.6014756984732,0.6752943568994049,40.900167507906396,497.92799354030905,-124.20034292866998,226.65839393838908,289.3524646902805,336.2972871153893,38.74899565582277,107.36681502800836,144.8450038265211,435.67030732647055,279.2293119696781,358.8116182940216,490.05586571628874,255.50232727395021,113.24822012504461,77.0910678811264,-166.4057306554882,19.699423637028612,96.08418387846034,-158.50440153033816,156.76848954976833,-192.32560655839833,-21.666818376118446,-12.525581659009063,30.233855187895223,333.6144239056299,149.75473251589227,-265.41145641852717,499.93715847739725,499.99999999984817,105.30346163367746,-89.83758238670535,195.25065964956116,-20.401648946729637,-33.68882864816561,19.63404599069061,-76.89835648304603,-9.023359544112095,13.54812826973144,338.6163965869627,128.35363188676644,149.9052122785403,-208.08834062738015,-69.01814333625482,72.76430416581462,-448.3164394690865,127.85180269274719,-2.413867389365807,-73.40658544796321,-497.83371471808886,-489.83188623384825,-29.86305803318616,-49.614522504475694,-150.54012488410123,-21.076859835054183,94.50893437953485,142.13414821320674,-19.843822046762504,26.63675711455799,-5.950603413012896,18.726807849042775,-175.19029276017952,-310.61527507243045,208.72006556004388,-71.24691134694642,13.346357242505936,1.8396874205301972,-70.750833355901,-135.20744658135953,-25.64448135963831,49.18097155491105,95.5225737447915,-107.44796202282322,330.0050311628132,-112.89231248925857,289.23587381364075,16.269053704746764,-92.79356006994792,499.99999929927804,-3.617295742907162,-6.431585697878366,51.62321484178469,134.25486982263877,-65.8878378816471,-15.59199262723433,-29.009131352822564,-154.4206258801097,153.82312654130828,118.93001393474191,-112.01877414998363,89.48345000623175,-20.791939524185345,-11.204804263995088,-168.17354643623406,-200.96988008099618,-28.681367316338303,-20.379011875484444,6.844208800705358,-225.88783662111675,-28.409302556532836,-115.27921495166703,100.62340808304862,18.351033821904856,-276.81390054856536,392.2985651189959,-24.61612808898286,-348.80341043034286,-7.138785531361517,329.77662505027547,-452.82923487930543,25.684328480965885,277.1160038419294,-3.617295750182739,-456.7871864886671,-79.78380243331026,331.2822101720019,-356.34745130782056,438.35319427246407,-499.26699951862963,-499.9073091308456,1.2507592901635936,-50.210159864940536,-288.59853670438406,89.16680536564272,-316.56113766859363,-499.99997977035787,5.545753950372693,9.386474541527674,127.0469307002218,-497.32528502598774,-23.745858825203825,-247.32303076631638
94,-1.3522001090137588,-499.999999999765,499.9881513719715,499.9033519843719,403.56470366160204,-2.029479223999498,173.11614190399132,266.79930955863887,33.65999587868672,0.09039399418513988,62.82953619621306,-111.05658263848363,314.54412289462067,-81.96087633466364,289.87377068574534,167.81508011613104,349.47698357727364,499.9997930794713,30.43483755510659,445.36827361459666,181.488316641056,500.0,28.659238617248526,69.11783259139433,-294.9086681121744,-123.83673391507085,273.9688534479158,-69.77338977047458,-224.9041296743275,-276.63327441156326,-5.0679674477750565,-134.6585890452699,-92.65342750245762,-499.9518151711085,144.5763608002692,12.438181153056046,80.96561045682411,-273.95949942267725,-122.06352616013201,0.727187485031402,-146.0437946384545,462.3767666447403,-305.69841457661613,-400.59680299699795,-369.94531655522104,-171.13015815426294,12.985067297484786,1.9754444987692952,82.2642246093298,300.2934044626718,482.6135508281136,-178.49247327563754,300.9463365893687,-230.58105419123677,-148.88233984404704,43.841294673808676,208.23502012908483,305.65127343636095,-42.44201716551927,383.66052714163317,-472.44303093018067,-193.43775900936146,-349.49870180229203,-368.2084011804767,-262.4672133541879,420.690528368069,-85.5416340837397,-167.48140709089927,139.809905243472,-25.376665016701498,339.0000765464046,-163.24235090161312,473.753245139958,-439.3573768949243,329.8547238792679,-392.6978614189957,237.09980855555978,485.4528036336814,260.5024011590137,-26.825167944213874,37.134670662767896,322.7303159573331,-252.54521433233447,-185.17148813790664,-120.36023502095995,-222.70435815109363,-69.88690739232484,260.9657819576797,-277.48050656344975,-356.7825752532334,-45.81249230540829,19.9646210082097,-187.87174407306676,-99.98428029998865,-49.18608532100792,-262.30768758161815,72.3365107134189,387.05875527031094,33.041553178120544,-11.870515619435816,498.30645767068364,-383.8969612894406,357.87376139342035,51.117839979357356,186.3292584517546,69.94576984764096,40.608102300448536,253.6578787963288,-183.27827308053747,-417.3301910957765,170.5869579360423,-169.01724001879379,-35.454110276291246,-498.2675133330625,-32.545174005859316,429.0039820176463,188.46330688327936,444.3744880882953,-101.63130648608801,344.98158492789224,431.0148494060166,-498.4717841978432,438.56418454443525,204.64044182988602,114.24550885361758,235.36405605862342,-349.08675132912634,43.52059924439314,180.18693146858442,11.30532646864454,486.6155790293994,263.3817204357863,194.83347038845446,-23.239591274315405,-499.99993106189845,485.5898401716572,-74.86004543261146,63.59943420856838,174.0663202640514,152.84861966714388,71.42220929495954,18.900311938991543,75.3756311757334,-52.94300368159047,1.488278396095477,239.20128147858355,0.9064421323312813,41.21068823449237,498.0760365764268,-123.40680949190238,227.4937999843072,291.2154193787062,337.91200303968054,42.156300036120776,112.07077515433517,145.7018847296222,435.1901450551292,283.15715220350444,358.5945704939826,490.3389184392701,257.89361501052275,113.36653819877633,77.19641461450922,-168.56326048948534,20.620292769257023,95.33737410827955,-160.97891615593872,157.28121889093342,-194.42040889068326,-21.417265850994813,-10.027038795408926,25.770297244923647,335.47592356602337,150.72148124504855,-263.42551715838357,499.93637365915515,499.9999999998514,105.1359726712388,-90.76872864036557,199.19665162690364,-19.555372987806766,-34.949112378113355,18.088397852203627,-75.72356603234999,-10.626389446772466,11.40082269620579,341.817726490604,128.88293736274258,151.96531367962004,-209.04702267484444,-69.76465320657834,72.74281875449789,-447.86325411408234,130.01310585148286,-1.5039036053603538,-75.07653203679577,-497.82090870046636,-489.7758623104854,-31.896705162852168,-50.90949777824883,-149.76369368594672,-21.370457508677752,96.6613964511665,143.4397919074897,-20.94228678879169,24.98797716817642,-5.9226407338035125,17.583148135949358,-179.61209870724215,-309.39481084523646,211.91097750680635,-71.15312109192544,15.204971066732186,0.9539055032053007,-73.09144214520444,-135.55669835178574,-25.0082721488251,49.176936506908675,96.74625681689338,-108.39299758876048,329.15847930027564,-115.84371383008441,287.8606998655185,15.314848844480089,-93.81918609303743,499.99999855049253,-3.384012582962991,-6.441170597899569,49.18455397373969,136.34853416462948,-67.43176531731176,-21.167933404688128,-30.219312108615267,-153.86405365616523,156.25953077408684,121.02672608253799,-114.30886638682746,89.14522137949967,-22.05323405291885,-10.68895934872748,-170.24452294543704,-201.7139831742605,-28.544523810196257,-21.524844442706527,5.189217942771458,-226.86821091371957,-28.743756481178007,-114.42291499236603,97.30886167603227,18.622016801256684,-277.8414172182628,397.554637594313,-25.568056687488895,-350.217829864255,-6.159802526636131,338.05496165217266,-452.7647716400305,25.8685825022645,288.0311122421667,-3.384012589758424,-458.2159606610338,-81.7946089804899,332.0554265689489,-356.6742856573614,438.73886697808257,-499.25406535707623,-499.9096356495611,2.122683554395403,-51.04434954388426,-288.9863071256601,88.40777447820982,-316.19824381050256,-499.9999798681953,5.756819893490483,10.862083405938645,127.52596597102766,-497.31643981801255,-21.203034876322093,-249.7264345076715
95,-1.2649929573977021,-499.9999999997648,499.98822179186305,499.8605517365633,403.057178119003,-1.8985931794162245,162.9212050337116,264.5784047947065,28.590314806385678,-2.2578413548525633,61.773248884506565,-111.29570923683835,315.90578785420536,-81.92608509617214,285.53217727013,165.24523735073168,350.34475429736915,499.9997981896244,20.693575976348477,423.7559222630783,178.13652143890596,500.0,27.753128645921933,65.5908676177704,-292.5257535159702,-122.28066178612664,274.3849958737056,-72.70912930215776,-228.61305635631712,-276.6747045022004,-4.939871240195219,-134.60452379998344,-91.8775308074371,-499.95189866039175,140.2389623936096,11.766636083498131,81.63911182048031,-274.5944634733731,-125.35727824314355,0.8204968334930581,-145.7453504317075,461.67525279573255,-306.6043683401853,-400.88763941963987,-369.727918218396,-171.11463370763582,13.138055801162908,1.9325735109095188,82.38441051989638,305.7719300675069,482.65335601996503,-179.72417671077758,302.1150462911626,-231.6719764018593,-146.892523116444,44.0134073850441,208.8054174287276,312.5576955208439,-42.79097714565385,381.4119511937195,-472.29703733098324,-193.52147254063806,-344.5215594792035,-367.99993006060913,-261.9447598247429,420.12222409934054,-85.3631044568174,-167.65156102132758,91.8151994841561,-22.878332789380526,340.10302400807245,-163.2797986330984,471.92613001618275,-440.1969689782158,330.2892923752021,-394.8173538453831,236.31815725411954,485.2441516021554,270.17769476277965,-30.09201550720649,39.348378491576305,318.47089761866954,-254.45898799886012,-184.54484154860404,-122.07414941753873,-222.4499517064084,-72.60144701403998,259.0689270505689,-276.98346540819585,-359.0071882404262,-45.84370998104073,18.623496361440385,-190.26003200459692,-101.19691746305598,-49.417612412801724,-252.4416314069499,74.01867464642919,386.4783634767659,37.56016796368544,-16.632539385414248,498.309290683351,-384.29235951973396,355.88045888433606,48.97284054567764,191.5416305185563,69.94116419782567,41.07215406733557,267.02404862235215,-182.5602112027628,-419.1754507814985,170.38972304897123,-169.6813792698937,-35.66322396928894,-498.45316031747217,-31.761145129841324,429.76380213617784,191.57885328107065,442.67526926677135,-98.32693267091176,347.31544396592085,430.8751308066859,-498.3119874316251,439.1916787274675,199.81884747025762,117.62007945053237,230.41437317343477,-351.16891062025815,42.84462779375428,188.22657013518872,10.32740991845399,486.69384314554765,260.48035768393237,196.59329304882218,-27.68403083748167,-499.99995381511394,484.8689023955392,-74.80159970989548,49.63880120511332,176.13860101377722,151.43397898578235,70.3338041833757,18.762924565588413,76.71709495780246,-50.812157847255286,2.271181500918752,239.747134571531,1.126091649405181,41.49351810183435,498.2099037497253,-122.59744911818615,228.16913467978313,292.5902596917819,339.2939602983988,45.42269861784421,116.73426886364481,146.3843001714374,434.7263128334696,286.90229606828825,358.3541743651327,490.5955134143928,260.15118500458885,113.41883599982896,77.17272448258053,-170.67470154458906,21.389309408238297,94.55128536624534,-163.39423673007101,157.7429005556938,-196.39975887636297,-21.209219906621012,-7.330772169605986,21.165444791889758,337.06363202638,151.59422692672052,-261.2824476561922,499.93532246140205,499.99999999985266,104.91284325576706,-91.69136136840153,202.62264780626865,-18.784174507721282,-36.47101349379573,16.51666871142932,-74.63184546850894,-12.189780663534355,9.102404078019319,344.79325630134974,129.3055928575067,153.6409145575832,-209.8030330178489,-70.64344546577836,72.64529968947218,-447.456124110613,131.8931274697171,-0.6362569922143032,-76.67829857644668,-497.8082564177221,-489.7246296264624,-33.91398806341717,-52.193636098993,-148.9416036083906,-21.727894182250242,98.50720488159779,144.51016833837295,-22.070470976760443,23.42980795148094,-5.929358037564265,16.397739092822516,-183.873154950097,-308.16709036325517,215.46837255868417,-71.05321354803046,16.904359222882135,0.009435853692383138,-75.32350887957439,-135.77492526392905,-24.447222114327367,49.04021355489541,97.82546827995863,-109.35828195658908,328.28786300313527,-118.7227791226212,286.48513655841015,14.39697152590052,-94.83225322818072,499.9999970417175,-3.1657732556818585,-6.508244796340849,46.640776271696154,138.25874204050314,-68.9800783528374,-26.627556071168087,-31.3945056943011,-153.36533008381642,158.60499428695337,123.18260029851365,-116.5658058256136,88.72320928550128,-23.254149014010203,-10.182936448523078,-172.1427274953505,-202.32524823232342,-28.417311374886367,-22.717761605149406,3.443686721753751,-227.5743945358166,-29.029373389014292,-113.48421063857664,94.04261127647014,18.758788759765487,-278.6654532950912,402.46780987002325,-26.56823234732145,-351.6765300676003,-5.229551503277197,345.96602146780094,-452.7051030791631,26.06725750223864,298.4149354413883,-3.1657732620407906,-459.3969429418352,-83.74647342762745,332.7790869009558,-356.9818432165697,439.1019054420944,-499.2448040745,-499.91180918429006,3.119158093995054,-51.892962183004194,-289.60869721220564,87.6648566215516,-316.065692827129,-499.9999799617227,5.977838419874517,12.294178374740655,127.38123027323387,-497.3112480218955,-18.69347615684286,-251.82531032872646
96,-1.1834099834112315,-499.9999999997638,499.9882905236606,499.80151154464517,402.5555611077244,-1.7761481274545345,152.85738537765593,262.29025875494,23.63079675341027,-4.647362140394388,60.707561035061225,-111.64353899957695,317.1877646159835,-81.98025362882913,281.26429406978025,162.6299325748756,351.11658392449266,499.99980479073093,11.155252255222939,395.5664757271662,174.91495606348903,500.0,26.849327228779895,62.205961269380246,-290.26919310000125,-120.80931079595173,274.70754365225383,-75.21173709332763,-232.22132589456277,-276.74477540688764,-4.834188004140626,-134.58291443567845,-91.1403147735036,-499.95197811016374,136.07136052454453,11.109489072522564,81.86595068558692,-275.2059763459916,-128.53214785817678,0.8865030495649869,-145.25474454566793,460.9614180449818,-307.45872230741344,-401.1663825794579,-369.62290225417854,-170.92449097736565,13.238555710821334,1.823692712045512,82.50669122130637,311.0900338757556,482.6961946645989,-180.8622809579144,303.15047729454915,-232.7202676793092,-144.95046338696977,44.10823240009462,209.2828273592252,319.19109991412626,-43.12986964677169,379.3487383856556,-472.15116137101626,-193.54506353680534,-339.54193144685496,-367.77104651089974,-261.45702795934346,419.55636566962505,-85.11178808028731,-167.76728334917388,44.58056817736592,-20.36145240137451,341.2034461462005,-163.22427190613908,470.17068917779187,-440.9439329344678,330.61454423264655,-396.79258692741047,235.57538645389843,485.03633542593695,279.3999156345825,-33.27639004571826,41.4903913875846,314.2579252437112,-256.0816260995742,-183.97571514333018,-123.74009096096341,-222.15865964190525,-75.15409692908133,257.14876330586014,-276.37608460907194,-361.0832396828978,-45.88457490291186,17.261944693208978,-192.5658312118535,-102.40803413136253,-49.659706352956924,-242.81072909782415,75.49854191666829,385.7662774408477,41.94949743115974,-21.31408369249513,498.3112882085756,-384.6888297029262,353.8619062694171,46.85895929355629,196.7074594615639,69.7953951906166,41.50602211606094,278.45472524647704,-181.76984477416045,-420.8914233100736,170.21081744450294,-170.2909553674049,-35.824219829733806,-498.6044149371914,-30.950100460709063,430.3934631129098,194.64864871710142,440.9196450000611,-95.5117416516495,349.54267229748115,430.7646937870935,-498.1308118844016,439.7957447233297,195.04419328534055,120.80205488391888,225.52576311864854,-353.11252082906356,42.155814941488536,196.05010374632016,9.266726139166666,486.77066666032584,257.6154204959532,198.377525871038,-31.903406914991898,-499.9999683436038,484.1459110904726,-74.69603844484996,36.39183759723665,178.0025579689125,150.07508776569162,69.22080094033353,18.597273591598096,78.0714731050222,-49.02832745728769,2.845422222101754,240.24381091257206,1.3316570297008008,41.743451680331916,498.33068115222244,-121.80273887288868,228.67575483161264,293.5540173114523,340.4228434685885,48.50008620733989,121.30090439477449,146.8810561365388,434.2779885029163,290.4575074823895,358.0234733967667,490.82326286785286,262.2861788809265,113.41878491059516,77.02578505403696,-172.73429857313894,22.007326799213644,93.74585250193286,-165.73552036355738,158.16012846057728,-198.22100447915187,-21.01756797127408,-4.370768324923807,16.423360344182644,338.35431147203786,152.3855147399462,-258.98895835737477,499.93392008140614,499.99999999985147,104.65379295805961,-92.61873435404428,205.48774317320843,-18.08530480658944,-38.33180319688628,14.940838187202942,-73.62876114115224,-13.669891833092361,6.644559828337911,347.5235657188004,129.6249791529567,154.89949917996591,-210.3564984028131,-71.64243380177369,72.49753486541051,-447.09835641814766,133.45876988115432,0.1956858959238771,-78.2223435722111,-497.79598632626016,-489.67964318645386,-35.90324876756975,-53.435573403169734,-148.07097089156056,-22.120694016753585,100.01149864547956,145.32620243625112,-23.221144809358186,21.960695392128905,-5.963430167373883,15.198438108690747,-187.9679829176378,-306.9933488673844,219.16772192015006,-70.9247467717258,18.415434522714474,-0.9739563613444495,-77.45103044203952,-135.85520069641,-23.949176960170494,48.7797948575858,98.74754652895324,-110.31575473624952,327.41547233264146,-121.5128777371916,285.1438835985917,13.498222197733808,-95.80122372215678,499.99999398581167,-2.961607735059873,-6.617051323291708,44.042188797058095,139.96336361886472,-70.4969482666604,-31.93772924482396,-32.53502936746067,-152.88208337618067,160.84798709944292,125.39893806671506,-118.75784285263353,88.24817311147318,-24.387285725731637,-9.65436555133083,-173.83403647749844,-202.79661645707156,-28.301562926809044,-23.967708222511167,1.6437591127096265,-227.9919623935225,-29.274466267650308,-112.42228996158408,90.91069395314742,18.75396651365182,-279.2782698689965,407.07890453636224,-27.58839607204392,-353.1697315471235,-4.348534183415467,353.4724791258354,-452.6518220377829,26.269812162953855,308.2581024411765,-2.961607741004122,-460.30457694144343,-85.66483388187864,333.45262881698636,-357.2807932541009,439.44180700145995,-499.23979976577715,-499.91384217405357,4.167203326691463,-52.78723571830752,-290.47208566237475,86.82222623159704,-316.26989359069063,-499.999980051148,6.1952975658796,13.719732124268173,126.4135134307176,-497.31059118365437,-16.246875076690596,-253.55999105659595
97,-1.1070885426208914,-499.99999999976194,499.98835748850775,499.7212625132651,402.0733344822971,-1.6615998205081757,143.0078489345966,259.96988803611663,18.81728904516726,-7.049253446156027,59.65976171408637,-112.08595556146796,318.3810035799643,-82.10976236234072,277.0864881217588,160.00126351744078,351.819292124906,499.99981280007637,1.8668019527664386,359.8801093083159,171.8475694230346,500.0,25.97184243765649,59.03524719334324,-288.13194287636867,-119.39603884441526,274.94333371258045,-76.91260860190161,-235.7230864333201,-276.85157439973585,-4.743906297090809,-134.60168534943642,-90.44249338029715,-499.95205371380865,132.1166930729231,10.475872455420795,81.67483010229292,-275.7963811818806,-131.56261419645378,0.9331511670819836,-144.54856908446706,460.2317956958703,-308.26167529755276,-401.43312090826885,-369.6374066531089,-170.3800560150641,13.298600896566318,1.6914301719821123,82.69708915654765,316.2357802223404,482.74579599896634,-181.89692819699908,304.02293784489626,-233.70953987502352,-143.0411221139012,44.154634883106525,209.60280097161146,325.53162331526283,-43.43480552847856,377.48303484853597,-472.00716162869406,-193.46038253155308,-334.56091940705215,-367.51868109954114,-260.998814488888,418.98217119462055,-84.77530490560247,-167.80073887976093,-0.648792127222676,-17.84351823380577,342.29057813116844,-163.10513365503604,468.52019215192985,-441.5743249806549,330.7952502943959,-398.62195644814915,234.86879438710238,484.82717600313526,288.114687282258,-36.27452084791511,43.520251418032366,310.2839211811438,-257.4723168201208,-183.4605441662643,-125.34858860158631,-221.82992675124308,-77.5746464896511,255.2171268445695,-275.6545982498334,-363.00133182144293,-45.92531732816002,15.888788140337388,-194.78197032902088,-103.5616573581257,-49.88198054016761,-233.44855500861033,76.77912455953572,384.91970044670524,46.47232345235474,-25.962890966017106,498.31198613524157,-385.080634630961,351.83631987373275,44.718770012023384,201.78724589300717,69.52250321584934,41.897381975537456,288.0873903721179,-180.91667111738838,-422.45396613221806,170.01236744946533,-170.84685151170308,-35.88906866593306,-498.7283364749997,-30.107483331426742,430.85843770245043,197.60754550839172,439.09754033098096,-93.14083236028125,351.6256843912096,430.6906995715783,-497.9254846689974,440.3631209414449,190.32142239267318,123.78991358596627,220.70714624301056,-354.84087646793955,41.43602121790391,203.5230874700219,8.145486430106143,486.84467084462096,254.79458299362696,200.2629699905858,-35.831720707440546,-499.99997783595535,483.4193536453451,-74.53512341321616,24.674961307699625,179.6741994119586,148.76207662285233,68.09201436689519,18.406499546218328,79.41869962649265,-47.551119760473036,3.209752808384827,240.706655139207,1.5256202946121191,41.9668105249973,498.43940774691737,-121.05074189168602,229.0300927982618,294.20476077949513,341.3080799680393,51.364210070518126,125.73370588658103,147.20185704897142,433.8466939299963,293.8164395401276,357.5435811853772,491.02015733403834,264.32081574828703,113.39280190335263,76.7781830463253,-174.73242363024886,22.52852562637624,92.9560210542295,-167.98180045301876,158.55153118512973,-199.82227208601842,-20.801862793826157,-1.03500013282801,11.565370755709106,339.35621978628285,153.1196135853174,-256.54999652779526,499.9320605401212,499.99999999984703,104.38619719921557,-93.54590500494334,207.8125151155386,-17.45081418083136,-40.620583526209224,13.39431122172959,-72.72097828638765,-15.028998666374836,4.025245682487118,350.01613723619244,129.8497333158769,155.7617567407464,-210.70934218954957,-72.75018513999991,72.3366014778729,-446.78664672484854,134.72246223987588,1.0111776702090745,-79.72071972098017,-497.7839741661539,-489.64144351023094,-37.852312239075005,-54.598153116715025,-147.14987110694426,-22.50903854895278,101.18729685978269,145.90652358599638,-24.371919447975795,20.579998000812342,-6.015353040419357,14.018960770154674,-191.89157857031435,-305.91245484120964,222.8664767797968,-70.72820601995012,19.74806932292089,-1.9626511068891348,-79.4771141520687,-135.79275649274987,-23.48616022898214,48.426512709053675,99.5333148548575,-111.23117141970968,326.56625197623646,-124.19789495216965,283.86974101482247,12.609380750983691,-96.6882339305501,499.999987725091,-2.770608714996532,-6.743282504405667,41.44068261596562,141.47201766195815,-71.94320899254726,-37.057022617495264,-33.63315115211428,-152.37401558082925,163.00994503213857,127.69988217975109,-120.84851597669815,87.75852999563158,-25.444044410194277,-9.068495904014073,-175.28339438719604,-203.12576863840968,-28.192163812879503,-25.26436094641015,-0.16420549932276873,-228.11827694044192,-29.479558474915166,-111.19767864154768,87.9905291971741,18.634255390036213,-279.67737155289467,411.4262808046124,-28.593377255687415,-354.682823737282,-3.5062527929540894,360.5583559454394,-452.60526749764125,26.473476857372138,317.56282472694346,-2.7706087205624685,-460.92302422705194,-87.55223433700812,334.0782457076038,-357.57899997168334,439.7592687736975,-499.2391024301741,-499.91574583831965,5.229170033593243,-53.7534054982837,-291.54197919656275,85.78553747432126,-316.8612526169497,-499.9999801366673,6.4207617435488435,15.190776656465657,124.41005558459257,-497.3144297557834,-13.87099537641029,-254.8673283014313
98,-1.0356892726455786,-499.99999999975927,499.9884229154401,499.61377112227814,401.6268191603712,-1.554438947750759,133.47549261990386,257.66139797718785,14.196757656492167,-9.41012324009226,58.67203937800903,-112.58068818615533,319.4751943482266,-82.27983485226659,273.0186415202844,157.4023403913527,352.4791887506126,499.9998220787133,-7.123950325909382,316.1927323687683,168.9563289226452,500.0,25.15721328304354,56.175362445914466,-286.0997196346832,-117.99296701677,275.13091582977626,-77.43100644647205,-239.10201685546403,-276.99095809029427,-4.654436132764009,-134.6592184882803,-89.76527384792934,-499.9521256551132,128.44015462203197,9.876502385637345,81.12457506953213,-276.3626542018707,-134.4042413949101,0.9768450824512525,-143.59405858345502,459.4818890032503,-308.99969722088315,-401.68726561426524,-369.7647091313638,-169.30050165128984,13.346242618586256,1.6256501963466534,83.3205641338334,321.20351968251947,482.8074994119107,-182.81198119966373,304.6949286661963,-234.6065476410124,-141.03451667033963,44.19865363499434,209.69682502841275,331.5720567491438,-43.62645865013374,375.8332372524734,-471.8660817196893,-193.20133537430772,-329.54281078347935,-367.229580200994,-260.5579863623475,418.38784090337066,-84.27416327524669,-167.7106754540979,-42.908940362235725,-15.12420516692265,343.38935858247413,-162.94069167999714,467.01132223607243,-441.9648663699076,330.7881789060204,-400.17132617151765,234.22106457315076,484.6160647446937,296.30003370690997,-38.49878134800886,45.414205979087725,307.8814107372762,-258.4478559556101,-182.97383635868493,-126.79876563257008,-221.45269532229102,-79.882883390134,253.2883141877723,-274.81593401751445,-364.52226206296046,-45.958602845132276,14.510863565960989,-196.84878559273383,-104.38832449109847,-50.02074582705711,-224.38475681572325,77.89016421118718,383.9502541580959,53.57011067327755,-30.615304301256284,498.310882580579,-385.4549201961832,349.81493391090544,42.52046688813596,206.7542290428445,69.15758213992285,42.262091637205835,296.0479708423942,-180.0033379643591,-423.66105728894854,169.74477327459488,-171.33906541996825,-35.45760634961667,-498.83030617394195,-29.13763070075617,431.11531952464566,200.41823897163164,437.195735623432,-91.151755199384,353.5319865932072,430.6647589599807,-497.69285779120855,440.8842617456125,185.66557025063028,126.6081713282301,215.96709384492598,-355.81573510462715,40.6712903443692,210.5989503806601,7.001758195800326,486.91549878489985,252.02386611240112,202.4487772925267,-38.78267527768875,-499.9999841720875,482.68852585936935,-74.23263353340569,20.20477297960979,181.19407376129146,147.4976742570505,66.96870895930122,18.193916164928844,80.76306101350332,-46.31245507102931,3.390672204758855,241.16538894112554,1.7113407410807795,42.195008023466926,498.5370627476781,-120.36469546912302,229.26522647590787,294.6424414344429,341.97763817590777,54.02598940228273,130.01748498623414,147.44904520261872,433.43483896046007,296.97139698960086,356.86169074617186,491.184325565337,266.2982852285553,113.39302029167698,76.50451188345055,-176.655270317175,23.068742057962574,92.24351774211146,-170.09949880375754,158.9507563376282,-201.1185994227407,-20.492950826435393,2.8190987839683883,6.611824980415271,340.09541356230943,153.83568757081147,-253.96684691058897,499.9296115196463,499.99999999983834,104.14836908158685,-94.42170948380578,209.6552813829736,-16.86991923510715,-43.426821368534874,11.928920531387954,-71.91645588589886,-16.252940077003583,1.2483635312053718,352.29411841790994,129.9906073597299,156.27972405423847,-210.87463923023628,-73.95872719701643,72.21929451028997,-446.51406905847904,135.72250784536817,1.8373231970791464,-81.18725077640218,-497.77190391311825,-489.60970121067123,-39.75123851970957,-55.64298621899635,-146.17922749624455,-22.82917775755859,102.0758114802052,146.29063321503114,-25.484375628548353,19.287096543320903,-6.0758758025795565,12.894929346098651,-195.64131404332778,-304.93661524543234,226.47936963549955,-70.40190334345404,20.937654809352583,-2.9090640668474146,-81.40604711000381,-135.58775407982932,-23.01269943805573,48.02974017695606,100.2261498556245,-112.05982930042258,325.7545972828326,-126.76480062459389,282.68164445075513,11.73975019041725,-97.44130560092358,499.99997470386444,-2.5919271088941196,-6.865520664080378,38.88647583901339,142.81133575708245,-73.27917734341985,-41.98454621415981,-34.672949937442304,-151.80841117408147,165.12256916679155,130.11544402925992,-122.79927613460958,87.30246548366489,-26.422505589610207,-8.391175536076537,-176.46445286111586,-203.31780835153188,-28.062548042176182,-26.508527163244757,-1.9221087077746188,-227.9684974740533,-29.62663610428748,-109.77127192452986,85.34206804601408,18.441809794586273,-279.8678334166082,415.5414154390137,-29.542822978275577,-356.20200256859573,-2.6502520165180177,367.22552281659426,-452.5648677502062,26.686042476352796,326.34139678827324,-2.591927114103566,-461.2532542862165,-89.41025215134881,334.6591138054202,-357.8823812627031,440.05558505201327,-499.24249037987823,-499.9175303164428,6.2884303161243125,-54.80628915985226,-292.7755265635883,84.47867525813413,-317.8469843107133,-499.99998021846636,6.6777254132459,16.747401805316542,121.15312217055914,-497.32224197960215,-11.55737981303259,-255.70759997839482
99,-0.9688947206166623,-499.9999999997556,499.9884870691116,499.47180155357717,401.2275081589346,-1.454189076384544,124.37059112666333,255.39574324479807,9.820824707088757,-11.710931246370183,57.74715311283723,-113.10917246797405,320.45309702438055,-82.4665867292345,269.0727832832603,154.85086394077965,353.1111660565026,499.99983243375885,-15.77902952615497,264.6412364319185,166.2565013895424,500.0,24.418427253912295,53.65676448876154,-284.16722486395474,-116.59762604179707,275.28632792932905,-76.87004625224436,-242.34887949351094,-277.1792254727669,-4.551235150408649,-134.7716436995021,-89.11193666115713,-499.95219410876257,125.12371954136964,9.3177162788847,80.27311729091817,-276.90086984238724,-137.0284251220452,1.0316590288010488,-142.3794253782159,458.70134781465805,-309.6700607947027,-401.92872847185674,-369.99055308289707,-167.72731735982092,13.401737783985778,1.5705052789793486,84.13135009480287,325.991585852415,482.8827021892236,-183.5901050073326,305.103995153956,-235.41015144119694,-138.90416771121193,44.22882133541202,209.46361827603553,337.31099261931945,-43.70586532702789,374.41866101759916,-471.728469156195,-192.7197134918436,-324.47586910422103,-366.89703780976623,-260.1253435861208,417.7569990411839,-83.61399595097178,-167.45116742316844,-81.77099451007449,-12.186805723651695,344.49264362521404,-162.74496630454675,465.6829511106665,-442.1061465807265,330.52244599369124,-401.36802066061927,233.60904927780155,484.40302071361623,303.9378347504788,-40.450240491209996,47.122304918503175,307.5543584033304,-258.96914055597557,-182.4999634470999,-128.0914418123907,-221.0290302549437,-82.09845761351478,251.3680482226454,-273.87337725865655,-365.56105657228966,-45.98080853354604,13.131091024889743,-198.7569479954319,-105.08586070896716,-50.122577729239595,-215.66674179946358,78.85160236778752,382.86833309899384,63.94234458870546,-35.31784433324061,498.307315946422,-385.80600094042103,347.7942964552366,40.20763396432172,211.58918416942004,68.71948862256919,42.58603243355868,302.4055951619385,-179.0431079673377,-424.6627946848428,169.30695509855423,-171.7712212313749,-34.66840649640689,-498.91446903323293,-28.06805094700337,431.0930600106814,203.05486475093593,435.1876350330366,-89.48719113496729,355.2251793213096,430.6952607085364,-497.42938618257205,441.34895315470567,181.08452254149233,129.23705159602483,211.28596634024927,-356.4536419023523,39.82424089302316,217.12546731392712,5.851410704763851,486.98320256079353,249.2916820529523,204.71895967554312,-40.83452920020696,-499.99998848673056,481.95354140642286,-73.78826693727156,19.54512014087264,182.59570569782187,146.25592650295673,65.84101698012063,17.960950086170044,82.09229976132052,-45.25919625723591,3.420573152679412,241.62231563956692,1.8907936732267852,42.41982059167903,498.62455462424356,-119.76976550593365,229.4050416338061,294.95390228659556,342.4625851878817,56.48469572768848,134.14194482226893,147.52886495252898,433.04178833586417,299.9033543613124,355.9256602757537,491.31383735542715,268.2181422411048,113.41228510504274,76.17810231023462,-178.49534008598116,23.710083633791566,91.6134187357545,-172.08060413713963,159.3482859930422,-202.0383542788269,-20.078367757114997,7.316449166075907,1.5617590779664114,340.60159242901693,154.52645696388464,-251.24117551824466,499.9264057689009,499.9999999998237,103.9343396512777,-95.21979758244031,211.08530611722043,-16.33422739969005,-46.79408821103668,10.535845492363219,-71.22147490154724,-17.36679225194257,-1.716556809371702,354.3842783033515,130.0572728822335,156.5079226960651,-210.8831421531549,-75.26425071059856,72.12372031101857,-446.2730782519377,136.49660812973974,2.645334048187207,-82.63305248299625,-497.75945655511987,-489.58358182272895,-41.594146397429604,-56.577204120039774,-145.1621200064484,-23.111653228725164,102.71659179057102,146.50502499258988,-26.559979439639488,18.07364849917571,-6.138265635349349,11.805840921944435,-199.21817483796877,-304.12909600495385,229.94530602081437,-69.93295353580525,21.999301972245135,-3.8338810208376444,-83.24318213052598,-135.25322320603752,-22.554149861571414,47.589509988908134,100.83633925690893,-112.82732406618548,324.97969814167544,-129.2094397021916,281.5781909574071,10.917678069310615,-98.10502394892754,499.9999471621036,-2.4247686231825973,-6.977128357604843,36.37820816804041,143.9925603050025,-74.53087158445814,-46.718896951254706,-35.65501683817033,-151.2047866098912,167.20024038234425,132.64525958942963,-124.6238152047876,86.87008395825917,-27.32217050583404,-7.64487686276589,-177.40404137679354,-203.38668804812232,-27.928917632874793,-27.752563015601577,-3.6435236045744226,-227.57265867121683,-29.72843647226947,-108.17587242057934,82.94781143839566,18.205518344155564,-279.86614060784535,419.4449234602961,-30.44473466557099,-357.71847312495464,-1.8103985969532088,373.4855286367614,-452.5295940915881,26.911789979607804,334.6123543677578,-2.4247686280500993,-461.3159563079568,-91.27223661338832,335.1977675686625,-358.19772443639096,440.33199073590026,-499.2496158905544,-499.91920478748807,7.290854123073084,-55.96781448514134,-294.1390751827077,82.81677393613542,-319.2128656054739,-499.9999802967209,6.967605980535921,18.386098199669178,116.40209468763781,-497.33342709350876,-9.294036186798001,-256.08812957357964
100,-0.9064079237195322,-499.9999999997509,499.9885497602425,499.2867523283213,400.8742990221604,-1.3604045221168195,115.77771768234301,253.16762668723365,5.726527323329477,-13.992371909594162,56.855013894550474,-113.72760051162159,321.2831542647851,-82.69545852007349,265.24313619747835,152.32609863714333,353.70897952065894,499.9998436289686,-24.088236622098673,206.15291681685787,163.75011102264472,500.0,23.742942257594564,51.41023105768546,-282.3526989277836,-115.256248376876,275.3593175703875,-75.68326693436588,-245.47730658214923,-277.4743761843228,-4.43469848339075,-135.00084992788751,-88.51699939430557,-499.9522592408326,122.24104054079554,8.791226441391066,79.17432340364358,-277.4179507322868,-139.45034521990442,1.0917598584967652,-140.9193502959611,457.8728624077466,-310.2935348741106,-402.15964926178947,-370.2998314566746,-165.85004130238303,13.446534358155755,1.4980845900514155,84.93068906176795,330.5955238613105,482.96703761655107,-184.21836910281723,305.1651465395994,-236.15580335757915,-136.79075615265535,44.22664747135979,208.79434074926436,342.7403116723825,-43.74646089463988,373.2529734634051,-471.59541615010164,-191.99554001105642,-319.4084434640775,-366.53227408768015,-259.70394395784007,417.06298523055796,-82.87211544013894,-166.9839992451384,-117.24382587630113,-9.279412134330116,345.520582381528,-162.52695235149253,464.5740726309359,-442.14717975046943,329.89449357319734,-402.3836124999738,232.9573755674456,484.1874145091646,310.96833839305225,-42.382272514090246,48.53851212825579,308.22292725304953,-259.3696704279565,-182.05279881597647,-129.32358625545874,-220.57734147695209,-84.23548429860865,249.44745999805428,-272.85327995803834,-366.39416190105726,-45.984949115238706,11.75242577620811,-200.5708650076731,-105.76810074531406,-50.23734672498722,-207.3365902670669,79.68124820458144,381.6794383778658,75.49240120958216,-40.1202031763727,498.3002741251344,-386.1436940189684,345.7548224801553,37.722940020707746,216.2848587967983,68.22163370008197,42.840250675662574,307.23436377058005,-178.06017877199608,-425.57374069425776,168.545540624793,-172.16345443272414,-33.85030309241837,-498.98402781499817,-26.99590002105573,430.6977197901062,205.49362902794064,433.0323491553889,-88.10455575491711,356.64304622576304,430.77951028967885,-497.13107555004086,441.7333597113294,176.56141742607494,131.6309485438117,206.60069917699505,-357.00577391578736,38.8293109254348,222.85295819894756,4.6654808507389145,487.0471714891457,246.55382512778405,206.8331304007997,-42.744262978892905,-499.9999914800829,481.2146812866792,-73.29034297338394,19.17653303486754,183.89399558054657,144.9856637455479,64.67698587811914,17.709082425965867,83.37686079215794,-44.35128886169276,3.3202148081195793,242.05489221217263,2.0659166945636653,42.6043896565116,498.70272165322683,-119.31351694076545,229.45121650872773,295.2009335612795,342.7866390458089,58.66697505350073,138.0738060557585,147.33380283991173,432.66110274958464,302.57246604576557,354.6838738639922,491.40668886625997,270.05588900871135,113.42689316080114,75.75379674963234,-180.25075002263176,24.492232357159388,91.04266545652011,-173.93523632404958,159.7208988797532,-202.54737592824804,-19.56615758335246,12.517935330165036,-3.594178125082279,340.9032170633196,155.16544225298657,-248.37428091438073,499.9222325183687,499.9999999998004,103.71650978650652,-95.98927191416301,212.16711931615632,-15.843191544212921,-50.6356401065572,9.176701402712764,-70.62096905515526,-18.385713270282746,-4.884034447215341,356.3081011249474,130.0532530361299,156.4955636774573,-210.7655639479368,-76.65585187049435,72.01858007014845,-446.0573389216192,137.07799024643404,3.416333578212469,-84.0556540180915,-497.74638131194916,-489.5620933547843,-43.38124417365273,-57.42693081346337,-144.09661809678383,-23.389911872053684,103.14235541135929,146.5711864147821,-27.62253011582449,16.92941837204,-6.199314523085641,10.72729157036482,-202.62750631368536,-303.56682826390096,233.2027671519545,-69.33630323168627,22.944183221856793,-4.752599088782194,-84.99309426676265,-134.80295460862519,-22.12658447082568,47.102855712659114,101.37041853632054,-113.56042264324782,324.2351121643248,-131.53709914651017,280.54813607888013,10.141451401492924,-98.70696369776171,499.9998879387365,-2.2683902118259747,-7.099695932638364,33.90946618785014,145.01806088741276,-75.72750716715272,-51.25724364827245,-36.59402494304492,-150.58740322780415,169.2474657058064,135.27726678682248,-126.35345774749845,86.43699700360605,-28.15487554499301,-6.856128057718163,-178.13024132908782,-203.3513212467731,-27.828563931137367,-29.085750977377874,-5.348633274241438,-226.96059266643394,-29.82506659462146,-106.4456911697181,80.7917934878841,17.934157407099455,-279.69380680026273,423.1461583042848,-31.332127830977498,-359.2229979616488,-1.031971601277081,379.3475338106294,-452.50088687032155,27.125860661242772,342.39184823094917,-2.268390216395182,-461.1286081856296,-93.14768149654496,335.6968656008537,-358.5392372314962,440.58959890062533,-499.2599441886385,-499.9207775759216,8.203951583685097,-57.29584233334263,-295.5912942993153,80.7085227030534,-320.92701735398066,-499.9999803715971,7.258731265441479,20.06782428187696,109.8998104499271,-497.34718855089073,-7.076692537936222,-256.0472162582138
101,-0.8479513145647508,-499.9999999997451,499.9886104096784,499.0485319100463,400.5595147913802,-1.2726687071776213,107.75832184563025,250.97937238665247,1.9312795675780845,-16.265710538556124,55.986976308875064,-114.45842226924829,321.9264402416769,-82.97266039037015,261.5184808947444,149.82634991676676,354.26790334482143,499.9998554062764,-32.0422876743075,142.4525631514324,161.4335646413093,500.0,23.129662140881933,49.36291535358045,-280.6661635058229,-113.99395381277532,275.32694938803826,-74.2175035747024,-248.49347839789857,-277.91938113844816,-4.307354464529578,-135.39806905988823,-87.9961189463977,-499.95232120916825,119.8462315588105,8.276743814457527,77.89626892074774,-277.9205571474115,-141.67886018958296,1.1508224284585233,-139.22495559314356,456.97974395666915,-310.8768648008096,-402.3828773251775,-370.67477477724276,-163.79629255806205,13.461853021005883,1.422343661031384,85.71243610022773,335.0105169796123,483.0552667979636,-184.68848153358,304.7947126240251,-236.85898205050114,-134.73119600420773,44.20892210422694,207.60335110440656,347.8540664895383,-43.75938333391464,372.35059602038564,-471.46818565352544,-191.0172843753074,-314.3592800432821,-366.1414436670451,-259.29642482355433,416.2732488880169,-82.0598876405549,-166.2818982649111,-149.40904137347596,-6.46919872266869,346.41431620458957,-162.29557507315957,463.72189289286166,-442.1493424347272,328.7993685641988,-403.2973360156961,232.22141724510396,483.9691316417452,317.33786317278606,-44.318868399800515,49.57896243748189,309.3594897572131,-259.8158657871525,-181.63001028604103,-130.5154151156522,-220.10292336556802,-86.30849466826163,247.52239514283812,-271.775714352608,-367.1259599643005,-45.96131229011951,10.380178813887984,-202.30831670850685,-106.43909383096484,-50.37155861404789,-199.40973275146965,80.41460071677317,380.39683638806594,87.3314249449304,-45.048255302246176,498.2885388621845,-386.4731946843895,343.67389661445253,35.040722418934706,220.83716148167915,67.69231296641107,43.017306825737464,310.6552419172178,-177.069404252211,-426.4225735299383,167.32782561888297,-172.5225126590662,-33.02347226244184,-499.0414756595747,-25.93102465368136,429.8348537299501,207.72288722415828,430.69064964580974,-86.96543096145534,357.7124274830231,430.9096532328441,-496.79342236920064,442.0077502590577,172.0795262675836,133.77849344556122,201.86201481432508,-357.5179241541241,37.64104616718097,227.6308410277711,3.4215789904340657,487.10693273318975,243.7733108231779,208.72671665498362,-44.57672981342377,-499.99999359322703,480.47227048642907,-72.74874808368796,18.88752724983399,185.11622736758295,143.65808123064144,63.46846427380916,17.441724191112137,84.61935482869592,-43.545942973305316,3.1117257869174053,242.46773253737817,2.2405498381480236,42.74227011930462,498.77235323319485,-119.05168898504733,229.4188101425064,295.4345679481807,342.9810773762068,60.52911212129139,141.789142724692,146.83327280590638,432.2870649407922,304.93765136009563,353.08519753966937,491.46098941223465,271.81810307047107,113.44692921968637,75.22980432823046,-181.92374113663664,25.44481218627585,90.53641804744146,-175.67861404900714,160.07764203134758,-202.66947959881583,-18.954036757872597,18.434239495013337,-8.817078195012757,341.03771975446045,155.76261861233968,-245.36881944606668,499.91683186402497,499.9999999997644,103.49895990582195,-96.7396572671094,212.97430629499743,-15.39784639119916,-54.72678754560559,7.857158299371829,-70.07934918722333,-19.30180928730621,-8.188509470951061,358.09276927202865,129.98093002265074,156.30628851531733,-210.53848187330934,-78.11642642804972,71.91615703413838,-445.86019318457494,137.51709323252118,4.165477526245065,-85.43722706823127,-497.732363739338,-489.5442176077729,-45.11474585800743,-58.18600394880399,-142.97603688893125,-23.651781691545118,103.40381839545411,146.53137708267735,-28.660722206895407,15.854429217490223,-6.2580657199362015,9.675491504076048,-205.87724377680607,-303.28927352630274,236.21534317149099,-68.59849042437403,23.806499631688233,-5.647817509990637,-86.6574262426137,-134.24371297944734,-21.714546265183344,46.59384432743228,101.8588499934239,-114.25002545853974,323.53156104841696,-133.7461482978342,279.59939043567465,9.398024103100546,-99.2389096846423,499.9997587227944,-2.122097342725183,-7.23775713205761,31.49913988424329,145.91132127423478,-76.86190334536987,-55.60672811341588,-37.49100580169154,-149.9484166907888,171.28530481281948,138.01714108887916,-127.98385815369106,86.0159636571467,-28.926896814036382,-6.018967729937833,-178.6483617337667,-203.22779516745786,-27.7715171139221,-30.519837488738194,-7.021104938208726,-226.16317654762523,-29.93237790164107,-104.58497579974903,78.8851984715314,17.65593726363331,-279.37000372931624,426.6554052517597,-32.199041828526504,-360.70207089178064,-0.3252907093804021,384.82409765894243,-452.48004293057943,27.313199796760834,349.6965451017564,-2.1220973469960938,-460.70142511897035,-95.02497545551213,336.16082464591096,-358.92251602662986,440.8300442377889,-499.27275116413347,-499.92225624248863,9.028780343001536,-58.82868169917279,-297.0710478663944,78.09333693867997,-322.93565810098295,-499.99998044325247,7.542696664861944,21.784810253062336,101.42894505410476,-497.36217557128845,-4.8948425277834495,-255.61023672838525
102,-0.7932648012626463,-499.9999999997381,499.9886684355769,498.7454826619719,400.27564814259,-1.1905912793172333,100.33808515642471,248.8358604882747,-1.5617253277422027,-18.528749011994456,55.139714334038736,-115.3036698459073,322.3472758892849,-83.29306831572413,257.89139069686075,147.35920453357681,354.7885002698648,499.99986751107275,-39.63240192918776,75.88035926861731,159.30633414392577,500.0,22.579558258064267,47.4740309805418,-279.1052517194779,-112.81780092623401,275.1819193747188,-72.64008151608529,-251.40091272033993,-278.54261152073957,-4.169593350047765,-135.99847693009607,-87.55497477718333,-499.95238016405784,117.95966751034815,7.753258995557948,76.49638567644458,-278.41244416247656,-143.7210990107667,1.2063472608968648,-137.31778326985946,456.0075377861476,-311.42402322076845,-402.6005235657262,-371.0970752496385,-161.62986338936668,13.439721608723076,1.3563909606197746,86.47582561770264,339.23516518456245,483.1434720383374,-185.0034341258907,303.9235714232868,-237.52664888169156,-132.73691352161666,44.192897827956514,205.83296353851833,352.6528694658729,-43.74695010220066,371.7274807444371,-471.3476838695951,-189.7871902156132,-309.3378856187829,-365.726959777301,-258.9024384923463,415.356436794128,-81.1840581010869,-165.3413305488423,-178.4281430000667,-3.786638057439243,347.12743421447664,-162.05327935411515,463.1600236991616,-442.1439982651494,327.1474985282022,-404.1467138422979,231.36913206988103,483.7485261043397,323.0115408770552,-46.26564786874915,50.184403308273744,310.69457914363187,-260.40161508288935,-181.2242580405857,-131.67208467844898,-219.61065450640731,-88.32406227728404,245.59613725134489,-270.6534704413994,-367.80330421992426,-45.898781009401866,9.020154030068632,-203.97559230808267,-107.0982286089722,-50.52713539985556,-191.87985839658347,81.08521415069667,379.0358834571935,99.05785045894766,-50.116289105572584,498.2709205795571,-386.7953000941753,341.5336724475086,32.146134654763024,225.2463699827148,67.15373054186063,43.118454738782475,312.80922913466196,-176.08269862238365,-427.22020000753344,165.5632499178486,-172.85042352410815,-32.18885616747195,-499.08876827367874,-24.873363165008282,428.4186411927427,209.73926894973567,428.1281989110042,-86.04060246451448,358.3679360747834,431.0787602657005,-496.41135476972335,442.1443245226416,167.63071516298044,135.67400889930795,197.0332247795456,-358.00300779107977,36.230409060847464,231.36354796198037,2.105747281303283,487.16232053724474,240.92576692855158,210.34596225124116,-46.354117112253476,-499.99999510947885,479.7269094652584,-72.1690809788704,18.67703760294968,186.28455820752316,142.2545613405936,62.213619647580195,17.163955014292256,85.82854953942189,-42.80251132257638,2.817562785128894,242.8700447302095,2.4200961760011497,42.83289766505391,498.8342103448198,-119.03629235624183,229.32283218040624,295.69820747960284,343.0728467860009,62.04441876050237,145.27440721329623,146.01822442561348,431.91599396513504,306.9675995378873,351.0825575092801,491.47503138833247,273.5160456305276,113.48137585115596,74.61120521598438,-183.52843644400548,26.54927578699245,90.09241926320517,-177.34167820688532,160.42998403845073,-202.49249945693148,-18.260450734847346,24.99162044888421,-14.044675499753877,341.0385004782446,156.3334518533928,-242.2352360596367,499.9098851513634,499.9999999997084,103.28556737832696,-97.46923509261214,213.5690776660739,-15.001352175249947,-58.80852802783905,6.58767177926474,-69.56333044602853,-20.11011202068131,-11.536266145277166,359.7643891802323,129.84206982798125,155.99379308974258,-210.21319553831347,-79.6315612712753,71.83010010541949,-445.6751755710709,137.86115796331865,4.906111618563506,-86.75599869082048,-497.717017856112,-489.52891111402977,-46.79758997409013,-58.847542347313926,-141.79466256698967,-23.88549252955656,103.54791404492094,146.4234049185472,-29.660244508533147,14.849444720304929,-6.314047967240508,8.668282380859756,-208.97587944646082,-303.3240595701381,238.95727366589978,-67.71302617893156,24.61910062408863,-6.50448095060512,-88.23747897588561,-133.58418335970532,-21.30382918648828,46.083647069751024,102.32851930882323,-114.88786989520678,322.8850769646949,-135.83498756327612,278.7453794314887,8.68069206250869,-99.6957568237687,499.999473429332,-1.9852391973203984,-7.383507242239732,29.161961889829392,146.69466524067593,-77.92810271105068,-59.775988500086264,-38.34630187036397,-149.28127909498008,173.32952065347345,140.8637711867326,-129.5093363780074,85.61989120679353,-29.64431273869949,-5.129383711606242,-178.96809486979626,-203.03418051280613,-27.7641945169979,-32.05567320719522,-8.643754060704506,-225.21676158379938,-30.059808065918734,-102.60194888239603,77.22944895751284,17.398357886444458,-278.91616610779863,429.9832002406796,-33.03787140125307,-362.1444935696471,0.30099652539121247,389.9319517233695,-452.46719272507056,27.46633898722008,356.5463750799009,-1.985239201314836,-460.0461206974666,-96.89465679882079,336.5955106955933,-359.35989557579086,441.05554802867266,-499.28727334003526,-499.92364767090623,9.771623943273859,-60.59132104709253,-298.51411252646494,74.93255305065638,-325.17756658948565,-499.9999805118363,7.824961089219571,23.53960877579742,90.82076517603893,-497.37661721353055,-2.7376026947276113,-254.80004802866952
103,-0.7421054077799452,-499.9999999997298,499.9887234249787,498.36433848191166,400.0201194736191,-1.1138075726360175,93.50810128624043,246.74047993198815,-4.7618389077138445,-20.775146660758086,54.31126073432964,-116.10027418505815,322.5204320950779,-83.64788087197222,254.36540695947818,144.94305444065228,355.2737524230589,499.9998797107264,-46.76702289790507,9.046398016746819,157.38246376142172,500.0,22.092301897671796,45.81800565086288,-277.6576311043669,-111.72206737185971,274.92644954649654,-70.91936065035951,-254.20045356477544,-279.3545380467571,-4.0206139452999174,-136.8171887243744,-87.19093264378282,-499.9524362483579,116.64104543037222,7.207031828411394,75.01491433632444,-278.8946638738083,-145.56591212700792,1.2581303178631709,-135.2337229490264,454.9449460353245,-311.93849857129464,-402.81383464629175,-371.5513147506506,-159.3693115989002,13.381673967817438,1.307109229742089,87.22017425098885,343.27121023031475,483.22916920690886,-185.1796821587132,302.50817556702964,-238.16138299725608,-130.8094359148389,44.19135801832207,203.4671317358587,357.14377788271594,-43.707327237616816,371.3994309947961,-471.2344814937727,-188.32786637719565,-304.35035550358504,-365.29032891427295,-258.5198359417805,414.2870056221284,-80.25187023273054,-164.1853625908836,-204.5156131845466,-1.2408702015345554,347.62389945516634,-161.80192401589687,462.9160268046477,-442.146564204667,324.87646336063585,-404.94614618002817,230.38045555969092,483.52623077936937,327.979631645513,-48.22362566373373,50.32541447483452,312.109632400708,-261.17218641060293,-180.82890589614,-132.7941631019152,-219.10662171674687,-90.28633450276715,243.67635521892765,-269.49373026897314,-368.4426213502796,-45.78478314638141,7.677401400104119,-205.57491228339234,-107.74525839769487,-50.7028785092444,-184.72227744180555,81.71780110871472,377.61195417869953,110.518694696584,-55.32684315830195,498.2464208645663,-387.1083042886479,339.3226228088474,29.033862221093642,229.51427422675238,66.61858922018135,43.148723773486346,313.84660057932865,-175.1113531902049,-427.97357157001676,163.2191348923187,-173.1468041607131,-31.34548690007799,-499.12745123317103,-23.822502705720886,426.3809423695626,211.54638055072988,425.3189423249887,-85.3072147703288,358.5612810213366,431.2822925820046,-495.97917131664474,442.1204710448747,163.21446840392372,137.31539503028398,192.08939857862575,-358.4687514318601,34.585535888450984,234.02032499115117,0.7088916967446777,487.2134214493388,237.99751218995215,211.66184028549887,-48.07614107031898,-499.9999962141394,478.97950804294055,-71.55744831674177,18.54707605048088,187.40985236064742,140.76523985009123,60.91308242040295,16.882359132398157,87.01203904468161,-42.0885239397374,2.457328866234456,243.2688071477663,2.611132535039025,42.87891346917494,498.8890552296967,-119.3082193361029,229.17284517737573,296.02656071367966,343.08031620237495,63.20422240513404,148.52467670314576,144.90444277470843,431.54610401769,308.6459836020854,348.63422886899593,491.4474560705022,275.15852064885763,113.53193188967333,73.90780424169382,-185.08578173055443,27.754581575649652,89.6998567368487,-178.95992790902727,160.7855791718528,-202.1281664259772,-17.517512083923425,32.04222258288306,-19.216042689407274,340.93024660286,156.890048329571,-238.98899806412535,499.9010051632027,499.99999999962034,103.0746944271787,-98.173841300541,213.9955944047838,-14.65720051254884,-62.69627832203083,5.3748290181239,-69.0567091971338,-20.813003283604363,-14.845187778530327,361.3423791960005,129.63906201334208,155.59517976326796,-209.80134929230107,-81.1905601234854,71.76800126128596,-445.496794033892,138.1456700101556,5.643671028852497,-87.99703755949105,-497.6999437993322,-489.51519113982647,-48.4325761324993,-59.41251573655332,-140.5499371222991,-24.086232266144847,103.60974541900332,146.2734738812704,-30.611971243823824,13.91315806550061,-6.36665485947312,7.716412945661898,-211.931754190728,-303.68415223391884,241.41540171505582,-66.68712682797245,25.40696668898441,-7.315177956246647,-89.73478692868778,-132.83511533466987,-20.88667920046643,45.58526395223635,102.7961182175221,-115.47180600187845,322.30676192325774,-137.80293316274586,277.9938887522678,7.9881577755077045,-100.07959722513965,499.99883810115426,-1.8572077745128874,-7.528651231741072,26.90450564676477,147.38263105659638,-78.92718644337809,-63.772230178483184,-39.160548898079234,-148.5862514247246,175.3844379427971,143.8049365702411,-130.93038903496634,85.25539171148846,-30.313323193372383,-4.189830656416785,-179.1076502723108,-202.78951449194145,-27.81099002146697,-33.688460824937856,-10.206878830606051,-224.16038192720296,-30.21247836470658,-100.5122630200308,75.81261198742088,17.177051920765578,-278.3547172367345,433.1385536228744,-33.846824213239415,-363.54242051956356,0.8391519403982124,394.69078028755075,-452.46171603337956,27.58275634693704,362.963646380821,-1.8572077782526781,-459.17706930352364,-98.75170948958669,337.0077589070184,-359.85902407557757,441.2687531502383,-499.30279261040954,-499.924958133051,10.439405132530744,-62.59637147111337,-299.8588466277959,71.20651382727469,-327.5937901755337,-499.9999805774901,8.111508354410942,25.328479337151826,77.97617098466795,-497.3882962650068,-0.5977042457455835,-253.64734209704253
104,-0.6942449807872816,-499.9999999997202,499.98877518130223,497.8902123777185,399.87976735766193,-1.0419751662612153,87.47382291361572,244.756356613069,-7.610426259008778,-22.992699283923468,53.5042526331367,-113.89686440475285,322.4394613497882,-84.01786740129653,251.1024512940704,142.7792054997762,355.7272575269171,499.99989179873353,-51.93179191431791,-55.57494299903243,155.92031430892285,500.0,21.668684741718533,45.999031003337926,-276.2999806713652,-110.6583626891356,274.5908470228423,-67.54060558225426,-256.8431520624034,-280.3310263205817,-3.858592570349848,-137.84178656969877,-86.87503162855279,-499.9524895983228,117.34580894916651,6.69654686857626,73.48121757860208,-279.3642071036271,-146.76640960687658,1.307977207614121,-133.0019602121568,453.78502538269873,-312.4210418039891,-403.0233245884698,-372.0257005062481,-156.81025230076384,13.305494776541718,1.2841767664206392,87.94487236710053,347.1229325137856,483.3134153046212,-185.24122571563265,300.53523042492236,-238.7503384184527,-128.94396020787897,44.244357038842274,200.53016199227574,361.3393489788599,-43.5992016692767,371.3807256344911,-471.1288417734408,-186.65395031721255,-299.40117561026454,-364.83308295104024,-258.1425545815071,413.0477457156332,-79.23687616454747,-162.85321055192435,-227.9149367321265,1.1649057543113062,347.8787328266834,-161.54253746031284,463.008934366808,-442.1663858055916,321.9559578422992,-405.7036996930373,229.2460912999582,483.3031255507185,332.25612557404065,-50.15878632803063,50.00044643723631,313.54598376869666,-262.14782051330525,-180.4381421068553,-133.87724858553736,-218.5966983116718,-92.19541718662221,241.77214549781132,-268.2892853691515,-369.0526521884695,-45.60438066556406,6.35624566451445,-207.10396143422275,-108.3737598941871,-50.89228482538331,-177.8990821463821,82.33313958874521,376.1402931705637,121.64828866774732,-60.66856858135774,498.2143182830041,-387.40947090327813,337.0349121718641,25.711626340841637,233.64316331314814,66.09740953559496,43.12723612851062,313.91794151956987,-174.1626987287222,-428.6873694202541,160.3269481880402,-173.40818614526478,-30.48046457125264,-499.1587572232439,-22.765851254242786,423.6748614512588,213.1546276480817,422.24764910580035,-84.74199527672043,358.2654575555337,431.52011040574,-495.4904867879812,441.9206793029512,158.8361658850909,138.70840312335798,187.01792530221968,-358.91927685905154,32.71459589515768,235.62340238387452,-0.7756155387263947,487.2605723078725,234.9834851227084,212.66129035357253,-49.74717035968264,-499.9999970305154,478.231222740923,-70.9159808845654,18.48828045213483,188.4989300307911,139.20017261273875,59.57476838042113,16.605506570809432,88.18573393033499,-41.37627469311643,2.0491445696763595,243.6744401985146,2.821703672831326,42.899396213117086,498.93767366433286,-119.89152329254073,228.9773803359155,296.4470155597111,343.0167811318882,64.01594078382293,151.5427023874847,143.68723496807513,431.17719093849104,309.97293488588576,345.7086676520543,491.3773953034236,276.7536202105742,113.59948452986838,73.16312113564067,-186.61441417955967,29.0093521481812,89.35459123859646,-180.55849393288142,161.16085086802633,-201.67022021761125,-16.75321554113255,39.415615773914084,-24.282335723636667,340.7318526404395,157.44666199293758,-235.64537207161143,499.8897228230196,499.99999999947886,102.86861793091865,-98.84797687994278,214.28632128176608,-14.365997949309651,-66.30674007598971,4.228060357643795,-68.55995239267716,-21.411485998211003,-18.051797886074684,362.8406334853955,129.37721200992928,155.13787305109278,-209.3153519404965,-82.78515448109428,71.74264442827611,-445.3201668776201,138.39756026164713,6.384978246840711,-89.15527619932695,-497.6807394275903,-489.5021756894301,-50.021010253436366,-59.882220815800736,-139.24276549120034,-24.246032546322603,103.61714259890172,146.10364555813942,-31.504777658599554,13.042802587077777,-6.414444209620039,6.8364883384039645,-214.75241174478407,-304.3671328391252,243.58402068075614,-65.52412721540684,26.19284154698648,-8.067569800224875,-91.15106247019699,-132.0074367351207,-20.452237736412513,45.11327582049278,103.27386977592948,-115.99559224225959,321.80176579438165,-139.6489955290335,277.34621154299435,7.3218221450663235,-100.3904869031564,499.99741601380015,-1.7374321548133689,-7.668486077306723,24.735798725843868,147.98623574313902,-79.85947523671199,-67.60445895914481,-39.932434990380926,-147.86339557327983,177.44791529984306,146.82436153148723,-132.2476693551784,84.93441985070339,-30.939409152170057,-3.1931675496628746,-179.08658621038217,-202.51189660828646,-27.907923783116292,-35.40268863210875,-11.702314946667824,-223.0326980743078,-30.384393312961482,-98.32970166921996,74.62207862250366,16.998386472579902,-277.7066047180749,436.1290170243487,-34.62445833891693,-364.8893887999223,1.2894877025753506,399.12215856489314,-452.46250152247455,27.665607264090397,368.9721404771741,-1.7374321583130625,-458.1091988414443,-100.59019021610925,337.40492806841337,-360.4224655398611,441.4725167090154,-499.3186426386101,-499.9261933613326,11.04708031657854,-64.84075130452669,-301.0411577103761,66.91789153486647,-330.13100137629823,-499.99998064034827,8.405959179086247,27.140428750953422,62.88513309333389,-497.39432327284715,1.5298305416209168,-252.18954592370036
105,-0.6494712002612584,-499.99999999970925,499.98882374858516,497.3065943263498,399.9820872824141,-0.9747754014656457,82.47901896613432,243.04235110821617,-9.871961129307708,-25.153771460056227,52.72583700134582,-107.65038073391321,322.13819021289265,-84.36127737850498,248.27317117844416,141.0770381775455,356.15309156180024,499.99990356590996,-55.24069042643371,-115.98782218110688,155.27883002338194,500.0,21.31275073117996,48.056784842701475,-274.997673311577,-109.58588262094771,274.2547018843401,-62.8607741488237,-259.2328070048241,-281.4045739586969,-3.6781271063412344,-139.0167070195386,-86.55679820433335,-499.9525403432176,120.29852769212857,6.417290903236841,71.9182211793386,-279.80980884545136,-147.0662795706397,1.3623736478548678,-130.67686430716927,452.5265094078855,-312.87113547646385,-403.2288743668014,-372.5115303557613,-154.10323630137248,13.246775318698193,1.2986656114643413,88.64930035202127,350.79694478251014,483.3965337946317,-185.2196857487507,298.03204448174534,-239.29585476816825,-127.12302710819893,44.375685116642906,197.08702700702585,365.2578330597148,-43.39750731737719,371.68312649480106,-471.03067165137446,-184.81860112239505,-294.490590521355,-364.3562400377999,-257.7602074844611,411.63316940190066,-78.13138767386141,-161.3986269139027,-248.8777773859594,3.434883154062179,347.88101182645687,-161.27408199350396,463.44677568299386,-442.2089674160842,318.39574623499317,-406.42417642377046,227.96849515279345,483.0804879778553,335.8808165159838,-52.02163809692848,49.237683355455,314.9770220347731,-263.3260549421543,-180.0442209410185,-134.9077207520246,-218.0852529041087,-94.05152072508847,239.88931865471758,-267.05386022330845,-369.6377893763642,-45.33850079411109,5.06038098504888,-208.55666585510593,-108.96838099080387,-51.08555196105472,-171.36378134699694,82.95032201679054,374.6357817851215,132.42318752420863,-66.11114914480555,498.1742956736553,-387.69599254006994,334.66950415892796,22.206082674671535,237.6358668065697,65.60265967112522,43.07907864045122,313.1660577315506,-173.24153538057107,-429.3651172769152,156.99629950618387,-173.62532937747048,-29.578978279957262,-499.1836804426241,-21.688408129789785,420.2825551796033,214.58306767893777,418.9140919856595,-84.31665747610194,357.4812326804773,431.79578398672953,-494.93818373249036,441.53937151261755,154.5081095226917,139.87402505675774,181.8189923138605,-359.35649015890687,30.650198591529342,236.24924228714258,-2.3522152537465404,487.3045492550494,231.8854829818139,213.3497773496311,-51.3642422199714,-499.99999764196383,477.483559328926,-70.23694369417969,18.500614278651923,189.5617841508123,137.58819433765274,58.217016253214254,16.34507960292101,89.37028329089866,-40.640059610206634,1.6131297973218102,244.10325772541478,3.062195600622056,42.928925921828494,498.9809409919594,-120.78475910368378,228.74755688474474,296.98078228644374,342.89442241255813,64.50531812329625,154.33994714051616,142.5508323847269,430.8102428194473,310.9697867482526,342.29295897600736,491.2649554593911,278.3121005764122,113.6894041520128,72.44455686652108,-188.12519647246367,30.282756934954822,89.06273029909131,-182.14544904582831,161.5738619813347,-201.1757518290387,-15.980996162995051,46.96492702440349,-29.20811555467475,340.4592044157605,158.01897800096833,-232.21707462164332,499.87549701278624,499.99999999924586,102.67411386368607,-99.4807944470452,214.46780424376686,-14.12029631586966,-69.63835512613676,3.162176493209679,-68.08420905510789,-21.909257128993183,-21.11691872295457,364.2705654848739,129.07104520000456,154.64428583450942,-208.76725311207932,-84.40928762242397,71.76883491570584,-445.14028415900674,138.63902210671898,7.135529117727734,-90.23394548808574,-497.6589583544636,-489.48906066986456,-51.55911412382891,-60.2546345278477,-137.87845233819144,-24.35532004611176,103.59505678963987,145.9324820007574,-32.32327775539958,12.235428701344775,-6.45364634106365,6.042936050047112,-217.443379717978,-305.3501379625402,245.46596380772397,-64.22267212289272,26.999658329120322,-8.751069581156926,-92.4879957932816,-131.11144663177262,-19.99043475942021,44.681763398860745,103.77293501932024,-116.45267455653692,321.3712585396983,-141.37003160483943,276.7995003509442,6.686439227840938,-100.62948198927802,499.9942279869382,-1.6253810320472115,-7.79871282266761,22.66409977416679,148.51662250203586,-80.72402068079384,-71.28102961910349,-40.655268804358585,-147.11223451461566,179.5162738605195,149.90723950221746,-133.46017350405106,84.67126235054072,-31.52486945793672,-2.133693706267543,-178.92477520770993,-202.21689786713267,-28.038487247721825,-37.166601353671886,-13.122288682533146,-221.87091106338121,-30.553519214907833,-96.06608670771632,73.64259350987679,16.86512520627052,-276.9891688913313,438.9617007305107,-35.3644874419917,-366.1785135995271,1.6659777828549587,403.24939792054613,-452.46756286340684,27.730040989075814,374.59669642649425,-1.6253810352995302,-456.85658616698663,-102.40165955178861,337.79461185366677,-361.0457247974598,441.6697812919909,-499.3341715337012,-499.9273585888587,11.618616379704408,-67.29163794287082,-301.98231022481724,62.10814182721697,-332.74245761473634,-499.9999807005381,8.714106057288454,28.962665358701077,45.65747312693692,-497.39045724748246,3.651463796755902,-250.46550079277273
106,-0.6075850011426108,-499.99999999969674,499.9888693015362,496.5952816736433,400.20029526664894,-0.911909512318673,78.06102142208914,241.4930337946226,-11.618278857770413,-27.255252646752215,51.961312666679866,-100.65097691477067,321.64972978976107,-84.67458555285496,245.6226533288557,139.56060619373247,356.5492312767436,499.99991476307105,-58.17210705837196,-170.86141556763928,155.07914008160398,500.0,21.010967275877906,50.35328831757295,-273.74471216258615,-108.54858130734227,273.91682759347566,-58.23666315299311,-261.46151485591383,-282.55774608404914,-3.4790670547272713,-140.29699712821932,-86.26225328472695,-499.95258860625455,123.69513889296094,6.313139671221936,70.33613565472385,-280.23074870526983,-147.1313259665158,1.421599841385827,-128.32849736293667,451.1708162929456,-313.29667526525816,-403.4302134630076,-373.0027757411902,-151.4105339338436,13.196450570072408,1.3423238086985576,89.33288264111182,354.30109242161933,483.4722143842049,-185.15208712410563,295.05356997159925,-239.8158713979611,-125.34576094319974,44.54164122413072,193.22566602565337,368.92089431307727,-43.156365421250484,372.3129655810412,-470.93955872878445,-182.91290002476833,-289.62087048762584,-363.86312831002033,-257.3746675693294,410.0479968538938,-77.00410732902175,-159.88102800420876,-267.6516664962897,5.57858137314407,347.63311610936654,-160.99582697540706,464.22498969476067,-442.2773085938986,314.2350672309848,-407.111007147666,226.55621281351569,482.8590011494742,338.9117773452977,-53.85345165074639,48.08317305235848,316.3874758940628,-264.68926567146394,-179.64453649773995,-135.89087914478216,-217.58170063709787,-95.86794422128263,238.02668065889677,-265.8227125942547,-370.2005215079334,-44.96177030148831,3.79287478673221,-209.93983288389055,-109.53227327704653,-51.28867016296199,-165.08061473168578,83.57791654183666,373.1055516070488,142.83388175420447,-71.6004396796561,498.12639513362006,-387.9682923395546,332.2268756737453,18.574675277565024,241.49552255621583,65.14293845720621,42.99409429697727,311.7123409912287,-172.35843969400187,-430.0096544455873,153.3636037692193,-173.7960907851148,-28.668278450133098,-499.2030390919544,-20.61281852892455,416.2088234604517,215.86269700088337,415.3255850317592,-83.99821003479438,356.23195503860615,432.1002303996376,-494.3143971648279,440.98003782263464,150.2322903471283,140.84644548278206,176.4928422263153,-359.7809116415406,28.418143073777088,236.0061868087952,-4.031107125100632,487.34578079735553,228.70494608026686,213.74583566583766,-52.928946752783396,-499.9999981057162,476.73810704781533,-69.52035786935686,18.576369549159438,190.59660658230788,135.92951901449916,56.84494815726614,16.116456598771265,90.5461260259913,-39.86315739222213,1.1704796633655776,244.54377440797555,3.345797915596177,42.9646288708846,499.0198584293916,-121.97386075301276,228.48416641644064,297.64000732198053,342.72058056793946,64.71060877288467,156.93521236958438,141.30578219754864,430.44627251112445,311.67031465013696,338.3918404375555,491.11133127619655,279.832066106778,113.79150086924503,71.72394220608338,-189.6254463174104,31.553776906205762,88.80439913568473,-183.72785914543655,162.00147226644262,-200.6810700032866,-15.21758983219148,54.57044879769634,-33.990595628248236,340.12168913550096,158.59403628509452,-228.71567751826936,499.85785203715994,499.99999999885284,102.47087607065048,-100.07204931562751,214.55782960420814,-13.879851890597593,-72.71755259738843,2.1614990575845794,-67.64138491554111,-22.339287030354598,-24.05390449104135,365.6394789795112,128.79146921750504,154.1231174230769,-208.17545868780644,-86.05747983100835,71.82422969985342,-444.9513800677063,138.87986582161045,7.873721294964397,-91.23775544135444,-497.6340381279698,-489.47502172321174,-53.010651053809774,-60.55509912943929,-136.46113659030118,-24.43424026708651,103.55483810983648,145.75876598270045,-33.08145597578322,11.489032643140398,-6.472316833158649,5.304551517472472,-220.0015768931021,-306.58043558922265,247.07463163774906,-62.82012470508018,27.83722272502708,-9.386277909039539,-93.74512340873962,-130.15464914768546,-19.512500461600546,44.284265138781514,104.2903515920995,-116.8663195276226,321.01226472152365,-142.95988433140178,276.3452934388411,6.08669832346302,-100.81952093966578,499.9870934345248,-1.5205562628616767,-7.914899503619063,20.673441021570493,148.9760712749037,-81.54280902878372,-74.80818712753195,-41.31932378982574,-146.35625164792557,181.57808764358245,153.03029722161514,-134.58944818630846,84.44286958401548,-32.06713815833026,-1.0488184573548656,-178.65660986485338,-201.91516438259723,-28.197205849592446,-38.95132392040304,-14.478962883012354,-220.70690472965458,-30.70878909715151,-93.75523974911104,72.83429041725651,16.768983393488796,-276.2166076878842,441.64173893436026,-36.07914180730807,-367.4019464658285,1.9778122863884775,407.0965674099934,-452.47486495747495,27.788850720500296,379.8621991075988,-1.5205562659102745,-455.4307844608105,-104.17135412917874,338.1842672584832,-361.7209056451149,441.86338401509926,-499.3486743670501,-499.9284586114501,12.183876124347421,-69.86705465696745,-302.575195525998,56.920397379979605,-335.3894632086379,-499.9999807581806,9.03716151396944,30.773026591702923,26.52732426715419,-497.370369319619,5.7864216469513,-248.51211597826133
107,-0.5684001539590391,-499.99999999968276,499.9889121192586,495.73638662279114,400.4413567975723,-0.8530979963521155,73.94303995791127,239.96493664623773,-13.105163117390298,-29.301927404720082,51.19946438537214,-93.71713158934652,320.97776474307244,-84.97397510681365,243.06014593193882,138.09522212217053,356.9098080038187,499.9999251678923,-60.91507053312003,-219.53101895253906,155.0250609576172,500.0,20.750696019558166,52.71837379740137,-272.54689384688777,-107.56076096421079,273.5488683724929,-53.692545424100736,-263.59726644208394,-283.77681542415155,-3.2679863478424593,-141.65130848035648,-86.00994892646891,-499.95263450474306,127.15664637855565,6.2240591376818655,68.7469269404192,-280.63461029965924,-147.11259885927564,1.479172864113934,-125.9909613659706,449.72438820553964,-313.699799897046,-403.6267959395285,-373.49579281012745,-148.74699475009064,13.137400408350473,1.465534061876081,89.99517968498803,357.6447481005102,483.53649026600687,-185.06333167919735,291.6589303876563,-240.3122425754083,-123.61788746736437,44.74098819650013,189.04370581175235,372.353190516994,-42.824513512022406,373.27625559397296,-470.854507517292,-180.97907459011557,-284.79632703669444,-363.35697326308866,-256.9905122650778,408.30549607746013,-75.87147492766708,-158.33862071320235,-284.47067047618026,7.609326795086718,347.1492260568586,-160.70758001884388,465.3259471702425,-442.3722113631514,309.5340537283695,-407.76664778923606,225.0259688043688,482.63887973942985,341.41848371780577,-55.65524496860725,46.594055052734305,317.76887539049017,-266.2096933889754,-179.22868868784687,-136.83162998374178,-217.08977123829058,-97.65481452155811,236.18479992544866,-264.6098818814539,-370.74202043999026,-44.44223661025751,2.5554645650634806,-211.25698148046035,-110.05133981944148,-51.493311732379425,-159.03687684299157,84.25914884555262,371.5509675990838,152.87911079875855,-76.92221168188495,498.0709663997475,-388.2275839422865,329.7112331688904,15.147941939566758,245.22552400321496,64.78693772926745,42.881715370044375,309.64877897169225,-171.51619420338884,-430.6232709712796,149.56311713016322,-173.91460289921383,-27.746446623063814,-499.2175270660568,-19.527195636704782,411.4771305235684,217.106651319992,411.4991221521549,-83.7582119773546,354.55852627141576,432.422938169787,-493.6105419550679,440.2538683796249,146.00393316591013,141.8448495856761,171.05437791794748,-360.1920548874806,26.056586924831056,235.0188548797137,-5.824326809073292,487.3843980649823,225.45095222269808,213.8774113078672,-54.43979817612985,-499.99999846162547,475.9960931844802,-68.73185199431651,18.71004552749346,191.61397948689884,134.26422512456617,55.48833476155668,15.940654119475244,91.70544767672205,-39.029937390847905,0.7536278214070081,244.99163074943922,3.6901175001785815,43.05623613090701,499.05556696534256,-123.42922871555746,228.19625818361024,298.42778040560927,342.50446688933704,64.679105102833,159.36996926761333,139.91432126906759,430.08771537554134,312.10975377739646,334.0253366136699,490.91868487051505,281.32212309294704,113.9152226835306,70.9929388871081,-191.11565748337117,32.82990826032783,88.58376179914836,-185.28773803207307,162.44013440679245,-200.19834974458624,-14.4542360761457,62.15609459453321,-38.64407318635367,339.72977604092733,159.17097841897447,-225.1442256108542,499.83816151452146,499.9999999981859,102.25333825537804,-100.6164938961952,214.57364835992144,-13.273402711098887,-75.57598972817611,1.226088065213327,-67.2350835472594,-22.728843167065342,-26.871360798713752,366.95532197539427,129.17827120056188,153.58662176762232,-207.56202814540305,-87.71758157574978,71.91398802261618,-444.7471649280796,139.1371838784962,8.596964067126235,-92.1546884654545,-497.6052146366392,-489.4591632717581,-54.006981798204286,-60.801969542932795,-134.96660472327068,-24.471327425936913,103.5200414733153,145.59332256037882,-33.77471608239971,10.858082381877791,-6.38799407938696,4.611139592032052,-222.3402771466527,-307.87812397545326,248.45725793507552,-61.330601551157805,28.74396617189326,-9.95872668994072,-94.89859251917997,-129.0895088566343,-18.98968269398186,43.95437280227058,104.84304757370062,-117.23630156674257,320.7257793571432,-144.36256817020057,275.97920361805325,5.524454328885454,-100.95121054495885,499.97119823925993,-1.422491818879377,-7.984532947608713,18.780223310520764,149.39183413208426,-82.31444257930113,-78.17954772784172,-41.84389715727407,-145.60965402664496,183.6351889117989,156.19080227316928,-135.64578888503266,84.2495556976633,-32.49923861046701,0.04854665494714734,-178.3036680185841,-201.5725496994019,-28.325091421688587,-40.55324523309414,-15.763166478038073,-219.55414153199652,-30.741296278338844,-91.40846097057997,72.1785780373693,16.699395262865846,-275.36684419678335,444.1734539855241,-36.751595745535695,-368.5453581651121,2.311467401617895,410.69177581080874,-452.48169616413304,27.88502229476703,384.79440704008806,-1.4224918217242537,-453.8360990673806,-105.7819014042175,338.5812623357166,-362.4391764255361,442.056045916059,-499.3613407584174,-499.9294978275051,12.886626892711302,-71.98194518917693,-302.6714871607426,52.356201984261546,-338.03155163510957,-499.9999808133905,9.39354478000912,32.55533033412439,5.86108627500358,-497.3248083948262,8.126491266054366,-246.34627160353813
108,-0.5317424425158082,-499.99999999966724,499.98895277265007,494.7085420840963,400.67385516135545,-0.7980793806673478,70.0344189900757,238.42157924488157,-14.464936517799167,-31.237537149728873,50.45648685881496,-86.93920311130279,320.1335290940145,-85.24055358466042,240.57997897216995,136.65636196630228,357.2370861091946,499.9999346545126,-63.52842719081778,-261.88277115878907,155.02484087020974,500.0,20.546650899432837,55.14509116148991,-271.40629186371575,-106.60514916445666,273.18921388401486,-49.23357622224176,-265.6432961580311,-285.024192793706,-3.044715695170194,-143.03012749691229,-85.78696626421927,-499.9526781503881,130.621620748172,6.088637637486549,67.1851579497078,-281.02233652467214,-147.0157852298048,1.535908084728195,-123.67319505271941,448.2012744535873,-314.066523005614,-403.81684642903093,-373.984435861822,-146.10711338331788,13.072965084552788,1.8698537228061405,90.635787403688,360.8452277833433,483.5863167311751,-184.96733260781474,287.90911050857926,-240.76971880350467,-121.9228011646804,45.0293778600129,184.63611438401412,375.5933418053625,-42.17097750847569,374.6039906217179,-470.7721669025333,-179.03802772098433,-280.0089577315662,-362.828091905598,-256.6056347680266,406.42623514850817,-74.71259884692202,-156.78738525969288,-299.5509191097393,9.542215681068372,346.45257582705227,-160.401933141996,466.72221220400866,-442.4930293340871,304.369808568745,-408.3929170869898,223.4184745899657,482.420921817872,343.4751337658566,-57.34990254110003,44.84139116656537,319.1161211737612,-267.8548245583075,-178.734921276413,-137.70094460382322,-216.59393341143408,-99.41507479461174,234.37177026792787,-263.4147748110861,-371.2626361693698,-43.77358389249757,1.332755187127453,-212.48512557689196,-110.44366078393185,-51.63865817591608,-153.29312529044566,85.13918747705041,369.96673187123594,162.56169804022463,-81.34586488125265,498.00858939406845,-388.46809192547465,327.13351512897384,13.046996935328515,248.8294295213158,64.76124809686871,42.804318742168796,306.93596141028513,-170.69728159116016,-431.2078622515572,145.7350955448333,-173.93654436944854,-26.758550144045653,-499.22776198776126,-18.345076362663136,406.1249045252239,218.68416860996857,407.47327867040497,-83.63142928113336,352.51586100891365,432.75627027108,-492.8174230750128,439.3779480901041,141.83685012049796,143.66291588964634,165.5626856422919,-360.58881855089476,23.671276734435526,233.41493683826084,-7.725182566695045,487.42135571393646,222.15474633748278,213.7787564652372,-55.88372676595028,-499.99999873781934,475.2586778519912,-67.72597809021153,18.906913763302025,192.68850915454513,132.7943661244119,54.27773492983226,15.842828445304157,92.88094257948539,-38.10915206687528,0.450163020858356,245.48996858791713,4.115073112625725,43.47465699763291,499.08901184667917,-125.0779749525449,227.94527637771512,299.3494768435089,342.2788010340797,64.46565353371435,161.77171095253277,138.42810049325726,429.74150939186205,312.3285045715498,329.20680712530196,490.6875393964292,282.8532948987957,114.15106544460716,70.30054871218488,-192.5997049591583,34.20345133611583,88.48888288484935,-186.73087009502177,162.9370130407826,-199.702441685326,-13.59852215271462,69.7437515277201,-43.185447048704276,339.31082019214574,159.8023494156132,-221.48597622867675,499.8277781204822,499.9999999971372,102.06589254351869,-101.05805135755176,214.5555554494455,-10.437307682535073,-78.25606818366315,0.4321029595875652,-66.86346347554597,-23.122659105254755,-29.541335597213408,368.24758953181566,132.99952257881282,153.0779605922484,-206.95794436791297,-89.38213433915945,72.1232959277773,-444.52734395937637,139.47320849788957,9.341077627778507,-92.93236459087592,-497.5716978193998,-489.4407632581846,-52.88114763930095,-60.97983821182114,-133.29707304091346,-24.36328561928158,103.57853929679568,145.49548508712184,-34.31902449232164,10.57752008859622,-5.728343079041016,3.994158059700892,-223.9328653312898,-308.67740119188176,249.79986048815024,-59.70567929265564,29.85437340377104,-10.372007762280365,-95.8354237827937,-127.69727755765966,-18.287501003441882,43.84259266771805,105.52450737779898,-117.5056705714462,320.5281748602884,-145.36056789441557,275.714452735992,5.015210499044766,-100.94277226004824,499.93597701353895,-1.3307517301468172,-7.8275768819901,17.090703098650476,149.88962634655974,-82.96503467822387,-81.35194194642628,-41.90952492487395,-144.86746776982085,185.75132355453772,159.4631368169208,-136.59553294444467,84.16129916129891,-32.535953504805434,1.184575575686971,-177.86155093526344,-201.01371172440616,-28.14895442301011,-41.21688460520901,-16.89271528073262,-218.38248326854526,-30.129916116663935,-88.98290356005107,71.69829593463155,16.66937853330277,-274.29854061304934,446.5646692282936,-37.236353769258706,-369.587312847074,3.033243588126572,414.083958044206,-452.47367766987537,28.267476325063974,389.4281217265328,-1.3307517328097989,-452.0756540923231,-106.85822549874476,338.98741969393984,-363.1829288632882,442.2492305360824,-499.37165015765873,-499.93048027668567,14.20439726019848,-71.16391711382103,-302.16159234084967,52.77209591505074,-340.59604308137256,-499.999980866277,9.906261920674979,34.33652592970104,-15.934795264864572,-497.24572218905575,11.508301982990856,-243.91726128768735
109,-0.4974488857975731,-499.99999999965013,499.9889922795393,493.4890410042526,400.88517233015784,-0.7466090542246882,66.29477015567345,236.8497287067876,-15.754039366226008,-33.03138447842822,49.73744336772933,-80.3376636094672,319.14273055558834,-85.46371071252686,238.18125574328985,135.2376629794926,357.538107910686,499.99994318986353,-66.02956711578452,-298.1995006338857,155.057067216727,500.0,20.40966126228337,57.6536293661053,-270.3529365446708,-105.67921411988816,272.87068702457566,-44.84824551828098,-267.6001067534697,-286.2625064668214,-2.802919029751902,-144.38518076551682,-85.59049882313522,-499.9527196495757,134.0696997948525,5.893795775470317,65.5413735088381,-281.392367129261,-146.84584986374807,1.5975743844815071,-121.37881787777452,446.61908774542184,-314.3913348064617,-403.99724897028455,-374.47199358869483,-143.49880144432535,13.011149077378136,2.4341031269708724,91.25417736021171,363.9256137590345,483.61746915212603,-184.87519553190356,283.8705401854724,-241.1817837167825,-120.2393984289377,45.330616361475684,180.08754811464405,378.68217668109673,-41.26602202463959,376.31636737516254,-470.6879480186382,-177.1038391540986,-275.2498189693827,-362.26593908820354,-256.22059263487125,404.4365461514885,-73.53439069111151,-155.2363810611406,-313.08899673614485,11.38588420024705,345.5727842676235,-160.06441366577147,468.3822315719529,-442.638571542383,298.830453316736,-408.9912337971455,221.78378324022884,482.20495053947843,345.1562008966444,-58.94300635306144,42.897469996740796,320.4256973953435,-269.59169170881347,-178.15161199529487,-138.47039478627386,-216.0918910371827,-101.14896029282396,232.59348439631,-262.2342449042444,-371.7622860380671,-43.03338273159161,0.03857092169971679,-213.60441958991865,-110.72515828000684,-51.73935344637701,-148.08749554175054,86.104998616868,368.3201923111582,171.8867465263376,-84.8615583722957,497.9400156060271,-388.6826936617986,324.50788662296253,12.090243971797806,252.31086720355518,64.93582447080769,42.748991493783976,303.1950717295274,-169.90501405531546,-431.7650823868684,142.02473507592345,-173.82115992917124,-25.709348343157224,-499.2343207150713,-17.082615161912653,400.20061961309744,220.57281601191468,403.2945786572192,-83.76088042876195,350.1695042635428,433.0922073611974,-491.9254579512905,438.37387336494413,137.75033391554962,146.0586018224269,160.0796388276196,-360.96999035123974,21.366785030177326,231.31628426720974,-9.72292543059756,487.4578384739238,218.84266967972553,213.48616688358587,-57.254404795719985,-499.99999895440396,474.5270201628748,-66.49297442974817,19.169531167290295,193.80250114550628,131.65186454509472,53.20806825117528,15.814081083439476,94.0545480207667,-37.14861847894045,0.2768011953166379,246.03309161964492,4.606635468113713,44.341474597056056,499.1201028601932,-126.82003866527555,227.72692214318639,300.3869890070742,342.02531892709175,64.09298944478242,164.21155648220326,136.84332517269107,429.41658898722676,312.3716665899318,323.88460273536634,490.4116973203034,284.42710477196556,114.47628999201268,69.62231569677063,-194.202376839794,35.645129875376185,88.49976406787074,-188.1204306140509,163.44830509806997,-199.24524669021326,-12.683538800678205,77.3206357539682,-47.69860813005895,338.829134365659,160.45232800505158,-217.76036513412475,499.8391371533032,499.99999999569,101.8698266895531,-101.37840156920593,214.43601726719876,-4.352352350028039,-80.88287896877293,-0.24850532820838017,-66.59782018664356,-23.650342135504058,-32.13034513356083,369.5156438244648,140.71401636053358,152.5200182050458,-206.43085733050313,-91.18193445713878,72.38283435425942,-444.3141552957318,139.80097331935437,9.999159930450148,-93.66016699479243,-497.5339419230522,-489.4205527224615,-49.215835687180004,-61.16063997539715,-131.51843700627396,-24.18953977885553,103.66392473090404,145.39743393328655,-34.73688045555607,10.610398577476674,-3.8323830589099956,3.3618456038964086,-224.21695433726543,-308.8688777878145,251.32852678411848,-58.00951099764265,31.10244951550751,-10.727808023482117,-96.53122364205161,-126.0049018062036,-17.49031390437883,43.87110212458983,106.26780879616399,-117.75619303384629,320.32207883824793,-145.96866814160742,275.43956935877947,4.58929499165036,-100.90838253196138,499.85816108527695,-1.2449281390202345,-7.385085085988767,15.536951835782741,150.4400645299138,-83.56873090299585,-84.3226892465884,-41.526414104876686,-144.22793483009636,187.8731410264501,162.7919806234756,-137.49285082960523,84.12793176360488,-32.167867725310515,2.2718086191059297,-177.4183944789621,-200.2369638948864,-27.614508692165604,-41.14270908960936,-17.924937276948214,-217.19227807718255,-28.644459026028535,-86.56494541385334,71.27781393298417,16.634015422049025,-273.0000958369866,448.8200674655413,-37.55232972225658,-370.56506216259453,4.11519465978487,417.30837825307657,-452.4239054365131,29.239799690151695,393.79774183428685,-1.2449281415158726,-450.1897991259873,-107.5817937166033,339.3808137054448,-363.9222677663517,442.43778931626304,-499.38062558664865,-499.9314096743757,16.150276438050042,-66.68426956133888,-301.25329556375283,60.327629846550764,-343.0465300524195,-499.9999809169439,10.679647449940484,36.09041936748471,-38.73749028237336,-497.1393289748035,16.097027963144537,-241.23326686547705
110,-0.46536701370009764,-499.9999999996314,499.9890315140189,492.05390838153636,401.0704353677351,-0.6984581809515205,62.688432920868216,235.2082628560616,-17.00119502728461,-34.82319793506188,48.98289767173855,-74.00357158206032,318.03508590441004,-85.74488628744726,235.86523228775476,133.8094207577101,357.80384036960874,499.9999508022294,-68.43418389233275,-329.006509463175,155.1257439476432,500.0,20.28872279683521,60.26481394238686,-269.4536269695966,-104.83825341677036,272.50109569771024,-40.52299165891698,-269.4968161760184,-287.4754307496563,-2.5559496278904934,-145.7028579845202,-85.46589004403205,-499.95275910364,137.4883876360802,5.645676322773012,63.58142434259499,-281.75455817326286,-146.6352888951089,1.6482538751513198,-119.12759174679965,444.98387308359355,-314.71030114042367,-404.16673067806505,-374.9978094657534,-140.95734076868104,12.927210266242366,2.8155384988692846,91.85002709075434,366.88069629272957,483.6253038332984,-184.7985066732098,279.6083831275978,-241.59529449820457,-118.60352064018088,45.441737519442405,175.4716988490177,381.61062261851157,-40.363133131399444,378.3686060078407,-470.60433382124995,-175.19179670510462,-270.55048639296103,-361.70512175358897,-255.85565431876535,402.36174148500623,-72.38773686267146,-153.70304974864555,-325.26140165246545,13.133839358387322,344.54163375881575,-159.7040064623958,470.2736473683721,-442.80734429067616,292.9901295542431,-409.5628245700315,220.10947974029202,481.986900306495,346.5304145033747,-60.59571628757023,40.78855626648068,321.6950187343898,-271.3903622145833,-177.61636858327796,-139.21112958524031,-215.62973918553024,-102.85861798589511,230.83923937116654,-261.0733850152972,-372.24089612886917,-42.315587203083254,-1.4780102909680124,-214.67914207859522,-111.08169742029828,-51.931768568962354,-143.64740233953103,86.85037016731248,366.5675259758616,180.86080539540401,-88.34673162634527,497.8660843431559,-388.88549622057246,321.8468976659988,11.035927589911967,255.67350241513876,64.9341358391413,42.58718671704031,297.9801830119302,-169.20663745546858,-432.29643966194095,138.59407584192573,-173.6448425653133,-24.70377061644849,-499.23770966075534,-15.884547390095697,393.75926426204467,222.36393235150638,398.96329288696046,-84.1936533349821,347.57990118343787,433.42404121288513,-490.9248707458262,437.26451192709095,133.71184326118745,147.78690668726256,154.5560107228494,-361.3347888628557,19.04422869203004,228.8297000431057,-11.861545522637263,487.492320880453,215.48065622588658,213.02827481822231,-58.57227226132151,-499.999999125925,473.8004058751189,-65.28696836896374,19.476226636435538,194.73901906403626,130.54993886455333,52.00938528421677,15.7547493690059,95.08573745632171,-36.30264290377035,0.04941549051918625,246.4796414457113,5.073899584021204,45.213251994472344,499.148281795855,-128.65280784631193,227.35365710038576,301.456061727058,341.6160161456189,63.52624427414234,166.54326486413734,135.0592413836261,429.11321751332986,312.2719607094275,317.97540884593184,490.08428868122957,285.8782320484691,114.66316932524155,68.79531707990445,-196.12372712190367,36.88801638783221,88.37914392397781,-189.81376131882513,163.7985920777212,-199.0156854633906,-11.96768778275169,84.64739338954442,-52.3361690192129,338.15893826562944,160.93307752553721,-214.05429176927075,499.8629802267702,499.9999999937575,101.48260371833649,-101.70203347116654,213.99828727916196,1.3446834933276246,-83.61126585630228,-1.0530048732251476,-66.5728020480552,-24.414105470849282,-34.832975087870814,370.65794927723755,147.36815792158498,151.6849377677966,-206.05014867061908,-93.32583631457418,72.43608487475689,-444.1373363547814,139.8467821483395,10.356618526450504,-94.51402231892908,-497.494234788236,-489.4015387362162,-46.26535890961299,-61.53083334105374,-129.80755852223996,-24.231444149802606,103.4970876734405,145.05750528878437,-35.268255759153966,10.62449277776157,-1.421323897326536,2.503075696779313,-224.30486173362317,-309.04846353286337,252.91332995656384,-56.4799970451263,32.19545716923495,-11.295721544475851,-97.20726785354769,-124.30957326535483,-16.901639457258952,43.714853792729926,106.79755320336352,-118.19883302599106,319.85078720044277,-146.48196729468538,274.87887212350574,4.2281112372757255,-101.0887014253075,499.6862815033592,-1.1646394884957947,-7.152506348703224,13.832049445014691,150.74559410020612,-84.40258583473762,-87.1531913160507,-41.132831750288894,-143.86176738572448,189.74265211535166,165.90892755494963,-138.5298597347365,83.90865229224629,-31.748822629168206,3.1173190547026097,-177.13907657660386,-199.4590801850956,-27.194124461129544,-41.46546750324243,-19.10825367936284,-216.04448693489363,-26.984897487725544,-84.36144540796272,70.69989823787256,16.403156040148076,-271.6597605585211,450.92876611298215,-38.08934432046861,-371.5523996328002,4.887297138656895,420.3364561641768,-452.34572027297446,30.511780902801288,397.9015073808837,-1.1646394908386404,-448.2453537892258,-108.49267979511121,339.71938736278656,-364.64928808432444,442.6077179061934,-499.3902239370832,-499.93228944234227,18.02533999304134,-61.39930809679569,-300.3165986711086,70.21855993312006,-345.51761004288267,-499.9999809654898,11.464316161104401,37.58170080517159,-62.43515646176948,-497.01714989372687,20.85829865110538,-238.53320165404193
111,-0.435354189165983,-499.9999999996111,499.98907089271614,490.3789584110537,401.23244261093686,-0.6534126824811763,59.19851282048586,233.47770154691602,-18.220901979608996,-36.705330134738276,48.16826140834139,-67.99574845857157,316.83772079255715,-86.16594244856127,233.638955935756,132.36394290382796,358.02667537987634,499.999957552415,-70.74318008878265,-354.93895373472816,155.24536304552862,500.0,20.166261943477306,63.02455090010463,-268.73102828277604,-104.10493943697955,272.0073870389916,-36.24246593504775,-271.3496862310827,-288.63214686116595,-2.32459337034778,-146.94834305805816,-85.43323551791606,-499.9527966091163,140.87090486628767,5.35799775612762,61.294946647162426,-282.1218152353682,-146.38751898321888,1.6646978546244813,-116.92995017073672,443.30163945989284,-315.0424856444325,-404.3253388215211,-375.59646144553784,-138.49569458923506,12.791481645538719,2.990785961218418,92.42353409026363,369.6980711369901,483.6078070721232,-184.74456927917794,275.181085555107,-242.03680745948384,-117.05513825582419,45.35956169969845,170.85211252321116,384.36494775181416,-39.49268410051401,380.75956085354244,-470.5255127928874,-173.31192551271008,-265.94085869770277,-361.1842865418982,-255.52418555065742,400.2232157960281,-71.28167189982715,-152.1983676036925,-336.2245844783712,14.789454736153818,343.3881787389773,-159.34025070938745,472.37291409531827,-442.99720166006307,286.9103810687379,-410.10879791281343,218.3771003090311,481.76380951266094,347.6550284849562,-62.3358481871869,38.53486423168295,322.92255732298156,-273.225024748843,-177.19782390680314,-139.9907738445479,-215.2270122173084,-104.54576438054465,229.1134368560197,-259.9334821009086,-372.69838297505805,-41.65030562639827,-3.2760661435698952,-215.76476936133128,-111.54021718053723,-52.244400261300406,-139.9069720062111,87.35398391909534,364.7150147380793,189.4914336163707,-91.83889989461692,497.7876022657676,-389.09309178691495,319.1717328317226,9.770972012920545,258.92105393612786,64.71717376490209,42.29562089951089,291.3235547555339,-168.6263622268929,-432.8032635446153,135.64436941266382,-173.4503501336704,-23.76455885550763,-499.23824763996436,-14.7758602231116,386.8572791020122,224.0396099176958,394.4805119014304,-84.78251252296197,344.79456486152407,433.7524510099542,-489.80537472350005,436.06990217347607,129.68544246166815,148.73876661798997,148.96785476781108,-361.6821101170695,16.63484507742171,226.04678516266952,-14.187387259595601,487.52258673326196,212.05983880851093,212.42917042061572,-59.84630029737931,-499.9999992630257,473.07623605582955,-64.18083818974283,19.813268476921262,195.43208881769124,129.363087622373,50.666966465743265,15.559566319430454,95.93262134081942,-35.58739185180208,-0.28679806597131624,246.77463544192702,5.431731536066514,45.93663541007232,499.1736953733775,-130.605998247609,226.77687676882775,302.51588935409876,341.014770507871,62.78722004224321,168.71339917415526,133.10128424818822,428.83352135922615,312.0563295863329,311.52293191481607,489.70896920980897,287.1464816909637,114.65301575521993,67.81533073630186,-198.29800687044875,37.85188598643974,88.06341219911486,-191.85976744646757,163.9613727140651,-199.0240920260675,-11.507716754171023,91.57719053895512,-57.119249115828765,337.2844050669765,161.2036749881146,-210.35893285392302,499.8881054157776,499.9999999911305,100.87675539738886,-102.1065038673189,213.20259000751562,3.9384935263921905,-86.3923506509853,-2.0420933696504275,-66.73062527528103,-25.336386420151364,-37.67567075126278,371.6226966872409,150.33553576272763,150.55596129015296,-205.8079510752533,-95.70319842799866,72.25958896103677,-443.9894871403608,139.56554882952,10.434225117032966,-95.46537915288867,-497.45395784312194,-489.38602716987145,-46.172771835533986,-62.11624075962161,-128.13122395017456,-24.504000387625624,103.03632579478024,144.4484885562612,-35.97749019061291,10.567119234774239,-0.011237833576087188,1.4248574076269978,-225.78755953780382,-309.3609584548249,254.36327142500548,-55.17767775428934,33.11533169570383,-12.075134971980665,-97.97706911796298,-122.65828572203822,-16.53568263826256,43.342248107325,107.07920675529789,-118.83022134568317,319.14284391522267,-146.9546140388278,274.07500006199695,3.8698548538958444,-101.45823304354981,499.3073306079322,-1.089528826584659,-7.391881556684321,11.956433850173836,150.7592567062528,-85.4897517991765,-89.84211214117926,-40.820725535760815,-143.74641644636668,191.30889955613878,168.76434679725833,-139.73817679304196,83.47027998609238,-31.365440430020804,3.730385360258812,-177.02637524201626,-198.72457190936137,-27.006398757878728,-42.280148917138156,-20.48970997983528,-214.93096253645092,-25.434043436985903,-82.37281710011484,69.97217665564845,15.893565111065874,-270.3294868118239,452.8849151626748,-38.94366090645635,-372.5434345278613,5.236881239921664,423.15736035980626,-452.2800133887124,31.7327969624513,401.7393339377692,-1.0895288287747118,-446.2495720372592,-109.58235267497689,339.97672615383317,-365.3822282272047,442.7467884900484,-499.4007999407263,-499.9331227360877,19.6536851560663,-56.39301493006714,-299.37790711691815,79.80448162566803,-348.11829201584544,-499.9999810120086,12.018632018579297,38.67089173492634,-86.28421550079733,-496.8795234756858,25.45214846887689,-235.97463968417165
112,-0.4072769740601233,-499.9999999995892,499.9891113447113,488.44185753333176,401.3816152251396,-0.611272286503277,55.84399739109411,231.69708007656533,-19.40704117963054,-38.62353562011196,47.331983036355005,-62.26017579326308,315.579359421099,-86.68712660773824,231.51750817501045,130.94311702821415,358.2285648303839,499.9999635136999,-72.93093395287751,-376.6514925969807,155.4411530787937,500.0,20.091910529533333,66.00899840644877,-268.13495153067265,-103.44591922651168,271.417825164015,-31.988621802363866,-273.1428420631589,-289.67104151648937,-2.1019293981469205,-148.03783104701841,-85.4610988574456,-499.95283225797976,144.21974959404363,5.052225173890875,58.811339211171784,-282.4922432241484,-146.08198920313708,1.6507376350994691,-114.77606160563654,441.59912304067774,-315.37857897272335,-404.46940760522943,-376.26284699429266,-136.10937443407025,12.612487376911304,3.0733575642230186,92.9750831539431,372.3914936213461,483.5651587599865,-184.71505744738934,270.644083934406,-242.49020269713705,-115.586833207057,45.18905751143033,166.27882097278444,386.96387608858714,-38.63459729063283,383.5356355060677,-470.4513014835302,-171.46941436080374,-261.4168093269709,-360.70500393211904,-255.21603818445632,398.0452373313419,-70.20304648018093,-150.72011476887502,-346.11649008876276,16.380197145518217,342.138681265714,-158.9694279512448,474.658199181544,-443.2055501993588,280.66297804036225,-410.6300238908046,216.61931305786018,481.5368917355662,348.57855716845376,-64.09581094234888,36.19696677294321,324.1077113267027,-275.072623638263,-176.86197256131564,-140.7990987054304,-214.8713785822407,-106.20882492690555,227.45780399601878,-258.8086237482959,-373.1340807141439,-40.974450245167134,-5.226549214834688,-216.85027664840953,-112.01901979469002,-52.6200821231977,-136.64867374613007,87.74234091178282,362.80235179893094,197.78693840165627,-95.14011061456486,497.70533806472645,-389.30299639284294,316.52207498948786,8.471907651637395,262.0572353504727,64.39800969632944,41.93104395538493,283.5929149134274,-168.13628640183,-433.2866735379863,133.37642580499025,-173.19469085428597,-22.86352628680679,-499.2360123482504,-13.720294530526361,379.5526131009154,225.6937063616019,389.89143232840013,-85.3593824957995,341.85957402384474,434.0827919221301,-488.5551683210437,434.8081103963299,125.69254794282075,149.3659914288252,143.38181047730492,-362.0096917331085,14.204845677730557,223.04904381818545,-16.690990794903236,487.54853595889307,208.63904860051974,211.71627441301897,-61.071777163030994,-499.9999993735778,472.3532395155991,-63.11753046019519,20.1818564298661,195.9784380493131,128.18004417058526,49.34119905362457,15.265250054530801,96.660051196847,-34.90138031589724,-0.6384360084694124,246.97254564418265,5.721318529745408,46.64846675995873,499.1971592693371,-132.6449323064357,226.1034471952925,303.61206030033406,340.2932385514487,61.9578150224769,170.7671614501081,131.08255879521204,428.5921206157658,311.7645352351735,304.7039029104927,489.2978887738522,288.28546393688663,114.53379629561887,66.80285361860749,-200.50452936190825,38.63597852164517,87.64910688624171,-194.0251848309509,164.02089865521916,-199.1251506454626,-11.181454163546462,98.16010158617073,-61.93733412738846,336.2873951227121,161.35088569360042,-206.59630424915164,499.91024047643253,499.9999999875365,100.15349481533738,-102.56777031587002,212.16838477655668,3.9535219006088833,-89.0693033216841,-3.116848581715799,-66.89426502740166,-26.28012273830094,-40.55159542608901,372.45562084651635,150.57144209978907,149.27179158066062,-205.63608382054807,-98.03319159657026,71.97192351537993,-443.83357382187035,139.08335520106036,10.370573776955942,-96.39339739917011,-497.4120739173188,-489.372587750441,-48.33342116691591,-62.81032053833144,-126.37158280329302,-24.881859748195623,102.4135261852909,143.69743505427337,-36.77001423644703,10.509827158276089,-0.12289058112693427,0.2568645790923227,-228.8464397616355,-309.7130111900415,255.66499672942828,-54.01441078035419,34.00518397888463,-12.93827115659135,-98.77896133938725,-120.98952197685551,-16.25706976261182,42.8802543044962,107.23522275028847,-119.5391687336515,318.4992429887943,-147.30429735355983,273.3628968407359,3.4801853729186116,-101.89290283636907,498.4765718234596,-1.0192622199594443,-7.822804958685132,10.040765272547157,150.61495782415065,-86.68329973136663,-92.3641641287685,-40.48657125539453,-143.75842868001018,192.68926336165742,171.46464726187756,-141.01715087291785,82.92951903874742,-30.9771506911743,4.228463164145304,-176.98710432691888,-198.00459214223721,-26.881574175574503,-43.2285633036185,-21.959277463077598,-213.82291882920467,-23.886770867861134,-80.49459059872365,69.21438948445748,15.190112038704225,-268.9854917641711,454.7013220909914,-39.948206835903704,-373.4919332403954,5.429367325441479,425.79511213730666,-452.238683771359,32.87610580585765,405.3373016910833,-1.019262222018532,-444.15991422436923,-110.68961911498168,340.15676587154087,-366.1240971768911,442.85295629995267,-499.41120612610763,-499.9339124692988,21.18022791551563,-51.60808853825898,-298.2062336180841,88.82758217006274,-350.823154283794,-499.99998105658955,12.3662231038628,39.469999577398575,-109.42832309325141,-496.71804955857016,29.93311295059339,-233.50622903037262
113,-0.3810105554814794,-499.9999999995658,499.9891546319011,486.22326952633273,401.52902501717887,-0.5718496657503742,52.65326896997361,229.9130720551304,-20.539819677128918,-40.49320973237507,46.51393121666009,-56.71551139967387,314.29164121719367,-87.23307205114853,229.51687930111424,129.59285736355335,358.4419747910902,499.99996875945834,-74.96701741259828,-394.77026806087736,155.7400868469264,500.0,20.115048225971915,69.30258411563744,-267.6047648371045,-102.8248053723559,270.79084587281574,-27.74472916674597,-274.85746024024854,-290.54179196635783,-1.8645379744339037,-148.9005949189485,-85.51207153837773,-499.9528661378616,147.5399217417119,4.754200802000388,56.24313369882758,-282.85530498481603,-145.6936574252808,1.6263429843950405,-112.65207985741782,439.9134982840578,-315.70602836229796,-404.59262990366653,-376.97143612604395,-133.79377155278405,12.416789697435398,3.140885162001089,93.5050189133415,374.98340370599,483.4970306474477,-184.71082641019,266.0505972632471,-242.9350276133908,-114.17394358961563,45.00102606026122,161.78715335712528,389.4360523699023,-37.77542005008199,386.7191967856981,-470.3798401097475,-169.66884157632512,-256.96381586537746,-360.254779573354,-254.91514400733178,395.8549205186148,-69.14189124506944,-149.26504111920883,-355.05870301377945,17.93730085483357,340.81806907824256,-158.57937750314247,477.0809525184936,-443.42984842808426,274.32130204526874,-411.1270859152944,214.87998475260656,481.30898673652916,349.3437085269324,-65.82436727154278,33.83993716820597,325.250385015422,-276.91332441031005,-176.56083173671075,-141.60176057787436,-214.5497547046703,-107.8457016373083,225.92035297279315,-257.693783921585,-373.5467151007037,-40.188264923702,-7.133579110106035,-217.90683229578315,-112.45805275250919,-53.00923483437303,-133.72530403933484,88.10834151523231,360.86682540516864,205.75619405953537,-98.14988917576314,497.6200662561136,-389.5031179854228,313.94146023435053,7.250145506832833,265.0856865002261,64.05946489229868,41.54259154300349,275.08522024058095,-167.70920150911132,-433.74764537675867,131.88783644851137,-172.84167199220033,-21.977568209972,-499.2309778279374,-12.689612574377739,371.903710797911,227.38577029293134,385.2546551710493,-85.83716369144256,338.82116001651735,434.4147200729976,-487.16019935325096,433.49692477864323,121.78399583988411,150.0014999031917,137.86109123100388,-362.3147378864993,11.827349595943607,219.9046155464693,-19.339302224749286,487.5714113589925,205.27604286931432,210.9156835126268,-62.24408138440091,-499.9999994634632,471.6325869571086,-62.043767937975886,20.584615449888325,196.46989189473715,127.0830111514701,48.122180037456616,15.009210831830543,97.32648877906799,-34.16452541356021,-0.9180785320725346,247.12888529478872,6.066321934817245,47.460926530249544,499.2195869109632,-134.71524938425844,225.42022607425668,304.78666280670757,339.5222205848282,61.10886766905982,172.75323962746776,129.0798836554306,428.40579687927345,311.44060898522247,297.71486587333754,488.86414368220375,289.35027103682916,114.38396033072694,65.84119552019285,-202.60511377291184,39.33933097907213,87.2216891750265,-196.11405538600982,164.04309460624125,-199.2067361466845,-10.882923460302786,104.48196523303952,-66.6881624448214,335.24143105410957,161.44937428835615,-202.71773681441965,499.9284945249981,499.9999999826427,99.39291431746123,-103.03920134720393,211.01177271119673,3.103356535831543,-91.55604678534299,-4.191901983740097,-66.95658304303709,-27.166186584391188,-43.374773803275815,373.21570400851897,149.98306312576167,147.9486082696768,-205.47287544285294,-100.15343600068894,71.65962191194595,-443.64072767224536,138.50865595754428,10.258150559371728,-97.22608955741013,-497.36669107330493,-489.35747225115426,-51.08452060527353,-63.52677229166298,-124.45950182399562,-25.278554466616836,101.74117364768497,142.9078236696449,-37.563446062164815,10.504852947740321,-1.154421401499116,-0.9132109273827294,-232.55697815991647,-310.0161768626035,256.87219066995647,-52.91480026669999,34.97509942533696,-13.800331402405561,-99.50353419990874,-119.25676111373205,-15.973976333755777,42.42153334986156,107.36256188658274,-120.25220533558287,318.1019552714742,-147.45924923373425,272.93806354150115,3.064748778375987,-102.3189501958989,496.67286476373204,-0.9535273186733063,-8.110292003045915,8.175725334782625,150.41804322858167,-87.87550205233266,-94.7053145776003,-40.03944069328967,-143.8176757081688,193.98254115021788,174.09372731810137,-142.2846183356841,82.37480203488595,-30.54507668884172,4.688342885862816,-176.95429818975657,-197.2776441971898,-26.68123057759264,-44.07064775690623,-23.42063185179506,-212.71033841371656,-22.238317724699655,-78.65905462823281,68.5063747615027,14.397541327877354,-267.60894756358795,456.3977904975266,-40.95994002137759,-374.37021078321857,5.673333195000163,428.2780637242621,-452.21325257285594,34.01895930563146,408.7255127491691,-0.953527320601428,-441.93914054240105,-111.72861861466549,340.28196812931316,-366.86066225067935,442.93247694152535,-499.42027154417184,-499.93466133557104,22.717250308323493,-46.901354497436174,-296.61087370505516,97.42552259925803,-353.5606179248579,-499.99998109931767,12.626913640305798,40.14627841185741,-131.33727839220802,-496.52368745311213,34.361695336133245,-231.0182784494047
114,-0.35643810701346534,-499.99999999954093,499.9892025535533,483.7064642733363,401.6810500694914,-0.5349694794447352,49.6388739267035,228.1424794383712,-21.6025271314247,-42.27296623210214,45.72195078398392,-51.31520668955891,313.0035766030932,-87.76199338087095,227.64897324618158,128.3328062289868,358.6839505542296,499.99997335708696,-76.83500407709337,-409.8680409202469,156.15853646011686,500.0,20.24452346706367,72.98014099932315,-267.11194325306155,-102.2316119590014,270.1621226560616,-23.498766357797738,-276.4865280581407,-291.23277603998395,-1.5975167749544628,-149.52011361868975,-85.56841682449362,-499.95289833230106,150.83364544789748,4.485602613845079,53.64971613382176,-283.2033900174922,-145.2039532208138,1.6048025703243598,-110.5507300403774,438.2781051100247,-316.01946336874755,-404.6904067053912,-377.69861916300357,-131.55137294497635,12.220209948453176,3.2131782527691053,94.01368174329912,377.48640196604026,483.4010357411689,-184.73463579922736,261.4473107662471,-243.36378963046357,-112.80100389250892,44.813363048323986,157.40149334019418,391.80094794826323,-36.91218205448322,390.2725573941193,-470.3097806371478,-167.91587074980134,-252.57430240136893,-359.82977398448827,-254.61361265671013,393.67596894858326,-68.09624777951014,-147.83580745042508,-363.15830427380314,19.482068350668435,339.44906035335555,-158.16617012491378,479.5581269767652,-443.6678703892992,267.9449704808331,-411.60040472988055,213.1831300612112,481.08242812276904,349.9863849543027,-67.50962726924638,31.504004197548397,326.35074461806886,-278.7316266301239,-176.27291133042075,-142.37865206660086,-214.25837221977753,-109.4563125231452,224.52786622185383,-256.5886062640529,-373.93482947519516,-39.241970348155895,-8.89802335547683,-218.91924822679337,-112.84363141639851,-53.39761031843015,-131.10811623757544,88.47606161034012,358.93227510229076,213.40850080464304,-100.85867419643948,497.5325303639616,-389.68458128738826,311.4593119153055,6.1383475477543366,268.00996373283004,63.723558053803806,41.147270698422524,265.8790566934836,-167.33540079020756,-434.1870865321125,131.1420934432337,-172.3929902388235,-21.099470190867578,-499.22321445384415,-11.675350978907453,363.96684934404556,229.1288641028937,380.61753511567605,-86.20358372355804,335.72028373348434,434.7379280621669,-485.60475406076375,432.1529663339345,117.99705583563399,150.73862808103593,132.42375662354672,-362.59455241086425,9.532039167221933,216.66651656105392,-22.11677512951469,487.59237804942296,201.98968399598226,210.04759826611922,-63.36217741194143,-499.99999953711927,470.9166573952609,-60.93972523731114,21.02125543257094,196.94042143744053,126.09318377556721,47.001471088758414,14.890113845986232,97.9535209413885,-33.35423146224859,-1.0925496906145737,247.26584350564036,6.549283599861089,48.39395916459566,499.24163041154515,-136.78007095455297,224.74659178527637,306.0306959050591,338.7353889083457,60.27530942485393,174.6932188095176,127.1118012833527,428.28308988864256,311.1192758505994,290.7006192770006,488.41685038048047,290.3639792855784,114.23243062115971,64.94189183871596,-204.5716453182174,40.00643959954185,86.81181432289443,-198.0554198503237,164.04947472846902,-199.2331993790257,-10.572948472909749,110.58670070376024,-71.32332598874927,334.1820766445788,161.527602816826,-198.71746487806996,499.9431505228352,499.9999999760527,98.62212407181934,-103.4956419945256,209.79594757850745,2.6476054367771553,-93.84885822093247,-5.236468401374737,-66.89922077481324,-27.974827228906307,-46.114516275607485,373.9346347323946,149.83063251286822,146.64016386726155,-205.28899863837793,-102.04043954566367,71.34955888095361,-443.40395295016606,137.88689293652857,10.125886332700775,-97.95320232396332,-497.3165842636716,-489.33760575469023,-53.21998755277209,-64.23487027288027,-122.38448028658756,-25.66902560162025,101.06674777329522,142.1223309281987,-38.32905271145492,10.56409271481325,-2.2333704419568523,-2.0597542473068073,-235.96623185682748,-310.22323194967606,258.019796980564,-51.85563378532578,36.064795092821456,-14.638916463160063,-100.08007947043885,-117.44851081734744,-15.665730595261468,41.99380228784662,107.49723525974723,-120.94904736385043,317.9070212798677,-147.39702197937584,272.74351872792687,2.6428830517613324,-102.71983376292633,492.8115267172227,-0.8920317581363068,-8.162680120704717,6.3861396951428295,150.2046890847934,-89.03166519380913,-96.86421812536477,-39.447671636118415,-143.90055731693033,195.2270521081064,176.6782336380599,-143.51096461346432,81.83471090000977,-30.0559967017945,5.130370606607527,-176.90699035117706,-196.53883954901974,-26.36725945275213,-44.755419293297464,-24.836150713606205,-211.59671721535818,-20.465116673259157,-76.85016066648929,67.86887692403197,13.574931588291486,-266.1977212780549,457.99056180284765,-41.92683703440174,-375.176308831574,6.030020475723078,430.6234090687115,-452.1947556450175,35.20901208062977,411.9229371355709,-0.8920317599480144,-439.57406430582523,-112.6884090129341,340.375645948023,-367.57799166326595,442.99411109891327,-499.4274419962508,-499.93537182867493,24.29095790633679,-42.19980759734844,-294.5303291964822,105.71282815392605,-356.2742527644358,-499.9999811402739,12.882220608512943,40.7955947310185,-151.76968701151614,-496.2896931274693,38.73700041844304,-228.446988745074
115,-0.33345033605830304,-499.9999999995149,499.9892561722923,480.87666810789517,401.8397020569598,-0.5004676938708468,46.79613374163166,226.37461867675674,-22.589250261492474,-43.9652449301214,44.93291883370403,-46.05049019808372,311.7371751838363,-88.2721147339543,225.9219758856838,127.1594218295124,358.95151104419983,499.9999773668728,-78.53301995475404,-422.45039587200733,156.69863883568806,500.0,20.45182856138432,77.10196535355625,-266.659903007632,-101.68322897039845,269.5383064202466,-19.243882133528544,-278.03337401064994,-291.76399570960666,-1.3034037038889452,-149.92501805537145,-85.63154115228582,-499.9529289209186,154.0991549612796,4.259331457861491,51.05119472745238,-283.53551254037933,-144.60214948694053,1.5845301297904293,-108.47170742684662,436.718978631472,-316.32029171423255,-404.76177195488236,-378.43013690420855,-129.39082196611662,12.01938616707743,3.2778480780277426,94.501474110457,379.9006240033172,483.2730635183347,-184.7908005710228,256.87142339894734,-243.78014029998567,-111.46572664161398,44.61511681493777,153.13892034018986,394.0654115616316,-36.04809979910475,394.1101641308315,-470.24090930455475,-166.21688679910858,-248.24971537884954,-359.43738469231664,-254.31387229186953,391.5249883589785,-67.06921200877436,-146.44041537914262,-370.5093874039742,21.025843070742972,338.0506289714897,-157.7345391955682,481.99426561260935,-443.91771304064576,261.57625816778113,-412.0503478790206,211.5308022983878,480.8584324390403,350.5348907850816,-69.16468850725195,29.20430418486474,327.40917283496174,-280.51616795721833,-176.00216514912947,-143.1285561715716,-214.00149765252317,-111.04283887358852,223.28346066155444,-255.4969457857033,-374.2969917231318,-38.1620978595357,-10.558700806568156,-219.88852104262045,-113.19058685229432,-53.79693040095734,-128.83877127047492,88.82654438653172,357.00995092822706,220.75347116720238,-103.30244423162591,497.4433806166031,-389.8453733098644,309.0892580167863,5.122919614672878,270.83354286527015,63.37497860250368,40.7383180295723,255.8910550889566,-167.01928041281053,-434.6058599883718,131.02955229118228,-171.87301646913642,-20.23244322025471,-499.21297004089644,-10.681447263091021,355.79425993100256,230.90186302605488,376.01343237935725,-86.4875874575649,332.5896479666886,435.0363847902204,-483.8730492786915,430.7903182461738,114.34269873742517,151.51765095380478,127.05608834359245,-362.84653390914866,7.315170530609604,213.37481898069572,-25.033822030649542,487.61195657467164,198.77011730351316,209.12611332088144,-64.4277494377634,-499.9999995979248,470.20774741748056,-59.810960633273204,21.489007984423772,197.38250459334682,125.19146964682479,45.92967216106953,14.905938046434393,98.53799462914162,-32.48881520894274,-1.1741068944054576,247.38145939720155,7.160106467035102,49.40959451223522,499.2636043134639,-138.82353621997515,224.06147159326838,307.2976872433719,337.938195803816,59.46198067319116,176.58033180767808,125.16273124530977,428.2229582049536,310.8229272795811,283.7370248689272,487.95999747920513,291.32625529465173,114.07423270989725,64.07302933242988,-206.4385403749811,40.640017299764544,86.41274522944664,-199.87159826303372,164.034728397146,-199.220552390392,-10.2593867995946,116.47738660252539,-75.8318554514911,333.11735217266227,161.58426608728297,-194.61401169134317,499.95479889050387,499.99999996730867,97.8364461108097,-103.93626418962577,208.54169028528557,2.929363781845611,-95.98709274305315,-6.254945256886403,-66.75166088094174,-28.71283432733977,-48.77412486404353,374.6191244469214,150.38285862409853,145.35686280920902,-205.07901539580013,-103.74295025178913,71.03480536085755,-443.1304237561204,137.2202063580906,9.969783808767453,-98.59812489567956,-497.2614276401239,-489.311869203367,-54.4444854231575,-64.93722658046973,-120.16652779919326,-26.061397018729043,100.39258022825581,141.3435002865744,-39.07322099322848,10.67572629795653,-2.8444349705696883,-3.1896422387873646,-238.66045875889108,-310.31906933593535,259.1097819956887,-50.84714026158726,37.2697280803045,-15.464951936555469,-100.49418267189873,-115.57549301578553,-15.349163794616407,41.586371877926425,107.63590634833619,-121.63676525076265,317.7727051058406,-147.128528275112,272.61613076812154,2.228007996950475,-103.10583378679782,484.70872550906284,-0.8345020265001446,-8.08371376988415,4.66006132246389,149.96807186162138,-90.15886500367974,-98.84626273273851,-38.72142076949611,-144.01102952373935,196.42003402540578,179.20798755825172,-144.69912583083087,81.30270365368897,-29.515347545718612,5.545964672032958,-176.84994609336957,-195.793193954211,-25.967704330349594,-45.3403598471822,-26.208254098933487,-210.48969461942335,-18.598581705235386,-75.07848043151157,67.28927865101305,12.740595943289735,-264.76003997930684,459.4900432753889,-42.85734566998474,-375.92024304461773,6.462811538160308,432.83705262232206,-452.1793300043372,36.446961512993795,414.937353438346,-0.834502028202714,-437.06900016289694,-113.5892479615872,340.45084886461484,-368.27002681920055,443.044426866286,-499.4326896496849,-499.93604625964093,25.879016208005737,-37.499275312684475,-291.98387191684947,113.73922058083949,-358.93337260859613,-499.9999811795355,13.154379107582665,41.43884056569043,-170.6619576391295,-496.01100147585305,43.0134980054359,-225.78498983390196
116,-0.31194511659727564,-499.9999999994879,499.98931562934547,477.7214599131196,402.0061570726082,-0.4681910313306637,44.115902100747896,224.59198607266626,-23.501226677366127,-45.58930365900222,44.1073224149884,-40.92940179154592,310.5074766537051,-88.78174280640906,224.34305729167437,126.06367870676353,359.2320778697766,499.9999808434504,-80.06365973252508,-432.9503807618698,157.35350486786987,500.0,20.695631553302512,81.71459202453168,-266.2655723869762,-101.21282960449261,268.910693295025,-14.977062735866184,-279.50518205783663,-292.16500439654675,-0.9970898631529375,-150.15802515415473,-85.71129456090486,-499.9529579795498,157.33224814146928,4.081268860010979,48.45367068352406,-283.8555610573482,-143.88174552437158,1.5520424740011296,-106.4175923524991,435.25653847917476,-316.61275957705834,-404.8084582245386,-379.15960777286,-127.32321143246922,11.796117581281884,3.317750006070899,94.9688939924334,382.22080697223265,483.1084952192042,-184.8837776099759,252.35146868522568,-244.191549839975,-110.17307799019675,44.39115947334262,149.01164272002032,396.22948916437383,-35.18740801485037,398.13391579702227,-470.1739438605247,-164.5779905246424,-243.99601976475836,-359.0890834343842,-254.0247227985681,389.41213149840377,-66.06451518798005,-145.08846175196,-377.1944678004259,22.575884201710082,336.6373863455534,-157.29201131290623,484.309066358473,-444.17766806666106,255.24517688505222,-412.4772417100814,209.91478707831067,480.6373285038251,351.0106263954446,-70.8073194935711,26.944200962451834,328.4262895512774,-282.25862817649386,-175.76274464857863,-143.8603524865342,-213.78698322853248,-112.60880452264803,222.17985835270724,-254.42466415873676,-374.63170302446025,-37.01847550724405,-12.22790948140946,-220.82358930166416,-113.51815961048258,-54.22597350388932,-126.96543023574769,89.13248032957677,355.1046031586115,227.80092802903522,-105.52019101595646,497.3531468556689,-389.9877572078263,306.8401110232556,4.180025997934457,273.55982350644666,62.991470165081,40.30151047080341,244.99502838301197,-166.77032479981688,-435.00476782219044,131.44342992104552,-171.3065418340608,-19.382130717492018,-499.2006040038471,-9.71450185541558,347.4338242869092,232.66801636745305,371.46825031686217,-86.72789409619607,329.45377050677126,435.29480141596974,-481.95072686159057,429.41996346991726,110.81686816494393,152.24824364102992,121.7414461181242,-363.06782208537805,5.164316416571383,210.0605008786687,-28.112809701241336,487.63010651132095,195.60452812197101,208.16127367474255,-65.44347138088521,-499.9999996484744,469.5074194804025,-58.67133159519007,21.984246152332954,197.77762034064165,124.35264628969516,44.8697568473183,14.983574439295733,99.07005087002663,-31.60055807914469,-1.1965225909997612,247.46629558540695,7.82619579622741,50.46130204640175,499.2855636165672,-140.84174121407028,223.3402591893518,308.5353816724993,337.12670302310744,58.660386362574265,178.39181795885432,123.21291445674679,428.2196834653515,310.56678763734743,276.8473187709216,487.49398210817344,292.2294461567254,113.89471704957435,63.19683235407421,-208.2492836868039,41.22902295215743,86.00723268162358,-201.61586189754723,163.98794639489836,-199.19869290710432,-9.964364823204082,122.14168207888137,-80.21439552531804,332.0462729046594,161.61073520377727,-190.43004458521412,499.9640285393548,499.9999999558971,97.02465643945503,-104.37216649576895,207.2527558999806,3.6299899955688963,-98.01178337734204,-7.26029511906985,-66.54838203773026,-29.38726650348863,-51.36442941161516,375.2650903031585,151.25818833451714,144.09512005701836,-204.8452124669323,-105.31573661673346,70.70286574661479,-442.8295093907184,136.4980887952266,9.782299956331475,-99.18792182439505,-497.20135435688445,-489.2806759881237,-55.11219732480916,-65.64289997088795,-117.8300647898071,-26.46816885739059,99.70771929206526,140.5627780158952,-39.810800801835306,10.823558720502417,-2.972722094458959,-4.313330651794609,-240.75796551964498,-310.304237874931,260.1294403085351,-49.90709628370375,38.574006690297956,-16.293243588470858,-100.7684379269281,-113.65351222563162,-15.043120926994073,41.18176448917607,107.76545346213814,-122.32510564382846,317.6001541137365,-146.6722338399907,272.44378351893346,1.82219983302734,-103.4878236595824,468.191241131126,-0.7806825459906163,-8.009686510131056,2.9803553002794283,149.69272291267802,-91.27117087117884,-100.65831040930128,-37.882621067096835,-144.15457890910022,197.54802003800913,181.66489576350537,-145.85916521125682,80.76566701393966,-28.933810284725897,5.923969973121641,-176.79152512246037,-195.04711602497724,-25.52479549303289,-45.89739708968269,-27.55010651807086,-209.39447407442134,-16.68017642311986,-73.35638007927551,66.75095446090273,11.89515173584317,-263.30524545945565,460.9026615356977,-43.77524585499573,-376.6110399572006,6.912549672997812,434.920346851195,-452.1668549572958,37.71067925802837,417.77255894653507,-0.7806825475767715,-434.4321777609823,-114.44711206342681,340.509058214799,-368.9371838897108,443.0859348577523,-499.4362454000373,-499.93668677168625,27.45314228979367,-32.824114358310844,-289.00563576868075,121.5165469748407,-361.5237786319376,-499.99998121717573,13.432426251561147,42.06229565035388,-188.04466926622428,-495.6828001412728,47.14030947293071,-223.052665562444
117,-0.29182683615851834,-499.9999999994604,499.9893805764232,474.23322885201117,402.18396113401536,-0.43799598997562206,41.59915686401288,222.790383672448,-24.337743545756016,-47.15521536306136,43.203686619698914,-35.95587399496439,309.3264350955677,-89.3079773125735,222.92040709720277,125.04822642041167,359.5176570550702,499.9999838379509,-81.4221455819582,-441.7299078535313,158.11649554331433,500.0,20.94547642137431,86.85148257216736,-265.9411822905687,-100.859072547355,268.27067067719287,-10.698068887002842,-280.9074392517348,-292.45747561281314,-0.6949297610583396,-150.25093231368655,-85.81571672607593,-499.9529855805172,160.52840259664586,3.9558761207313204,45.86490130484364,-284.1686179725934,-143.03651523303415,1.489444225521133,-104.39062500090269,433.90772680453125,-316.900362440002,-404.8324421753926,-379.88372158915075,-125.35955177967486,11.525931945326555,3.3235382877695048,95.41652332199044,384.44449488634893,482.9032172831153,-185.0170376138123,247.91152520060658,-244.603318201948,-108.92767706701753,44.13269114792469,145.02872955472037,398.29407988882224,-34.33248904342109,402.2618333764903,-470.10996252952157,-163.00437906513375,-239.8184044582675,-358.79273819315125,-253.75625948289283,387.3448764194155,-65.08401390548725,-143.78817541047093,-383.28593050126267,24.141943404537304,335.22037825405505,-156.84386189083958,486.450743860164,-444.4460641553796,248.97848489906903,-412.8813057985313,208.33029208162998,480.4191590274302,351.4300250696337,-72.4469527601343,24.729908919864894,329.40295336252586,-283.9523147139261,-175.5652006691914,-144.5824965090334,-213.62302062794754,-114.15798151050144,221.21661883752586,-253.377811318387,-374.93714477500794,-35.87209072000288,-13.999242453571698,-221.73236276605837,-113.83527567762944,-54.69673977359441,-125.50724524556125,89.37768521729419,353.22062857852376,234.56081689505066,-107.53568366548416,497.2622700866881,-390.1135238261593,304.73044198316046,3.293775791414545,276.1921281095273,62.56052796810412,39.82707861467777,233.11121965479757,-166.59524969283981,-435.38451837270264,132.31564517228733,-170.70709729849702,-18.551811051038698,-499.1864431563169,-8.778303991167888,338.93084441163825,234.38634576465435,367.0068685757618,-86.96074891428918,326.331522849432,435.50214568558556,-479.8250455030588,428.0503765245634,107.42099614401268,152.89171469208398,116.48200302007963,-363.25487757405807,3.0761453687918805,206.74930721755462,-31.368556828330263,487.64660342443784,192.49765560869236,207.16171203056334,-66.41175458265843,-499.99999969077777,468.8165594341496,-57.53007084690443,22.503760839804848,198.11645328683687,123.56540709232588,43.81517249239593,15.047669195772194,99.54353365929092,-30.717077834215527,-1.19524006181681,247.51406492663492,8.475739112459596,51.52303862488169,499.30744244546264,-142.83252679585596,222.57530820553256,309.7090582329333,336.3007959804968,57.86335593118238,180.10229602170037,121.25428906738303,428.2692890375709,310.367269114041,270.03507745706384,487.0180187293935,293.0688923591609,113.68503563518196,62.29140125697957,-210.02195680842385,41.76819702810113,85.58452405296553,-203.3206217363912,163.90348410532772,-199.1835610608389,-9.700971555947625,127.57247609680111,-84.46745300410271,330.9708444474342,161.60361937012857,-186.18042580678545,499.9713400058435,499.99999994125915,96.18274593012526,-104.81348864437236,205.93419818651012,4.314535652433638,-99.94093686356791,-8.258955018816238,-66.30363484904929,-29.99623387981521,-53.889617564822174,375.8696868470648,152.01507807402155,142.85527128534633,-204.58685272907434,-106.78074175428354,70.3492592129171,-442.506368644883,135.716478435762,9.56506947174572,-99.73457070634444,-497.1364731867653,-489.2448411076957,-55.67942414455455,-66.35333415091863,-115.38871150108652,-26.893139454575564,99.00761718536795,139.77757114709968,-40.54955049946224,10.998815900245136,-2.865674053786749,-5.432226979493578,-242.5726649325824,-310.18068773690413,261.07384262016404,-49.046213883650864,39.968625616910785,-17.129171082996017,-100.93022540027687,-111.69311907313526,-14.753112473742386,40.771689186179216,107.87963275621381,-123.01600942563154,317.3801054222874,-146.03803935775576,272.21640936090836,1.4208645751387958,-103.86756777496191,435.9636381671042,-0.7303340386998248,-7.996758099098396,1.3401713914725837,149.37337132903804,-92.37153540711698,-102.30627945373587,-36.94381425692824,-144.32785748844435,198.6046660360291,184.03868822320285,-146.99432185474524,80.21859764951836,-28.317724400094335,6.261632404805217,-176.7332563543667,-194.3037757790916,-25.060349065211508,-46.45518567401742,-28.868165183382985,-208.31299162352386,-14.733428227513453,-71.68791759926846,66.24567064878588,11.040633598956559,-261.8388842359411,462.23356315715654,-44.69069214981945,-377.25251021681663,7.350095857677732,436.87649947474563,-452.1577274005424,38.982599286272894,420.43489087443464,-0.7303340401913931,-431.66736063781985,-115.26333394142901,340.5465749232143,-369.58125928376785,443.11838850455507,-499.4384304903245,-499.93729535600943,28.99825018736284,-28.19273967510618,-285.61386898255694,129.04973383709714,-364.03634249081773,-499.9999812532647,13.703449276432107,42.65472078064068,-203.98566904644454,-495.2993493167424,51.08519951187368,-220.26771153409362
118,-0.27300602615819713,-499.9999999994327,499.98945073843356,470.41315033933193,402.3793093997413,-0.40974828907081556,39.262714905885666,220.98476793237563,-25.090568131471404,-48.657554117622695,42.184938176364355,-31.124439562842372,308.2068487813346,-89.86139273692042,221.66269594724645,124.1332941215184,359.81178141255407,499.9999863992497,-82.59059961150976,-449.08633771881665,158.98734525356105,500.0,21.187327225331067,92.52865006548255,-265.68895358248557,-100.66070635963243,267.61381453794064,-6.409896224224061,-282.2431561254779,-292.65415104514597,-0.4087420733215864,-150.22273855557052,-85.94859328166949,-499.9530117927759,163.68328691963274,3.8903204144482,43.29385076172987,-284.4790315451532,-142.05978266204724,1.3791420578368128,-102.39252718428051,432.6845358364511,-317.18515349860496,-404.8342656897897,-380.59986835752375,-123.51142290350363,11.183122375059789,3.2894956246137155,95.84499988697173,386.57457340864073,482.6537523070334,-185.1930539104474,243.57503973953902,-245.01791551731952,-107.73105188338043,43.832427398637094,141.19623284174293,400.26398427686627,-33.48406893672886,406.43223028812235,-470.05009667220133,-161.5005665741115,-235.71946149803972,-358.55084100245784,-253.51773777377824,385.33114450004047,-64.12805261854615,-142.54679034906465,-388.8472881078604,25.738472306486365,333.8083079117159,-156.39262190299166,488.3924347990172,-444.7211885822498,242.80471985385475,-413.2625742239416,206.7807322035019,480.2040211835114,351.80619255293396,-74.08523284304714,22.575443473749953,330.340232531654,-285.5913780837644,-175.4140006092381,-145.29972002327284,-213.5189305373367,-115.69402998944959,220.40855136080242,-252.36236624442003,-375.21097354345125,-34.753433113793044,-15.913734067156224,-222.61928903475305,-114.14152439321123,-55.213336509062636,-124.4596463333076,89.5547357935361,351.3641341783245,241.0431337759927,-109.36568620488181,497.1711464936148,-390.2212708495591,302.7968539101891,2.4520176036739776,278.7336908660667,62.076451450818666,39.31058306386193,220.20867063501572,-166.49646806252056,-435.74570563636877,133.6013770686792,-170.0801278282188,-17.742796128790243,-499.17069291742644,-7.874544736895852,330.3288470449258,236.0091341229742,362.65204949714195,-87.22824643093807,323.2383016090216,435.65083577045027,-477.48386641679576,426.68841969113834,104.17431186497771,153.46109460316782,111.3006434943043,-363.40331359182943,1.0570340290912454,203.46338018644997,-34.80030220615916,487.6612791736329,189.47496179479649,206.13587974095643,-67.33469635868487,-499.9999997264035,468.1357450247719,-56.390470830370965,23.044896049080474,198.3982747164052,122.82987372940086,42.77540167152615,15.056927297301762,99.9545419848239,-29.86012017141127,-1.2053967135602037,247.52097845909176,9.069343864045843,52.586062761265545,499.32913918928693,-144.79222304216353,221.77170854321272,310.8051770843587,335.4642294801695,57.067073684264834,181.68700463120234,119.2875076553283,428.37241826708475,310.24689483006244,263.30074885932413,486.5305906238719,293.84261160311,113.44177890262549,61.348052384610185,-211.75258466921062,42.25807672173821,85.13955258635727,-204.99020709291926,163.77843056085052,-199.1750937526655,-9.471723645907474,132.76975067544356,-88.58420535890349,329.89579908758475,161.5630804647772,-181.87175237103617,499.9771384693872,499.9999999228049,95.31183823873648,-105.26621396448633,204.59335603234297,4.754748114455017,-101.7755738680806,-9.25291540516445,-66.01422936795689,-30.533405851151432,-56.349829737590376,376.4331548478751,152.4572963523521,141.64072602382916,-204.29943601039298,-108.1336081727927,69.97384264135098,-442.16434595368406,134.87689148078312,9.324821982268992,-100.23734325330655,-497.06679221885486,-489.20505409027595,-56.391405829898105,-67.06468953039358,-112.84658541045984,-27.335539525117788,98.29312991078466,138.9896483886809,-41.29215432440768,11.199610430947017,-2.7551554374381877,-6.543123338671295,-244.33872284918058,-309.9476355199584,261.9516728943699,-48.27069292875523,41.44824683182523,-17.972971168804392,-100.99588548832872,-109.699541262659,-14.477749302501596,40.35338138179357,107.97710068309783,-123.70752284192186,317.14667603462556,-145.22926414224148,271.97321291623376,1.018467376241552,-104.24249673717823,377.2144552047789,-0.6832326018120382,-8.02992995392997,-0.2607303690434057,149.01187142688127,-93.454383815784,-103.79609847088697,-35.907621001029945,-144.52269692360326,199.58940977544583,186.32511138113588,-148.1030386738924,79.66159227225587,-27.66857315676088,6.560421229277156,-176.67248234448655,-193.56344906681,-24.57582498105957,-47.00484790996728,-30.163777757956275,-207.24549839381092,-12.76593010958997,-70.07262586396737,65.76938974883912,10.182437044428099,-260.36313788458796,463.4876432743843,-45.60011668303106,-377.84670077303343,7.777847662092131,438.71207210600545,-452.15151334433864,40.25647394214919,422.9344512018174,-0.6832326032090194,-428.77533686752014,-116.03294821731966,340.56071706548767,-370.2025053628331,443.14106730429023,-499.439705334481,-499.9378738641785,30.505798681852188,-23.611700331687686,-281.82444586881695,136.34306319222665,-366.46425580849746,-499.9999812878692,13.960843460258276,43.213441824819306,-218.5734350361371,-494.8538807269302,54.82816584765173,-217.43932952929862
119,-0.25539900856997977,-499.999999999405,499.98952620719035,466.2757564068705,402.5996104040199,-0.38332233866851606,37.13864109280375,219.20719428704254,-25.74359415974193,-50.07885781119207,41.02520246642735,-26.422434206106924,307.1641917868463,-90.44905200356321,220.5774066434725,123.35634128514984,360.13064815247463,499.9999885742185,-83.53706084662753,-455.26168022885474,159.97399523694597,500.0,21.419443481955334,98.7388832404829,-265.5013188314789,-100.64937863632575,266.9381290100209,-2.120184996594001,-283.5140416740667,-292.7636872357535,-0.1451940990597869,-150.0865064744492,-86.1103957645358,-499.9530366820586,166.7921741995718,3.8955074391074627,40.748857540268965,-284.7900719569605,-140.94563604183188,1.2065092985459032,-100.42538821044104,431.5910031261363,-317.46829299332506,-404.8126311844841,-381.30579792638554,-121.7929990735396,10.744498676186922,3.208240795190766,96.25500032813106,388.61781474623865,482.3569678169978,-185.41375895003875,239.36684872298304,-245.43625988072068,-106.582254626124,43.478944680046055,137.5176330644766,402.1471486952031,-32.64218022254556,410.5968769224289,-469.9955479526065,-160.0708635969737,-231.69972329529207,-358.36210931264645,-253.316797647615,383.3805207599838,-63.1966930609157,-141.3726903515145,-393.934313604445,27.383177840458252,332.4084026275559,-155.93938486193898,490.1242052755121,-445.0012713311804,236.75553775912314,-413.62087172864574,205.2766806548235,479.9921572105328,352.1498983860096,-75.72024510157514,20.50163839842933,331.23936468836825,-287.1705008127663,-175.30968121277692,-146.0140869231995,-213.4878185538848,-117.22060234241317,219.78693716461675,-251.38472975501486,-375.45031593891736,-33.66701642075597,-17.97001391393829,-223.4864824823956,-114.43233146228364,-55.774709062782385,-123.80602562714782,89.65948424342052,349.54363440079595,247.25786059906557,-111.02649970521698,497.0801555156094,-390.3058037294387,301.0960482151218,1.640781161284959,281.18765415777733,61.53501476035043,38.750538722489615,206.28326113998375,-166.4736493627568,-436.0888141973074,135.25841746735523,-169.4284728876339,-16.956096260434716,-499.1534287263356,-7.004735938129104,321.6699763146975,237.474503945842,358.42040386967034,-87.5898745078916,320.1871736651683,435.7349606750386,-474.91458400584213,425.3399447288658,101.11651340584889,153.98985322670512,106.23596162542019,-363.5080625582382,-0.8813094520370931,200.22206733405744,-38.39319289410627,487.67406215376093,186.57892624226176,205.09230355520296,-68.21433068381951,-499.9999997565851,467.4654741261581,-55.25250014573704,23.605263454197406,198.62584556263363,122.15015507372236,41.76218376606951,15.003787805221132,100.29790004669371,-29.049138800606677,-1.266927912747446,247.48265403414953,9.598450229692583,53.64762586938619,499.35053296098766,-146.71621628552026,220.93952250780669,311.8286231834215,334.62214169848386,56.26701894456055,183.1187460813117,117.3166292924048,428.534292689377,310.2351518481778,256.6419531563481,486.028515484573,294.5485947882078,113.16269212332843,60.36374112635094,-213.4289273790792,42.70114050103014,84.66782015605382,-206.6142268458549,163.6085660677544,-199.16574397104944,-9.274761019493996,137.73704091561473,-92.5571049226365,328.826562211248,161.48912410525475,-177.50745978688758,499.98174497800795,499.99999989992875,94.41357174995773,-105.73370620786727,203.2378419507574,4.948853774361612,-103.51059897473696,-10.24419496876186,-65.67075297951916,-30.991171885779387,-58.74523824290669,376.9572328500955,152.62031235147685,140.45502320611706,-203.9759500132017,-109.36119979445223,69.57585098267174,-441.808849406295,133.98236753908458,9.06915713473287,-100.69090024210682,-496.9923437231687,-489.1620000908881,-57.26488005674269,-67.77193049675068,-110.20496352590688,-27.794950729140346,97.56623544339466,138.20141687561082,-42.040997237503106,11.426870798615633,-2.7516547104101936,-7.6430191392655455,-246.13907376028234,-309.602006567854,262.7807835121112,-47.58741686479032,43.00557443108339,-18.82475004165053,-100.97084994199545,-107.67566383570497,-14.215965765527264,39.924184049289984,108.05733249748064,-124.39786818438613,316.9340528351936,-144.2488821309186,271.75360445573295,0.610455424738731,-104.60983589505278,280.7231156535585,-0.6391688233960189,-8.068143008601321,-1.8213380586198906,148.61187876239063,-94.5110601526967,-105.13464692014757,-34.77367099405486,-144.72981967534824,200.5039370276324,188.5221662304163,-149.18258617787927,79.09491644863846,-26.985852837846263,6.821506023015369,-176.6050128980763,-192.82496247590512,-24.064447346692265,-47.52469893084228,-31.43718927879629,-206.19116110000846,-10.779511561830619,-68.50920032889391,65.31910239432827,9.327157918402362,-258.8784735987025,464.66960912523257,-46.494110518847506,-378.3964431096415,8.211389873918137,440.435526738378,-452.1470992401838,41.53276903885267,425.2833160312981,-0.6391688246911372,-425.7557291923575,-116.74984086169252,340.55193697895277,-370.79940347615764,443.1539477337176,-499.44078309434553,-499.9384240194485,31.966285396346343,-19.081148915852832,-277.66929371281617,143.39885535517863,-368.8033422117872,-499.9999813210529,14.201417120855305,43.740678966450375,-231.90531339890256,-494.3390907606496,58.34668736804043,-214.5716664961083
120,-0.2389275237112764,-499.9999999993779,499.98960753831665,461.85367391114204,402.85182553396595,-0.3586006810328917,35.270828159516505,217.5025676557419,-26.274849403103133,-51.39518483239188,39.72178559415416,-21.833360045311824,306.21705705154886,-91.07859011975874,219.66915369284132,122.76951566150444,360.502428656704,499.9999904074595,-84.21681916898443,-460.4519564102802,161.09211675751914,500.0,21.64656418046356,105.44938350604563,-265.36086516415907,-100.83673228227292,266.2416242036362,2.157549847433652,-284.7216857053686,-292.79496701760394,0.09322746695500102,-149.85563321281415,-86.29923208543184,-499.95306031103075,169.84909243747938,3.9855491968600547,38.23552915784875,-285.10381091679176,-139.6903174015316,0.9637152868272824,-98.4922471128189,430.6214724185108,-317.75062957072845,-404.7646113538219,-381.99971562303796,-120.22348419953039,10.195808920870576,3.0673017068731814,96.64722692176396,390.58238737485794,482.00980248328557,-185.68097226239504,235.31395778597067,-245.85890829455002,-105.47926093247041,43.05280917230258,133.99437030808537,403.9527151124051,-31.807246609598938,414.7136980468749,-469.94774437061324,-158.71983675532266,-227.75879768621812,-358.22347757774486,-253.15823355795698,381.5044797986206,-62.29111630636908,-140.27835301056098,-398.59605196608874,29.09370045081851,331.02701622139455,-155.48506649642084,491.6468648625158,-445.2844991714047,230.8655118844379,-413.95584464331586,203.83301404242388,479.78396796705727,352.4702567489785,-77.3498539897989,18.53322323362332,332.1017170195918,-288.6848171991384,-175.25116476947912,-146.72674605883853,-213.55009042930513,-118.74153387695226,219.3972720309909,-250.45236932570796,-375.65194502775387,-32.60232259887533,-20.14575794044948,-224.33531737131216,-114.70316186043918,-56.37670746044172,-123.5252165795781,89.68750765658574,347.7697970055095,253.21490901430664,-112.53772155070777,496.9896786642256,-390.3582847469211,299.7029025334671,0.8399176220601853,283.55706690068104,60.930082905660875,38.14660256282813,191.33900372758097,-166.52544760136502,-436.41424315325554,137.23528365751665,-168.7559016834264,-16.19392659769527,-499.1346223196718,-6.171782431545621,312.9953043712171,238.69824018851378,354.3190491724745,-88.13417068370738,317.18963049232957,435.749024924408,-472.10322302312824,424.01022035675464,98.30568819242698,154.50483322083045,101.33617575676121,-363.56380979192875,-2.7259790514458793,197.04237933597355,-42.122634989442446,487.6849557104503,183.8636710459382,204.03948916856734,-69.05286525447767,-499.9999997822997,466.8063030881239,-54.11547436105913,24.18242432630192,198.80164009873195,121.52853220555807,40.78249121740981,14.901601396465441,100.56447033841125,-28.305188649077795,-1.4312327143220638,247.39163585587417,10.073020087838156,54.702450827435165,499.3714761631354,-148.59998005217878,220.08896870827178,312.801189427744,333.77890595297544,55.45175407566972,184.3631064072552,115.34600460713413,428.7634300078771,310.3671501170074,250.0464328436962,485.50533900091807,295.18268889954237,112.84311450679685,59.33597267420834,-215.04094898522308,43.09846979052056,84.16108527136434,-208.18143661287624,163.3855624559085,-199.1484221014059,-9.109713763467242,142.47762499558957,-96.37947401873829,327.7673551360867,161.37908228169348,-173.09175494483407,499.9854116480159,499.99999987202546,93.487060304374,-106.21878898002497,201.87315298498723,5.021384106826219,-105.14215102863537,-11.237933887681404,-65.26636795051007,-31.361404260014826,-61.07866232738324,377.4436041601715,152.651740352117,139.29921092571527,-203.60742662999152,-110.45455460359781,69.15080990760805,-441.4504882166186,133.03447190993532,8.804426569282837,-101.091295471979,-496.9133452728152,-489.11669369077293,-58.186177639105686,-68.47119235048555,-107.46715449626313,-28.274183795530394,96.82671405422002,137.4131603725944,-42.80146641564482,11.681128133104126,-2.8436617228012713,-8.731746869665876,-247.93686455941682,-309.1391972780858,263.5822251410092,-47.007674169575665,44.62847684369411,-19.68737825927479,-100.85485713880999,-105.62469574698767,-13.970970977670056,39.47798562281362,108.11764724328074,-125.08763587093749,316.7539812823974,-143.10382506091736,271.57186290177685,0.1933868044636579,-104.96859259286816,144.32134084424024,-0.5979468510522703,-8.081278061465573,-3.3428412714015905,148.17527083687236,-95.53354290934519,-106.32984314825826,-33.54442048913218,-144.9403587394525,201.3490509449715,190.62695128489088,-150.23116976108872,78.51570800648145,-26.26974658147974,7.043061721055356,-176.5264989260132,-192.08712086343175,-23.521677893586414,-47.99897356854522,-32.690245835095034,-205.14865218874897,-8.77836159915195,-66.99774180308968,64.89044147638786,8.480841635376404,-257.3853226922993,465.78388874966794,-47.364199720112396,-378.9065832313206,8.663195901477954,442.05525553441146,-452.14324025796805,42.812553903974155,427.4933187048756,-0.5979468522673536,-422.6085421122786,-117.40816613341606,340.5237636234567,-371.3692877525967,443.1580565036813,-499.44275338397364,-499.93894742728264,33.365918438994306,-14.602037075281139,-273.2105051094883,150.2157971359526,-371.0525169556851,-499.9999813528766,14.422011151938284,44.240036057736035,-244.0789491213277,-493.74769821396666,61.60261465754856,-211.66693844845804
121,-0.223518361312823,-499.9999999993514,499.9896956935836,457.20136755306186,403.14113434905727,-0.3354734368754884,33.70900500356338,215.92310313197356,-26.659710260987115,-52.574368688644405,38.30717726027515,-17.33148403697548,305.38646806095267,-91.75281730628578,218.938269898145,122.43493966781125,360.9649507905163,499.9999919408801,-84.57629322330725,-464.81585185857307,162.36260927903183,500.0,21.87468240452434,112.60372116640522,-265.2397307601068,-101.20102846196946,265.5267009361763,6.403550695188822,-285.86821527415606,-292.7595295473676,0.30709394916920557,-149.5474350283026,-86.51110545986496,-499.9530827394428,172.8460564003049,4.176346208849134,35.75661367037971,-285.4208164931504,-138.29306560871916,0.6546801139491741,-96.59731623721233,429.7606553421775,-318.0328855876034,-404.68625576980617,-382.6805237090755,-118.82976971633822,9.54007955444401,2.91611488287184,97.02239714432699,392.47550666927924,481.609074109875,-185.9968792341576,231.44514728885943,-246.28666453105077,-104.42010572378614,42.5954520603163,130.62625174430883,405.6889262835206,-30.979029086467893,418.74216817996466,-469.90851879921536,-157.45282425437827,-223.8962453715747,-358.13154612759865,-253.04194378475674,379.71586393254773,-61.41319999811083,-139.28375989616316,-402.8757079293019,30.8832869116632,329.670012921126,-155.0311563376719,492.96819334139667,-445.56905716392015,225.17069158864007,-414.2670442158872,202.46527751685062,479.5799674557735,352.77516503761404,-78.97239265367975,16.69485828781791,332.928748653302,-290.13003730673483,-175.23601287010632,-147.4382679969359,-213.73729497150364,-120.26101713426009,219.29360385732028,-249.57434559418436,-375.81261914513664,-31.54649122191208,-22.41999319924314,-225.1667862961027,-114.95057473636581,-57.01265921990626,-123.59355957757927,89.6376661748369,346.0537676958584,258.9240729312016,-113.90553207787785,496.90010924580747,-390.3668469339271,298.7039063032809,0.06853303483522952,285.8448822679843,60.25940592026701,37.49891340067728,175.37641664150738,-166.65046638111374,-436.72234598916395,139.46728651404766,-168.06826248062893,-15.453176855025971,-499.11418204569316,-5.368699196799735,304.34490320753815,239.57383355440882,350.3441725473505,-88.98478026625403,314.2561040460998,435.6873964505128,-469.0338805192707,422.70422370697895,95.81210225482208,155.01562379642738,96.6524545588473,-363.5656384172725,-4.465595998439756,193.93907653686628,-45.95916231763834,487.69400591874745,181.38809094031012,202.98559073993746,-69.85188436048846,-499.9999998043265,466.15891993756026,-52.9757675906565,24.774360999778793,198.92754897862324,120.96366442539146,39.838423968707964,14.767708560512268,100.76003335512893,-27.64737020102315,-1.7648272600908457,247.25108096053813,10.506100222794693,55.74090495809531,499.39177886770574,-150.4395253165351,219.2292459763262,313.7629958978741,332.9369858715732,54.59698883978362,185.37530851507702,113.38061970374115,429.06952922977956,310.6804220188112,243.4822771298514,484.9494435377708,295.7514427829437,112.4953642597842,58.2620938332581,-216.58625164863813,43.44975157803932,83.63151496698019,-209.6875466182565,163.12397952694695,-199.11860680472873,-8.96227578775814,146.99531091508808,-100.04145464770646,326.7204012411433,161.24643393396278,-168.63135268524803,499.9883358030902,499.9999998385029,92.5465086497841,-106.71985335043723,200.50035007139076,5.101356563560285,-106.6733459657305,-12.221019607816222,-64.80152788379806,-31.625566593986367,-63.3352970813763,377.8930833016755,152.68586465771733,138.17171807181793,-203.1824240616977,-111.41613789552781,68.72299897161221,-441.1069243282812,132.03384980828184,8.556030242002393,-101.43929953421286,-496.8303460796216,-489.07084788546075,-59.03312670224348,-69.14608741815846,-104.64083761055375,-28.745505514941435,96.07342858749774,136.6303550051357,-43.564456626450706,11.962484320546473,-2.952799837976883,-9.785103111291418,-249.64968024997748,-308.5541913035914,264.37507317406613,-46.51930703668833,46.310642480632126,-20.535534533456136,-100.64834816092568,-103.54902370705354,-13.706612736324056,39.03336056457757,108.16389681984968,-125.75329206636037,316.6050016944568,-141.80150835739002,271.41895193910005,-0.23490457458446984,-105.28619876579437,-14.956613948768105,-0.5593834687037358,-8.06608745320375,-4.8021132446196955,147.71072067498895,-96.4967144336441,-107.38073302100958,-32.20134194059697,-145.13286817406947,202.1260505457469,192.64041939874207,-151.2339601831439,77.94379795657287,-25.51809445030521,7.249349144202138,-176.42030541163217,-191.34918710629466,-22.947533087796284,-48.4257954025649,-33.902995594307875,-204.11692737527468,-6.769960383262696,-65.51733872798988,64.50012436937067,7.6506108123603145,-255.88483504534858,466.83492999865706,-48.19402678443754,-379.3825050309109,9.139086972075434,443.5779378651935,-452.1391087549538,44.09372705626533,429.57435478517533,-0.5593834698387837,-419.33432144453354,-117.91303194373643,340.48156576821845,-371.9091762610485,443.1552917394264,-499.4471638317685,-499.9394455849787,34.934424065091896,-10.1800033339871,-268.5472256270405,156.84086142382466,-373.1997973479816,-499.99998138339816,14.648327276426137,44.72179444311147,-255.18816542994765,-493.0725138127186,64.53532379387555,-208.71825487063563
122,-0.20910298956411277,-499.99999999932595,499.98979175721865,452.39428961618404,403.47020583178715,-0.31383774866092135,32.49892830392678,214.52361013439412,-26.875528735264716,-53.42085581664414,36.85366635212701,-12.706958953744728,304.69331151861655,-92.29620636917157,218.3797096106842,122.41846001363993,361.5596023063562,499.99999321326493,-84.5615253267412,-468.4829181439094,163.80540833150792,500.0,22.112346495709303,120.12938610547988,-265.10091178767806,-101.68057750777034,264.9296881106098,10.592774289554757,-286.95323976529323,-292.6678143258102,0.5013286565433117,-149.1778461934138,-86.73580533262272,-499.95310402428476,175.77343141281816,4.482865727490123,33.3851530235086,-285.7383314271414,-136.75132055172207,0.3008806068837503,-94.74530846713796,428.9797561077671,-318.30970205301037,-404.5737067102947,-383.34246582768395,-117.64894594818851,8.806087934243244,3.5800897821969637,97.38120704664925,394.30236918208175,481.14909813898106,-186.36871295373402,227.7885443297982,-246.714669260583,-103.39995296736359,42.93458815957891,127.41175851312508,407.36172349764234,-30.1204683606302,422.64793516957945,-469.87977561241087,-156.27848809368496,-220.1085262604956,-358.0788430517066,-252.95390061578428,378.02727555476844,-60.53356641275699,-138.42082542676562,-406.8114476972523,32.75557935525376,328.34279068874844,-154.57875771036558,494.1011645678001,-445.85326400473565,219.70567500795053,-414.55409787038167,201.18817536750527,479.38072723755073,353.0714498717633,-80.56899905795449,15.006292572178864,333.7219479040038,-291.5028661659469,-175.2250634698539,-148.12009133857117,-214.09360033981537,-121.78492857042217,219.52679863275668,-248.76113365841692,-375.92967048706225,-30.533885668239545,-24.80111435131546,-225.95857713708494,-115.14795903487868,-57.6605885770931,-123.99527496773737,89.61105110773646,344.4028064649682,264.3949888516676,-114.77762006461695,496.8118429568963,-390.31723863674137,298.1812589409634,0.06643099769004526,288.053960249018,59.644090724719604,36.81764513244638,158.3743459040156,-166.84430246342427,-437.0135012697265,141.8867105650554,-167.36643050045512,-14.613271409377052,-499.0919951543377,-4.406957544519788,295.7575048767077,240.06672105658762,346.48197770840915,-90.29873691928216,311.3963122309292,435.5429874733893,-465.6891167050712,421.42669363670603,93.7059298486145,155.58754865795518,92.23467467320934,-363.50998647003803,-6.083651251338556,190.92457329533667,-49.870724386526724,487.70136452421286,179.2070832157897,201.9378640170667,-70.592012423443,-499.99999982329086,465.5241023542233,-51.741916396392895,25.39602990325111,199.0527043024229,120.47305211018887,38.94948402161681,14.592274912565118,101.25896211280893,-26.98193616221356,-2.3023239602331387,247.3654129216629,10.887074477567596,56.79514217283156,499.4110533382324,-152.22868198256475,218.3899494842976,314.77736670874424,332.11975867060625,53.66120101031842,186.12209811880845,111.45398951484019,429.4605587201341,311.20855125917336,236.89494099998578,484.3426394926135,296.530916344145,112.50730455685535,57.169255074835085,-218.06174238253914,43.81654154536884,83.554955880909,-211.1059766460233,163.28491880227253,-199.0246933283604,-8.499986979705346,151.39123728284378,-103.40642942909624,325.7164262553411,161.45603076523815,-164.13744846268563,499.9906720375158,499.99999979879783,91.9402278931108,-107.13175236528494,199.14800953937063,5.233007164113237,-108.11369999605542,-12.752555514473816,-64.29200002644112,-31.648968409573666,-65.13725520065489,378.3189158989708,152.76162311072503,137.13494867216107,-202.6881822425891,-112.27095705617087,68.84877861071293,-440.8027701240644,131.04776699922357,8.651885382499371,-101.74163530132441,-496.74423423771526,-489.0271438473049,-59.77384836900953,-69.51564445261232,-101.75360308458151,-28.63919161611441,95.39391840363479,136.01575148522096,-43.959712458361984,12.296513876655972,-3.0332745654655997,-10.354277848019496,-251.24304888354953,-307.85636414422686,265.17179662580776,-45.60766905140419,48.24129378327943,-20.90271588146623,-100.37605080139963,-101.41236970509797,-12.795674562892355,39.04365404379955,108.41649110114673,-125.96239938804335,316.73302344014115,-140.27634405246297,271.42558046755613,-0.6525803306461165,-105.07380507340564,-166.34066033809498,-0.5233071683726828,-7.930186499659985,-5.773339863141509,147.43204823880066,-97.08207546499698,-108.17525468640487,-30.404566228409333,-145.0730303329694,202.9403372869026,194.71424490330605,-151.90439171920832,77.85196951078744,-24.653162744180595,7.90125672553248,-176.07539751921095,-190.60472365854702,-22.28627565987086,-48.80341801781044,-34.65484487241986,-203.10828505248617,-4.711521962261244,-63.6812326334722,64.51753291324383,6.929869186134444,-254.37350676626602,467.83813169272855,-48.715572958827046,-379.8067598281219,9.726547201928112,445.0083193418072,-452.13339137567743,45.392182343445874,431.5345255734814,-0.5233071694276955,-415.92385655386,-117.09989229836833,340.427702498364,-372.4159588115369,443.14725617920925,-499.455999387592,-499.9399198905468,39.619550068893155,-5.794914068007859,-263.79495945287226,164.40170929848983,-374.9114629261584,-499.9999814126729,15.559687102273797,45.40183970314924,-265.35335337470855,-492.30513807174947,67.10122079767157,-205.50191759704717
123,-0.19561730814722447,-499.9999999993016,499.98989662169294,447.52110874108547,403.83850816431845,-0.29359740995111816,31.670291624790487,213.35005998293482,-26.90571381048763,-53.91176949068203,35.43515332011605,-7.912948152546912,304.1550421507401,-92.68717979215349,217.98187179411184,122.77517437613568,362.3196399043358,499.99999426011203,-84.13109451092492,-471.56107486733816,165.43166248868056,500.0,22.360480049040437,127.94082224833045,-264.9145474636651,-102.20915973481361,264.4845266977116,14.696066724193349,-287.97612430149854,-292.5256520179281,0.6851102708305451,-148.75734287520874,-86.96576146940401,-499.95312421989837,178.61976958487037,4.916019331089898,31.034388917736674,-286.0505283499538,-135.07548545117368,-0.06446203977094157,-92.9583809324534,428.2234779029061,-318.58509458678,-404.42412545112205,-383.9794858655064,-116.75828813398606,8.038016159418529,4.161459555730364,97.724228962591,396.0676162071081,480.61549246868094,-186.81576102092507,224.3684375003839,-247.1446675253605,-102.41350174081383,43.14173073292765,124.34816038508036,408.9744123656215,-29.27947787788763,426.40124580922384,-469.86310282434266,-155.21480231862736,-216.3912086545002,-358.0555749184428,-252.88255123959686,376.44951021368644,-59.69534830678123,-137.7449754155179,-410.43714098477034,34.70113129740391,327.0501094286703,-154.12802398930467,495.063012727544,-446.1358710418719,214.50045639320493,-414.8168928615286,200.01086297999925,479.1858561159109,353.3650417038862,-82.1552044496835,13.475652502897114,334.48265968044154,-292.8013993320252,-175.22126530616538,-148.7534814474613,-214.7079706187411,-123.32434516872789,220.12852170745145,-248.02787822456094,-376.00153100633287,-29.68407743788511,-27.3542137040359,-226.6979799980958,-115.30690307589681,-58.331497017057664,-124.76951002299158,89.47429089644113,342.80171952832194,269.6371045072632,-115.3711346574506,496.72526305420075,-390.19637114782455,298.1920621479279,0.16135508428336415,290.18707194347144,58.89845868845404,36.073350175278726,140.2166005711392,-167.12650254852508,-437.28818661902733,144.4412467683099,-166.65679187786165,-13.783012016535322,-499.06788293445317,-3.4624528303476785,287.2702874207033,240.0099920314971,342.69125377969846,-92.27338177552386,308.61919736314957,435.29868195920074,-462.04984633670654,420.18207016590503,92.0345740965493,156.1883038479241,88.11314354308914,-363.39530239430576,-7.577073234674658,188.00907150024182,-53.82885635659797,487.70704423037574,177.35074197654708,200.90194349507456,-71.2808267603069,-499.9999998396981,464.9024131690804,-50.4996558741758,26.04506381741976,199.1475443020047,120.03828073518967,38.07502957250739,14.313514271833414,101.83951201913847,-26.390591316700018,-3.1084241342429526,247.62586838467297,11.155813348093613,57.82173100196837,499.4284022216197,-153.9648030575247,217.54947031985088,315.9145740969652,331.3019188369258,52.5764222176199,186.55255748055347,109.57481282836666,429.93982109431363,311.9740967638752,230.20473529425573,483.65983403463565,297.41632329189406,112.61789135842523,56.0505055596272,-219.5033314399279,44.14932058522692,83.62196057222891,-212.4759256377105,163.471942241781,-198.92736247656262,-7.981331550126279,155.69401217022127,-106.5267846858217,324.70311893561814,161.75518696235963,-159.66914075378196,499.9925416339874,499.99999975240075,91.38836174918724,-107.49316863987194,197.76749892339888,5.397999415466846,-109.47915603674406,-13.095553587318523,-63.7845310746404,-31.833452414495888,-66.81401718725655,378.7149948306278,152.8557720728751,136.0883559574569,-202.23188778939564,-113.07730794052037,68.99890010221537,-440.5775270455788,129.97671225791473,8.601336897507998,-102.0235354100935,-496.657617808229,-488.9895260234899,-60.437981129410254,-69.8194240891315,-98.87138681646442,-28.539293895312127,94.68593843839781,135.36368577951214,-44.2225374864291,12.603356804386806,-3.0943296931770337,-10.968899693429499,-252.72677563068873,-307.0974815764187,265.9698886523327,-44.635361711856945,50.14248397215671,-21.377642605284265,-100.11770015985611,-99.32665927073094,-11.971657397334472,39.02205203165808,108.6450774835958,-126.21103975219941,316.9654801788538,-138.65988561172716,271.5088903113294,-1.0167822828296218,-104.97961574041979,-286.19211173582477,-0.48955753212745046,-7.597301242998532,-6.786935899124229,147.16189620852117,-97.71161061109567,-108.8832624857984,-28.52431828383695,-145.10969146331755,203.73914568115453,196.73504191188403,-152.48352334278158,77.7972204586968,-23.748412701889997,8.438119071204227,-175.79398658937546,-189.87999516657956,-21.59870698575757,-49.16053364717367,-35.316322583509134,-202.16417093181158,-2.6537145021273796,-61.92533615562793,64.4800530281087,6.293873849618639,-252.87006190011851,468.8042964482617,-49.14943681384662,-380.2637087230671,10.345548121774415,446.34868942929484,-452.12352950363316,46.711644761888756,433.3812918798042,-0.4895575331097038,-412.5329026194511,-116.31457242706557,340.3513175809501,-372.8860918294384,443.1322736007318,-499.47257566890494,-499.940371650192,44.26609079721669,-1.4458320756079313,-259.5093759325465,172.8368113086608,-376.09577276054915,-499.99998144075374,17.145837182780003,46.26778855312572,-274.7765589537335,-491.4995957816137,69.21088047046312,-202.06100977354836
124,-0.1830013588326821,-499.99999999927877,499.9900105762448,442.6725083948917,404.2422601706004,-0.27466243098350945,31.220156867410342,212.40743835792276,-26.746828181064274,-54.32410127412944,34.08368800879105,-3.2306715612464814,303.7825356338056,-93.22398799469947,217.7270557512412,123.51722674127278,363.252039447539,499.99999511355804,-83.27216390423978,-474.1417580032523,167.23606161833436,500.0,22.585479912552714,135.9476194106678,-264.6691462890565,-102.75559276017145,263.97057609628956,18.682170114809416,-288.95298626015546,-292.35233568982017,0.8502516482015328,-148.3154315863825,-87.21835243661323,-499.95314337810254,181.3670677760747,5.478959474044224,28.61658369727436,-286.36072706224763,-133.29292947416795,-0.4257793547300036,-91.26802627285679,427.4524727188339,-318.88377288061406,-404.2373064738452,-384.6144207648256,-116.24720919540387,7.257445028536575,4.33741956424491,98.05217156105398,397.77215952527234,479.9981817311312,-187.34713560122103,221.2017421988443,-247.60757006064316,-101.47340575428798,42.89104298481423,121.43218768511255,410.52615365404307,-28.509383813298747,429.9669107896824,-469.86211586412577,-154.27729713910014,-212.75701844058744,-358.0796675567128,-252.83454972088026,374.98853573273345,-58.95159086456114,-137.32347525267528,-413.7827438176487,36.711544046660855,325.79562819992435,-153.6862510044496,495.872764718897,-446.4157495976679,209.57226890916152,-415.0556809524843,198.91806540503435,478.99479238207005,353.6603766686405,-83.76560332226379,12.09702860401509,335.21223208289734,-294.0253548495612,-175.3113783882326,-149.41737139623586,-215.6892289060809,-124.8881204821482,221.11561103947446,-247.39373334672325,-376.0278680829227,-28.98860169787923,-30.083322696296573,-227.44909322939856,-115.47477549688028,-59.05809964100188,-125.9137338598516,89.12856766052035,341.2916648471832,274.6596513196804,-116.03079188736812,496.6407066151047,-390.0020941541397,298.75668642490047,-0.0371358218830402,292.24689607890724,57.903280443050214,35.22198262370117,120.86834485339034,-167.51928736726697,-437.54696694958665,147.08408402627623,-165.97014251512252,-13.064426034023255,-499.0414983208115,-2.6634676057065665,278.9159776190694,239.26229546268488,338.92159297529133,-94.87477832707268,305.9303472414317,434.9374609543175,-458.09338175136526,418.9739502285433,90.79298970269274,156.68370666642477,84.27895713318722,-363.2216338990922,-8.98414079444263,185.1987860376798,-57.83017502158168,487.71002024450615,175.81299710488622,199.88069817244156,-71.95255014188733,-499.9999998539586,464.2934788720299,-49.40664456916226,26.687160149132648,199.09644196881905,119.60126176284551,37.15846458185537,13.928698623768659,102.07638808092264,-25.981340582608578,-4.325526281106408,247.60244418766615,11.304482661353228,58.740645523324865,499.44325654232165,-155.65916889889795,216.63782912842714,317.2538347043602,330.4252145467918,51.32025422888264,186.58642346306885,107.6852974680502,430.5028921379632,312.98545791786955,223.29946496336603,482.8755216267377,298.0391348504458,112.42081058901253,54.83850025008987,-220.93118829070056,44.29752826283202,83.35507504832421,-213.85473922169797,163.2927147420193,-198.90377305867688,-7.722226841782571,159.65931658920496,-109.76374167583243,323.63479613374255,161.71184908663358,-155.23126018248422,499.994039334237,499.9999996988577,90.4749593309409,-107.94590260263494,196.31684829170499,5.5524516668340365,-110.77127081798494,-13.811821038571752,-63.24742162899202,-32.360698667482154,-68.79195722190005,379.02272642700655,152.92914719504364,134.94228660097164,-201.9636825251456,-113.79755524990112,68.71474505430794,-440.46683495619664,128.68976071890003,8.152821962865374,-102.28435620679879,-496.57566634486284,-488.9633712264299,-61.05927048419267,-70.49759337609376,-95.96746472011446,-28.872809181194057,93.81103584989326,134.50087318783386,-44.82116252838674,12.840701132843137,-3.1628243936355473,-12.010807875626194,-254.12522472180922,-306.29040577087613,266.7682004543207,-44.08193437437809,51.83086474846503,-22.226034487316824,-99.8600408785963,-97.3267452252406,-11.524892176327768,38.69561819353651,108.63668129144733,-126.82726975842442,316.95420659807604,-137.01047092397334,271.3314755013839,-1.3802035014699634,-105.25018575502348,-368.7992325394315,-0.4579845078945331,-7.41596193369279,-8.109554191423426,146.6779362884652,-98.7164394601745,-109.51115365930269,-26.660545297400223,-145.56856028450272,204.33778313079046,198.49716922515384,-153.3877106346929,77.33900465058383,-22.85352212361332,8.539226076758714,-175.7986455148481,-189.17767740012587,-20.964151605220287,-49.54362467450604,-36.320761332006384,-201.2506840180359,-0.6790623753990835,-60.56858230996208,64.10816613203228,5.475439482539079,-251.3803146426371,469.7069175142581,-49.9351337014326,-380.80408684104896,10.89086741121878,447.6000688391886,-452.113819492046,47.98906850282612,435.11918994156605,-0.45798450881857894,-409.32141464623754,-115.79472492489775,340.2442108987633,-373.3235548762597,443.1066995270667,-499.49889603279814,-499.9408020854517,48.27141331269305,2.781029653204973,-256.2528857223941,180.8218214882856,-377.15121524500074,-499.99998146769104,18.44100960884261,46.662556180634205,-283.5263017373532,-490.71010553251,70.73549327647237,-198.92984725757321
125,-0.17119904994250132,-499.99999999925757,499.99013334219603,437.9327819290078,404.67827501741095,-0.2569486252376921,31.132292927837554,211.7010704460817,-26.405502821019514,-54.692780872593005,32.83507573122441,1.3122523202623102,303.57999498120347,-93.94627166763466,217.59762067221234,124.65126557767933,364.3504068839862,499.9999958023743,-81.98529909346183,-476.3025479753781,169.20056003006138,500.0,22.77827753048384,144.07316776960718,-264.34073872024834,-103.27717580506348,263.35198917397855,22.52285779692894,-289.88925649882793,-292.15931630003473,0.99229117015531,-147.8682779962959,-87.4932206216599,-499.9531615483156,183.99926475912142,6.168342578116565,26.088741714250336,-286.6693840437947,-131.41992685032528,-0.7684198701817887,-89.683567471744,426.66121509958833,-319.2062390483603,-404.01433175897694,-385.26192686648085,-116.15263770983032,6.488337296847586,4.219002492489925,98.36588958917429,399.42086230119685,479.29691004592956,-187.9586533318563,218.2979305212569,-248.10434305954035,-100.58194792815495,42.29273569436451,118.65992877585359,412.02249521668676,-27.80670337869273,433.33420191899125,-469.877627004416,-153.4698760616152,-209.20823303912218,-358.1549530073043,-252.79871151281523,373.64692213618764,-58.306741188207376,-137.19246131390867,-416.8745781602692,38.79603164260713,324.5820790666327,-153.25641123016376,496.54995037962493,-446.69149600374044,204.93362627473374,-415.2709785886321,197.91230687568137,478.8072470131958,353.9606741552455,-85.38618801043351,10.878815480843082,335.91233794114015,-295.17493892342316,-175.48675850809116,-150.12260389376186,-217.07890395224004,-126.4776273188159,222.48636755328175,-246.86963961889072,-376.00917698027996,-28.357723536902657,-32.90820146204054,-228.21994954076345,-115.63970378511186,-59.8347866141639,-127.34051050199265,88.61995895330476,339.8494515727151,279.47162301825136,-116.70793717981437,496.55843743430603,-389.73243396230475,299.86774357604264,-0.46747192081439365,294.2360262245578,56.711163666402065,34.26188199660129,100.49568953690857,-168.00595796521904,-437.7904125703445,149.77238474645304,-165.30494289816778,-12.442743324992412,-499.01235428969005,-1.984999685021525,270.7224590037922,237.87787805386017,335.1690287288123,-97.93189667080918,303.33435586111597,434.458923042216,-453.7911040984478,417.8049317810968,89.95824448107598,157.0859901537837,80.74884185578782,-362.98999171738444,-10.300598572693714,182.49986935195838,-61.86261399419825,487.70967291381965,174.60671304610173,198.87880448997953,-72.60591546126948,-499.9999998664079,463.6972559468846,-48.43551174097149,27.32169297059902,198.9286155895928,119.17257490888545,36.25761065315557,13.50070641793381,102.03300692131035,-25.668055407071876,-5.896693850822194,247.3431252417926,11.39062030148472,59.566850959368516,499.4557201924581,-157.30716047356395,215.7095607043515,318.9223725389464,329.4969047311248,49.94437108293641,186.24447952868604,105.7946422665434,431.14420535718597,314.2424825646024,216.12790126702828,481.9767596736926,298.43927488012326,111.99455038991522,53.54704481535767,-222.32207006443062,44.27585296942869,82.83536351211622,-215.22512804274245,162.83739154136603,-198.91809314515422,-7.648984886052707,163.29788796922952,-113.07428920710156,322.51815328534946,161.41216100637214,-150.789223808674,499.9952398149605,499.999999637799,89.32290940706363,-108.48964838088014,194.75805329325993,5.691302805314651,-111.98119843105975,-14.790680090601736,-62.63254803205601,-33.03097117010343,-70.96335331232065,379.2503780708588,152.97727640327108,133.69553514744769,-201.83033979114145,-114.37772572503368,68.1358989059932,-440.4665448146244,127.22417671703626,7.4738052956659216,-102.50853558619941,-496.5004914623519,-488.95215645466715,-61.6382347424401,-71.41878799243574,-92.99587792048844,-29.48675720620044,92.79077918216063,133.47814686336577,-45.658876127707856,13.056390089754261,-3.2367394477297275,-13.31157664558306,-255.4477909242171,-305.3996301806158,267.5891760985708,-43.86543021581004,53.385025026848155,-23.31154474196168,-99.55500379468316,-95.36416242990038,-11.330466256651464,38.144843075102,108.44625986990418,-127.66882806936344,316.76145580082454,-135.29179062897924,270.98239290027954,-1.786846438169117,-105.72495963809999,-421.0177294947654,-0.4284477199646202,-7.433622571995949,-9.619909476088493,146.03226068133844,-99.92366098049375,-110.04294803449058,-24.79041661693324,-146.26878686156115,204.7475860334377,200.03810190543223,-154.4974362213135,76.61331293547343,-21.953346194911123,8.354138476473153,-175.97805928598933,-188.47630614328975,-20.360496559784742,-49.930285020137234,-37.57410958167666,-200.33093868833416,1.2224980754395196,-59.48135065562976,63.500802996283966,4.486776150348376,-249.8903455709089,470.5399102413085,-50.933819178658354,-381.40428829727637,11.382520314829621,448.77169844600576,-452.10696384482975,49.213539067545696,436.75790692240497,-0.4284477208159066,-406.2688671514923,-115.42600699455623,340.1142981566755,-373.73244627683084,443.0713046012354,-499.53341474403226,-499.94121233969946,51.748360267392144,6.880005311676572,-254.02851402570838,188.2568153213309,-378.20696083595743,-499.99998149353297,19.32865295496117,46.57282745961566,-291.56893165599956,-489.93588673620866,71.71528643581856,-196.18430338647894
126,-0.16015794777686027,-499.9999999992381,499.99026429801023,433.37261160787267,405.14357553710084,-0.24037729629896512,31.38231133258764,211.23562783086493,-25.891767331038253,-54.99991085480484,31.713962374885913,5.759411941624699,303.5466072467671,-94.8146223132863,217.57573038863595,126.17587720204041,365.6015679199647,499.99999635195604,-80.28317301407166,-478.10947401535526,171.29943158814407,500.0,22.944991451300357,152.24854996157595,-263.89935135390544,-103.73112777812852,262.6548139509808,26.194074809961407,-290.7852330050187,-291.95021833888916,1.1180282507247714,-147.4214452398061,-87.77914837129498,-499.9531787776424,186.5035032490613,6.977153756096721,23.54568355942571,-286.97133228358564,-129.4694083532542,-1.0750835873214808,-88.20353685660882,425.8519195215933,-319.54667107027734,-403.75684267039236,-385.9204193191485,-116.45570774775643,5.760673042515988,3.956462043224732,98.66615539263175,401.021239482949,478.51452728462687,-188.64236197139246,215.66027073489016,-248.62514985210112,-99.7331851096076,41.50265801781402,116.02599424739589,413.4729036236095,-27.153124334652667,436.50575412085004,-469.9076823785125,-152.78868726064567,-205.7411868673068,-358.2725255430499,-252.75489584973238,372.42551142507455,-57.74836417183667,-137.34692592422573,-419.736046000386,40.968460241316926,323.41213258518275,-152.83645426548054,497.1135845632643,-446.9619027431338,200.59333576811173,-415.4635540008112,197.00694266989225,478.62327271225234,354.26913542870125,-86.99930931923645,9.838480358181823,336.5846941364399,-296.2508216186375,-175.71461073784445,-150.856770536419,-218.85528125178578,-128.09139881662858,224.2288107888792,-246.46046587932142,-375.9469837424892,-27.72600382003263,-35.760527604436994,-229.00038890102215,-115.78454806429798,-60.63909199352823,-128.94755431311475,88.04056638487398,338.4908231264229,284.08175865513954,-117.35364412214155,496.4786757076667,-389.38469382636805,301.493871984329,-1.0302154211693526,296.1569615180821,55.41662953453261,33.21690823139393,79.33005993377567,-168.56969807093398,-438.01917080491677,152.4703618414951,-164.650785557008,-11.88803550768572,-498.97995123440813,-1.3851193204781544,262.7138942825912,235.99098978009658,331.4451284812616,-101.14896527760565,300.8361990075776,433.871889710467,-449.10860042035904,416.6773811334856,89.50040318092542,157.4364075751996,77.53958434242442,-362.7033673803247,-11.51225381051718,179.91867142564075,-65.90245041761601,487.70607341415683,173.74498126208857,197.90202479060622,-73.23720423618414,-499.9999998773215,463.1133648800514,-47.54216761158491,27.951879542054332,198.709570689443,118.77494889260018,35.43167004383288,13.079435311891864,101.8084699383097,-25.287268108697834,-7.664909419593684,246.9290842396286,11.46234788458124,60.33439677922147,499.4662119365955,-158.90001611071705,214.83130539693028,321.0251277505798,328.5683446818595,48.5494421733713,185.5949524096559,103.92651630715108,431.8568388104238,315.73618761100937,208.70994170032856,480.9652956777748,298.6908847068905,111.44387368170989,52.20499356877569,-223.65832169648334,44.156313718468304,82.17632113871036,-216.56746411288526,162.22849461253074,-198.9384705631507,-7.669117283265122,166.67046207175042,-116.32467500920367,321.41578748336593,160.97951913705643,-146.3212694481776,499.99620195841425,499.99999956892464,88.0644706784499,-109.09089109292094,193.16616818259644,5.826040691815814,-113.10605885152312,-15.893575420526558,-61.91156798476223,-33.665739394129275,-73.18322552402705,379.42762866770437,153.01196615917894,132.4444796712686,-201.72915715130318,-114.78892812643173,67.42840986999583,-440.53797402940154,125.68224445112422,6.739435887016374,-102.68777945181361,-496.43079938018525,-488.9551329107732,-62.16559234110592,-72.43111395110456,-89.93887225252527,-30.207498025352166,91.72357370545912,132.40888469915768,-46.613843439194305,13.28427799730266,-3.29600300609338,-14.69208529035931,-256.69146199402053,-304.3971883890944,268.4590898319847,-43.859038467253335,54.90981417266232,-24.4761207164837,-99.1825418874313,-93.39993686826325,-11.23596932367548,37.49541943517815,108.18453391842566,-128.58333904706677,316.5382167792858,-133.48093671191717,270.6229177993584,-2.246260594265483,-106.23354291532763,-452.5611814470315,-0.4008159469591444,-7.538665026625077,-11.182353712167213,145.32755709557443,-101.16697731929752,-110.47001981611298,-22.890793910003023,-147.04637916784463,205.05552107193634,201.4486174552745,-155.676934088352,75.77453255380779,-21.034680639825204,8.046875993789351,-176.20856102793934,-187.75946066433525,-19.757407988912718,-50.295425791325194,-38.934620409944024,-199.37768718009502,3.07755714564244,-58.51544298648573,62.805401777236746,3.410192770428577,-248.3839696508387,471.3092723416108,-52.00168210968745,-382.0256865292298,11.853803798532473,449.8757039683739,-452.1023051914922,50.39720334888155,438.309207443111,-0.4008159477594992,-403.30279094794963,-115.05826570811516,339.9750483161463,-374.11196563294504,443.03020179622797,-499.57236699065027,-499.9416034836695,54.87947009885968,10.868833020755226,-252.54350551848427,195.19504956303712,-379.28937144593965,-499.9999815183255,19.888136063744955,46.142209600430036,-298.9029348551736,-489.15918061864403,72.25742458061879,-193.73295997264998
127,-0.1498290058453668,-499.9999999992204,499.9904025805182,429.0420364904316,405.6332774392211,-0.22487483152964935,31.93257394164972,211.0026797046872,-25.221131634647783,-55.2161590856108,30.729353401123365,10.173300138578693,303.6753240259886,-95.76158155719298,217.6422741841129,128.07024232033322,366.9831954142864,499.99999678429305,-78.19697531195979,-479.6193126039033,173.49825814441434,500.0,23.09648094853595,160.40911675418644,-263.323571440938,-104.08316728409105,261.9277115277713,29.676379046370606,-291.6400459802796,-291.72542516470537,1.2395058181618004,-146.976143279577,-88.06145767027444,-499.95319511100325,188.8695860772105,7.893425090001773,21.049022855848516,-287.25901215783165,-127.4551380500546,-1.3307528670648936,-86.82137750630609,425.02272574627875,-319.89581467286223,-403.4669663186507,-386.5757328946503,-117.09289539613982,5.103317646743879,3.6618171038497946,98.9536769765781,402.58040812226153,477.65417421332586,-189.3872478512672,213.2843989380948,-249.15543347864443,-98.91930187793407,40.64260404813874,113.52381175437593,414.8858957191511,-26.527078926492404,439.4909338636527,-469.94887041577357,-152.2236263495963,-202.3505068241039,-358.4178469700111,-252.68372377639724,371.322975194555,-57.25763352891759,-137.74613197507668,-422.38803111688003,43.23226610396784,322.2882775276458,-152.42326769630446,497.5813406979446,-447.22605400227053,196.55108184729636,-415.634578189802,196.2143136016683,478.44400437639047,354.58851889509435,-88.5900795243854,8.986285895675003,337.2309557092867,-297.25485542968914,-175.96023271646155,-151.59710234241604,-220.94165563009327,-129.7270392377622,226.31635169467583,-246.16540746095876,-375.84439679349805,-27.060836061809546,-38.60276303797583,-229.77219185753907,-115.89733304850283,-61.44901414184561,-130.65146586041473,87.44569526265407,337.2190964643367,288.49852935943625,-117.93095224180797,496.4015987298961,-388.9575955723722,303.577892631265,-1.6439400826174912,298.0121171826566,54.08374900208939,32.12021196697492,57.596696961488576,-169.19427196200294,-438.2340233573516,155.149802716691,-163.99817782531153,-11.371666539626036,-498.9438481529434,-0.8271110761277246,254.90990619706645,233.74903733263713,327.75626582553144,-104.28745589434959,298.4391651158743,433.18686967730815,-444.0077697108206,415.5932099488091,89.38237319805341,157.76760692829185,74.64970289292636,-362.36753049483025,-12.609051514927728,177.45999660673937,-69.92396140283806,487.69990433272454,173.22127553332152,196.95562648626995,-73.84157097848993,-499.9999998869269,462.5423608661859,-46.67844572986518,28.582781196864918,198.49237201144135,118.42445256809167,34.70854762418804,12.689516576769643,101.49495095939004,-24.707321799685687,-9.460693376665112,246.4454895733758,11.544475943651735,61.0670224938481,499.47526808962704,-160.437595367558,214.04773770208232,323.5884531688464,327.67993354686075,47.22347007826504,184.72078962885453,102.10375933154737,432.6321391710522,317.44421898899253,201.11900725231584,479.8534960768006,298.8695145645715,110.8591185295825,50.83844035606433,-224.9295897032152,44.00366380474228,81.47900939098048,-217.8665341327633,161.56808519868574,-198.9430488075066,-7.707546019743671,169.8595333390442,-119.38761241733343,320.369148286215,160.52319637254314,-141.8258945890449,499.9969725738111,499.9999994920285,86.80609509319902,-109.70996017821194,191.59399625108531,5.962649369474775,-114.14518884944513,-16.99569031882744,-61.08147673895652,-34.15497834441833,-75.33002869632134,379.5884498140455,153.0392464801504,131.2463826075206,-201.57003374874273,-115.03108184075515,66.71929368661367,-440.6358597165238,124.13430639568017,6.06324106562075,-102.82095841235903,-496.36362800767887,-488.968058352327,-62.64267407114432,-73.40802756782722,-86.80341050240406,-30.911527845021048,90.67320874589018,131.36794523401184,-47.579332961814636,13.539784424131359,-3.3266657110285105,-16.024975525040478,-257.8572737678474,-303.2696756590147,269.39299289694185,-43.948698085818705,56.46483571354771,-25.613955687809216,-98.74165563727917,-91.42139767667102,-11.138548167116914,36.83258261677973,107.92595014494893,-129.46433142945742,316.3760648280096,-131.57573219177218,270.3504318732609,-2.743774444702153,-106.66439301758815,-471.2754368328652,-0.37496644433059745,-7.6145605301627945,-12.711028794617574,144.63094469594398,-102.33098630990008,-110.79754694294714,-20.953804275430244,-147.79013104412402,205.32611064660537,202.79205516125597,-156.8126165554158,74.93855728834328,-20.093044565268986,7.7321361954752215,-176.39767010281662,-187.02067982651715,-19.136756377302625,-50.621846513126386,-40.280150190328946,-198.38182736779223,4.906840377359201,-57.56606803516252,62.13067947228145,2.343816392872291,-246.85340378155558,472.0269146190176,-53.02460029059084,-382.6382442929331,12.328025119274626,450.9230655533938,-452.09785256228673,51.55796738218987,439.7841300220953,-0.3749664450727447,-400.33982463330636,-114.61191738321784,339.8377966656541,-374.45963242179465,442.98772108894207,-499.6120261560625,-499.9419765211697,57.80148804793027,14.770198590805988,-251.46451167898127,201.751376260705,-380.37571647056126,-499.99998154211266,20.271012126672836,45.56399726574919,-305.5576026474211,-488.35211081208223,72.4876166959764,-191.42403112076232
128,-0.14016621869350995,-499.9999999992045,499.9905470250006,424.9668581497932,406.13986339203984,-0.2103721825068667,32.73149519223374,210.97504103271692,-24.41663850501646,-55.336123507108454,29.872701413680556,14.591150555971494,303.95174295996884,-96.7367219000007,217.7775237503058,130.29023551813307,368.463834816221,499.9999971179688,-75.77736909671215,-480.88118942506486,175.75425793776768,500.0,23.237633321730723,168.49587500255984,-262.60799333449125,-104.31479741915788,261.2072106187814,32.95586946396572,-292.45490750682103,-291.4855803915893,1.3662080376332766,-146.53429713557344,-88.32968197686168,-499.9532105913157,191.08941728087783,8.898912665257763,18.63911300505203,-287.5265005964487,-125.39353104222256,-1.5281872547262323,-85.53012722416669,424.1656284939291,-320.2463090372922,-403.148074373734,-387.21534106455925,-117.98087071834634,4.5355924965114225,3.3939866583882345,99.22909152424083,404.1024215200699,476.71822743210856,-190.17825722273702,211.15706060461622,-249.68440280676066,-98.13468767304623,39.7825068486666,111.1460156839052,416.2657543523455,-25.910140600869212,442.2994360300833,-469.9978157963339,-151.7618074819019,-199.0331319746607,-358.5795570334177,-252.57327843571443,370.3343947118921,-56.81601937149547,-138.3318720315669,-424.8492530900178,45.57126011052016,321.21216447608174,-152.01514594781514,497.96897842118034,-447.4834480903807,192.79473207314385,-415.7857180816577,195.53558508846936,478.2704563921916,354.920396391493,-90.15218897353564,8.316249946261415,337.85263879900214,-298.190548438392,-176.20420776799554,-152.3276472168311,-223.2375932509909,-131.3820193573658,228.7029733385577,-245.9800248952349,-375.70626151949995,-26.357443825802868,-41.42132347778543,-230.5232480854995,-115.97708382605248,-62.25052239342979,-132.39948494850748,86.85608276240023,336.0375446508387,292.7301332240605,-118.42550960581798,496.32731963542085,-388.4543163112789,306.0405205226715,-2.260157433640421,299.80382490220205,52.74326654587133,31.002651148217012,35.48673297672475,-169.8687112077706,-438.43590555642083,157.78843876405577,-163.34417796570654,-10.874341801706697,-498.9036694965818,-0.28847938241218474,247.324368760609,231.27429229890816,324.0990153784659,-107.19755395136296,296.1434271558117,432.413785541042,-438.4488474192068,414.5534056333809,89.55603662481339,158.09011015914282,72.05352801108002,-361.9907768305409,-13.592455000855715,175.1253005909517,-73.91025778468398,487.69206078173835,173.00272419846945,196.04260930397484,-74.41645749734658,-499.9999998954131,461.9852544731013,-45.81205059438875,29.217595111319685,198.29868639687592,118.13152833766176,34.08759707582636,12.334273916824497,101.14652267360776,-23.860359488080295,-11.166985671878805,245.94151660797965,11.641763695690276,61.773221813344044,499.4834240856696,-161.93150648050823,213.36685871300438,326.55731981503,326.849518397752,46.01881566363908,183.69277015496812,100.33806666195744,433.4580059133283,319.33072353441474,193.4505200157931,478.6595242961106,299.018103773275,110.28874810855174,49.460796354157,-226.13344150618494,43.85394929585312,80.80015220316403,-219.116002095788,160.91212998125224,-198.9237539324077,-7.725381936855136,172.9119737161879,-122.18771756582835,319.39613356519607,160.1028872372447,-137.31335508246832,499.99758903057375,499.9999994069931,85.60045298679053,-110.32171594224111,190.07251669058851,6.095925408416659,-115.10232327350812,-18.030785193077712,-60.15494774827726,-34.460226851052816,-77.33909479492507,379.74836746276696,153.0550470058887,130.12842541995596,-201.3047623869634,-115.12029741050303,66.07383768371388,-440.7244649394772,122.61298721504815,5.494286819438945,-102.91128629476685,-496.29593020037373,-488.985606572082,-63.08324987732553,-74.28826145660717,-83.60832275205664,-31.537026864271212,89.66904052172427,130.39150030280703,-48.49909619047912,13.822479848799656,-3.3281152946135317,-17.249166317061764,-258.9547522734378,-302.01831036910335,270.39447335626573,-44.068993449877624,58.06515853434825,-26.676062415680736,-98.24470519830685,-89.43343050236118,-10.992525209615906,36.19474758382496,107.7058333368137,-130.2613458512074,316.28566628139345,-129.59210206770092,270.17091945410266,-3.2584379581180873,-106.96434475203084,-482.3634528087171,-0.3507840779868176,-7.6193359407285435,-14.172477923598274,143.97026483790506,-103.36714652521232,-111.03695597186339,-18.98633038017297,-148.45607733098333,205.5918730437467,204.09986293231248,-157.84902348130635,74.16362744312553,-19.13094244172882,7.465383487989509,-176.5022921358754,-186.2604769723686,-18.496513924962123,-50.90690397084217,-41.54556170044782,-197.343791924532,6.718375386356797,-56.58203090266843,61.53406072452901,1.3440184947507567,-245.29748114416515,472.7035498826401,-53.952022661180564,-383.22407907006993,12.810996410634036,451.92125164601794,-452.0919684699647,52.70631196408463,441.1908693217787,-0.3507840786853092,-397.3221743769671,-114.06250559542329,339.70950829569995,-374.77407539972313,442.9470388782655,-499.64970362097796,-499.9423323951177,60.591293376651905,18.59509773958698,-250.50673330460648,208.00524708055167,-381.44133189731724,-499.99998156493643,20.59028808043881,44.967267975770966,-311.5874279419297,-487.4864953618732,72.50911783036881,-189.14261979083415
129,-0.13112659568532725,-499.9999999991903,499.99069611636446,421.1479660826235,406.6536719000405,-0.19680482565403848,33.71689324762032,211.11035775737687,-23.509043102021977,-55.37534808550527,29.12411813602411,19.02173706114405,304.3540281148463,-97.71132479572044,217.96251186822482,132.7733376639688,370.00590344320636,499.9999973682871,-73.09107019198788,-481.93789213559035,178.01900319915995,500.0,23.366620620684287,176.45624088704832,-261.7640783796653,-104.42309828164997,260.51343868657955,36.025456565163964,-293.2324351912937,-291.23148252613174,1.5017670213114327,-146.09821985342865,-88.57810108750812,-499.9532252594839,193.15733478736195,9.969151728581398,16.329198008027117,-287.77096507990353,-123.3036443648586,-1.6687951442743274,-84.32049278916071,423.27037368459816,-320.59287598078595,-402.8049523632015,-387.8311434232012,-119.03721965714449,4.064612667832634,3.170525757089634,99.49298831305649,405.5878347609427,475.70778530152023,-190.9488213549757,209.25602716072893,-250.20380838804624,-97.3765751560258,38.94926719370246,108.8849581336274,417.61217354163483,-25.28962228674049,444.9393750258455,-470.0518693699474,-151.39061611624263,-195.78828915986136,-358.7507852738825,-252.42018529065496,369.45093911706863,-56.40851785404324,-139.04075448917766,-427.1364931609713,47.95133476427823,320.1840613357016,-151.608881426032,498.29014516484966,-447.73398453758205,189.30302191687983,-415.91913162098444,194.96369644687303,478.10354420061475,355.26483463787577,-91.68292927990592,7.808259810829066,338.45111618403433,-299.0630241146564,-176.4395853469211,-153.040101322303,-225.64352344001082,-133.05398979233487,231.32802594443945,-245.8970619322392,-375.5388844876654,-25.627577084152502,-44.216757274302886,-231.24757589422333,-116.02814255174466,-63.03548358386947,-134.1677843293594,86.26977541064059,334.94489866379615,296.78448866799687,-118.83990098555009,496.2558653250303,-387.8829776227352,308.78776905290385,-2.8586801762848353,301.53433421064847,51.40135689771472,29.890526441850646,13.158059522538586,-170.58586269225734,-438.62587399701465,160.36930716573588,-162.66841251380768,-10.385838876574331,-498.859091304784,0.2410713847533991,239.96513515499484,228.649255537702,320.4770741078088,-109.8193363511958,293.9469507015697,431.5606607908118,-432.39209888863815,413.5577816033268,89.96379430082098,158.4022561144337,69.72951335495782,-361.5829803418996,-14.433742991412826,172.9125594672383,-77.85536811455077,487.6834264005344,173.04561388984376,195.16370310399984,-74.96121653140402,-499.99999990293765,461.4432023655619,-44.92593007509233,29.8576795510294,198.13369455054195,118.03789919211272,33.64024134010495,12.004074618495283,100.7844859206088,-22.740297989032943,-12.730310233524587,245.43709261852877,11.74638770480778,62.478321915969474,499.49114172175666,-163.38500871471683,212.7950911626615,329.82934063670007,326.0803470489155,44.948344423725,182.56004815423566,98.64084509430835,434.3198366260983,321.3496321940826,185.80193683105958,477.40352305749855,299.15299872345355,109.74807145110793,48.08305782221467,-227.27108616330406,43.71944958471827,80.16051481100386,-220.3140171668015,160.279712369329,-198.88074915037484,-7.711270033505473,175.8499680979254,-124.69162126608235,318.4971095759676,159.73928432041623,-132.79694900545286,499.99808134041183,499.9999993137923,84.4605790072171,-110.91522813157404,188.61031913960494,6.21512454293923,-115.98118377048968,-18.9769814073271,-59.15038070586958,-34.59109738029945,-79.18958724799623,379.9109880995656,153.05089623424672,129.0920149817088,-200.92271973462428,-115.07811173627658,65.5101731090426,-440.78182024913923,121.12210543777233,5.035847548054021,-102.96300906431614,-496.22527271136613,-489.00295694482435,-63.506030952966874,-75.05729287235233,-80.3751327378972,-32.069838609482076,88.71368866067132,129.48443036514567,-49.3551470239971,14.124455184991389,-3.3114161881439306,-18.352274861348484,-259.9990631448952,-300.6545748855415,271.45779591491026,-44.19426185113201,59.69776121086268,-27.65485792189339,-97.70801187210746,-87.44874849762567,-10.792651256121927,35.58561232799608,107.52895535536922,-130.96495056670764,316.22986404003336,-127.55238676027375,270.0393932608718,-3.772853806958513,-107.12155805313772,-488.9861773359476,-0.32816125873755453,-7.572898046048719,-15.570732069824423,143.3503788207136,-104.27225783723921,-111.20077132364511,-17.000284609316974,-149.04544903429758,205.8610574475012,205.3780996089684,-158.7725381939533,73.4635174521344,-18.153436885380355,7.258271156800719,-176.51445387899676,-185.48188272249772,-17.831775190517213,-51.137855650433515,-42.710549292397715,-196.26805348826852,8.550674155308212,-55.55200369332685,61.0316895688042,0.4330641921809325,-243.71537622952354,473.34683558877975,-54.77694781811269,-383.775321129631,13.304356183204385,452.87414943995583,-452.0831743135661,53.859307397868,442.53451488873407,-0.32816125939239044,-394.2167083542736,-113.42093673362764,339.59256209452997,-375.05294109733643,442.9097200284966,-499.6839215493891,-499.94267199048585,63.27944243276833,22.36475868299331,-249.4682345565859,214.00181590616873,-382.4685744346081,-499.999981586837,20.907074950464818,44.41685712864949,-317.0577341755099,-486.53731802447675,72.39547367100305,-186.82569695314564
130,-0.12266995349440712,-499.9999999991779,499.99084809600026,417.56589216931087,407.16358609331246,-0.18411245080159971,34.824360570084245,211.36609216739092,-22.533982796763045,-55.352735858440425,28.46861667503359,23.463417452537524,304.85543767639837,-98.66647220129877,218.17891722853685,135.45606982173783,371.5728166618133,499.99999754749797,-70.21140918008953,-482.8264818741822,180.24440900565094,500.0,23.48439484083234,184.23246175732487,-260.81384735552706,-104.40960972666177,259.86177096199134,38.883683564828125,-293.9723333452314,-290.9575806299569,1.6455469024261697,-145.66313395325096,-88.79739855462188,-499.9532391544987,195.0703603532266,11.075767819359758,14.117146764699035,-287.99158480994055,-121.20714016538241,-1.7584650331390734,-83.15971782847907,422.3427379180702,-320.9289674550744,-402.44319186174135,-388.42010768804636,-120.19367571851396,3.6893600113021425,2.98602167196406,99.74592015911065,407.0348012046007,474.6227844946257,-191.3697950449895,207.55289871548896,-250.69864006766934,-96.64076138814151,38.142150127214556,106.73283425948235,418.9220963074564,-24.659186363026166,447.41725521365504,-470.10938678336146,-151.0997732517776,-192.61427869954903,-358.92647871167685,-252.22676409232204,368.66255330889607,-56.0247529844102,-139.7962724623831,-429.26480814993005,50.32662072406725,319.2037101588893,-151.1784099039985,498.5563993354327,-447.97785017150966,186.06587830867323,-416.0372871473115,194.5113205331202,477.94414359959296,355.62246920472637,-93.16491752683802,7.447145496041967,339.02764034064927,-299.8782048105573,-176.66416139318332,-153.7282000265284,-228.0763196394183,-134.74125245421823,234.1249247255912,-245.90677823169608,-375.349303792857,-24.888999362813006,-46.99580936402437,-231.93988102176613,-116.04382147786103,-63.78526078014713,-135.95486122188723,85.68282013464948,333.93824157928196,300.6692297313408,-119.18580321327143,496.18721233114,-387.2540924169137,311.7232053475679,-3.4387410089339046,303.20581476135925,50.05306422900739,28.820171896064444,-9.260780188107091,-171.33924395562573,-438.8050341146117,162.88235990886028,-161.8197305932113,-9.902202416428976,-498.80980118231247,0.7642221721886302,232.8391473851712,225.91298730083957,316.9890043435167,-112.15736921353287,291.8587685102864,430.633496417482,-425.7985796120806,412.60691389773064,90.54815166151299,158.7203223247899,67.78399285839465,-361.15446318395163,-14.874444861114492,170.81898975704854,-81.75789627862784,487.6747570644112,173.35751612111494,194.32052221513777,-75.47656212390008,-499.99999990963244,460.91733853644365,-44.01229996339532,30.502965320214113,198.02624485310184,118.97420514927651,33.870812180053015,11.685866089036711,100.40847705240553,-21.381368668373113,-14.151510804169595,244.93234625510965,11.846697682225006,63.35844230500189,499.4987737271228,-164.682283616217,212.44687670993264,333.3438456797941,325.383787911425,43.996875621637386,181.3487562656327,97.07372504254944,435.2029000915278,323.4523017666296,178.25848559081982,476.1044290682137,299.27345289999863,109.23309832979342,46.752607682146895,-228.34291850363434,43.60277972461741,79.55892337124749,-221.45249672921196,159.66714276997902,-198.8138730663879,-7.667530144740694,178.68491228826906,-126.8910932677059,317.6714440231779,159.42951985332343,-128.27421465089824,499.99847375443613,499.9999992124915,83.37725262301025,-111.48662355081383,187.20473647321546,6.314160145223765,-116.78437052061904,-19.83925357064223,-58.07886898693752,-34.579208941223456,-80.88623921460044,380.0762577278757,153.02299157539045,128.13051309570176,-200.43588191503676,-114.91897960040467,65.01991899265873,-440.79835103175805,119.65411558142799,4.670422376608657,-102.97896470010028,-496.15005466111575,-489.0167510140389,-63.92394956656371,-75.72614369242979,-77.12122553465221,-32.52100281861151,87.80368888910175,128.63829542767024,-50.1520814451372,14.442769871711674,-3.2908872301725203,-19.347729343510387,-261.0039645556534,-299.19362361293827,272.57305945730366,-44.323016445808456,61.342214682082904,-28.562888664890558,-97.14453296639854,-85.47391831167567,-10.552341436693979,34.99390006134625,107.38662335240758,-131.58711103344083,316.1682679313083,-125.46938897839846,269.9110460694213,-4.276665766585291,-107.14403466829573,-492.9944192223189,-0.30699742294265575,-7.512905863330172,-16.925871712307835,142.80166003098864,-105.06432959343914,-111.29841040283436,-14.9923650561073,-149.58177210868485,206.13733297128468,206.62162563575592,-159.59288613884726,72.82782101537131,-17.155968221248845,7.098786066212195,-176.44488564818914,-184.67902050519137,-17.063970176860423,-51.1969624244677,-43.780392543881774,-195.15429965011828,10.662222154571234,-54.485688912901274,60.61613888895532,-0.3900443373251911,-242.0828027500187,473.9612238374899,-55.51240036895738,-384.2895830807718,13.851639857165962,453.7830784463767,-452.06430345570635,55.13080572180865,443.8178257196602,-0.30699742355383597,-391.0092175904636,-112.7120181176789,339.4861268782844,-375.26978027933694,442.8759670156942,-499.71416394097747,-499.9429961385847,65.86561682308368,26.230701545678617,-248.2206846726771,219.76013117412836,-383.4503454001494,-499.9999816078529,21.241114471534072,43.93123222581724,-322.0323814779623,-485.48279004975643,72.1924605886529,-184.4511289692179
131,-0.1147586977098211,-499.9999999991671,499.9910011995999,414.1872684971561,407.65571111626184,-0.17223863343057352,35.99337110146579,211.70820121075351,-21.529419593415476,-55.27979178860155,27.90074216401568,27.91790605527383,305.4276610950056,-99.58321259908607,218.40454938518616,138.2823875891599,373.1348893293522,499.99999766503953,-67.210907116947,-483.5787227395638,182.388000552915,500.0,23.596711884859367,191.7336540391954,-259.7834361231353,-104.27647400893017,259.2722188174866,41.52926319272415,-294.6716602134014,-290.650505419564,1.7968296271032413,-145.21457271197357,-88.9736027051894,-499.9532523135496,196.8273777267028,12.188730431804036,11.994651836188153,-288.18727868783736,-119.13244498935762,-1.801726903503874,-82.00914799377705,421.40363538811874,-321.2460177323799,-402.0681764173408,-388.9825271617214,-121.4004077106582,3.407307515014707,2.824080348832917,99.98840972526261,408.44062613182126,473.4623957585325,-191.1998531431477,206.01683026841891,-251.14938997125446,-95.91772761675743,37.34613922281861,104.68094912896667,420.19159094725836,-24.018355590031145,449.7388578641329,-470.1696755038843,-150.88175450477343,-189.50566728715478,-359.100247569453,-251.9970483693389,367.9624908742791,-55.66005228782526,-140.53194313243773,-431.247721294663,52.641527045838735,318.27365449460626,-150.6673964481246,498.77739261793727,-448.2153563247095,183.09372892057436,-416.14277031968413,194.21442204388018,477.79344606268074,355.99913945978534,-94.57375890429107,7.228222076042802,339.5833715803282,-300.6417989089633,-176.87496904623586,-154.38229798009039,-230.4745345007888,-136.44376960039895,237.03058283616946,-245.99746986623845,-375.14485051651087,-24.16476346326524,-49.771137229971025,-232.59142896211958,-116.01189796806507,-64.47472224670659,-137.78001341358473,85.08852012177431,333.0173527521719,304.3917056886981,-119.47863943308387,496.1214223018473,-386.57718576651683,314.7570277939092,-4.012029386122931,304.8203588262108,48.68691878995279,27.830587296677624,-31.68774758258066,-172.1217812279211,-438.97449638874593,165.32680421885917,-160.60792735881685,-9.423866519166678,-498.7554539065159,1.278767982431603,225.96152374503686,223.06818914397334,313.7774272714928,-114.2501990219093,289.91104633989613,429.6368607272928,-418.629840423005,411.7064924210259,91.2619625502391,159.0754442853155,66.35933608429055,-360.71593012717256,-14.589295365196332,168.84443901962146,-85.61269506814244,487.66653767141673,173.97131131072743,193.51859209045222,-75.963991530061,-499.99999991560867,460.4089232234096,-43.067286228794394,31.152490025947007,198.01828432133902,121.4567595297692,35.07316650607332,11.366152364283447,100.00697545256027,-19.835333698600277,-15.466615707600084,244.41711771052613,11.929774556527812,64.59852047376852,499.50656638531524,-165.62899418615316,212.44310247445173,337.0968023402185,324.78319393445804,43.13351209742823,180.06480788098676,95.69792573635377,436.09453977426693,325.5916605955388,170.88888630433593,474.77882777875266,299.3703456406792,108.73172619975745,45.516410028835914,-229.3477369022323,43.50689750053728,78.98414344684086,-222.51944140607046,159.06007396177594,-198.72048589568624,-7.60074391972801,181.42863205754858,-128.7879756154428,316.92735089423365,159.16038743032658,-123.7321717476893,499.99878594566815,499.99999910324436,82.33277881354601,-112.03210413119399,185.85298315208485,6.396844889001936,-117.51296466254003,-20.634169309367874,-56.942913277829085,-34.45958874303703,-82.44409694793927,380.2467446881947,152.97635578925366,127.24088742611023,-199.86432992261635,-114.6490271359911,64.58397004893928,-440.7735968027406,118.20174953745872,4.377535423490234,-102.95995983441212,-496.069348163027,-489.0252174274664,-64.33890565039586,-76.31482456512326,-73.8578403926212,-32.91084252355739,86.93845652915903,127.8437920105463,-50.904066020995934,14.781073676326645,-3.2766028934553963,-20.257800002511022,-261.97649440106403,-297.65024131621055,273.73055036291333,-44.46521139928721,62.978533924193755,-29.419751560192555,-96.56150264275524,-83.50698161532212,-10.290758389193291,34.401739108506185,107.26737854049212,-132.14723538733412,316.07546224959344,-123.34425792014372,269.76259735299567,-4.7638694046637085,-107.04558786344965,-495.45911088968234,-0.2871984860026487,-7.464562854424726,-18.263064006631645,142.35490195170846,-105.76528388669111,-111.33508942315102,-12.945377800815786,-150.0950436696809,206.42722138776,207.82287369005238,-160.3279075852193,72.23715516491485,-16.123814072931246,6.966364415025127,-176.30991347651445,-183.83712412612232,-16.096809599542304,-50.94563604121125,-44.77034202824737,-193.99514057443523,13.312819696138352,-53.399944064849436,60.27073320990267,-1.1363323356979547,-240.3636955821845,474.54891960026123,-56.17435804723741,-384.767032825217,14.514062364723834,454.6477586789095,-452.016168848395,56.730723930252246,445.0422594827131,-0.2871984865774491,-387.69520940167365,-111.96642271787161,339.3871696529551,-375.3552616702367,442.8450656659249,-499.7404820541141,-499.9433056213069,68.32699506677753,30.459663584210453,-246.68603958310982,225.28087870117736,-384.38871219347936,-499.99998162802063,21.58684659609922,43.50480583751398,-326.56733248828783,-484.30264308372466,71.92587361718134,-182.02025897125256
132,-0.10735766422840069,-499.99999999915786,499.9911537430716,410.9703850816125,408.1132828752734,-0.16113059659165144,37.16348137278443,212.08572808357897,-20.53624620487838,-55.1903646723551,27.385120663941695,32.349102309553295,306.04085517204396,-100.47111843332316,218.61249168354158,141.17580015692178,374.6639321146594,499.9999977277966,-64.16289574583315,-484.2215832553511,184.4140949408444,500.0,23.682399643195076,198.8514300840232,-258.7087788903274,-104.05733327032117,258.73591129550687,43.95954738171968,-295.3412140707461,-290.31589623637336,1.9494818479172604,-144.7579259918335,-89.12134484503335,-499.95326477210205,198.42771204488938,13.276808917771593,9.943432580040998,-288.3605310296962,-117.11661570280745,-1.8081042397922058,-80.90762660994567,420.41065746598827,-321.54815932434684,-401.685288111044,-389.52098888539217,-122.6335406306987,3.204258037552087,2.65977851075696,100.22095973110193,409.801863718961,472.22538723517033,-190.8304932916798,204.61433964366915,-251.56803824435124,-95.20724921176091,36.53960551444198,102.72033088491638,421.414291397198,-23.372418061046293,451.90902045524217,-470.23278071567745,-150.7323351327394,-186.4635281271641,-359.27123315235457,-251.73916640402365,367.3421837320931,-55.31831487689976,-141.26312213091808,-433.097390513366,54.83609333325596,317.39820100035485,-150.07836596605358,498.961114340224,-448.4468608479625,180.3510979043231,-416.2381805810156,194.03004499950268,477.6515472410631,356.40020057486856,-95.93959859929015,7.1015856411935365,340.11939869624194,-301.3596057739411,-177.0820187803229,-155.00563972129112,-232.81107695875212,-138.16147736762002,239.98411315377064,-246.1589648758786,-374.9328530331765,-23.47678446646509,-52.54802207052356,-233.20687627588546,-115.96400493637496,-65.13041893289794,-139.67497967176408,84.44753665792405,332.17226177585127,307.9589827081049,-119.73419832257605,496.05860965381765,-385.86540601891096,317.8080952693392,-4.594301915228651,306.3799836201164,47.276829397990824,26.896918801855524,-54.07282414938412,-172.93343484958473,-439.13533280754234,167.7004029837248,-159.1975263531252,-8.958085947434235,-498.6956312948023,1.7749951248856755,219.34064367084676,220.10184443528289,310.7159663711589,-116.14617927647278,288.10818598492017,428.5744602472114,-410.84703362943617,410.86158441734227,92.05375483364962,159.41993629841573,65.24259084814435,-360.27748833592864,-13.872334703233284,166.98398156251912,-89.42246508293887,487.6583801219221,174.76581410461972,192.75659549912555,-76.42602948453886,-499.9999999209602,459.9189984461131,-42.10123958296728,31.80414101819181,198.05171647523127,124.46744582896386,36.607631790172945,11.034986993250802,99.56381848631389,-18.157642844884542,-16.727140324430145,243.87643708694196,11.985648190732265,65.97577747136292,499.514684954158,-166.3656151461713,212.6072091007416,340.9554803805337,324.2520313344437,42.316402551249034,178.69942237671904,94.41754613027017,436.98156463845703,327.7166178735772,163.74050111235823,473.44148299883824,299.4301332357493,108.22618680214738,44.303448059816084,-230.2898893477075,43.414688168666196,78.41787790199541,-223.5295970819414,158.43978507931584,-198.61003284537088,-7.526431658530785,184.07138293204045,-130.38518622953652,316.247112672254,158.91511277025813,-119.19853472373575,499.99903388697095,499.9999989862881,81.30723845104747,-112.5588969650349,184.54002058988186,6.469408759512261,-118.17012742970326,-21.382748253026097,-55.76221259437107,-34.26051626570275,-83.88050857969912,380.4142390981103,152.9191827288302,126.3997607179716,-199.22675085960492,-114.28667590481817,64.1793396916476,-440.7110212122584,116.74469812472776,4.1343882731686765,-102.90812221047675,-495.982641963925,-489.0278099377335,-64.74598575098693,-76.84377542868178,-70.59645785158791,-33.26303266466575,86.0889261394349,127.07847359297317,-51.630615174569854,15.125333347609859,-3.27235891987376,-21.105616448664094,-262.9172075530286,-296.0363527352716,274.9229679938484,-44.638190213052205,64.5707896543771,-30.25192622715039,-95.96500355249138,-81.56329962819703,-10.031933769351884,33.773788282193024,107.14734156382745,-132.666123944687,315.94437104168844,-121.19636997113533,269.5891689378208,-5.232624502409355,-106.8409159027628,-497.000815944259,-0.26867644543989627,-7.449834327042163,-19.619453643735437,141.93095875602984,-106.39921867406325,-111.31869627889989,-10.886822429278277,-150.613835211298,206.70310967127747,208.96184037842437,-160.99678818922092,71.66723853372963,-15.070009566734988,6.839147186763383,-176.12538068759758,-182.9677304424075,-15.041949937543839,-50.53308686390724,-45.70204876728145,-192.79549936622996,16.20013841370492,-52.312941103083965,59.97589603214296,-1.8215020147870264,-238.5895155322328,475.1108883375298,-56.78969985252983,-385.2097747993265,15.220273369746575,455.46674814894305,-451.9305655710022,58.61269345847229,446.2084565109421,-0.26867644597104107,-384.27239019344603,-111.21604167002396,339.2913645240038,-375.2867647737281,442.815688733927,-499.76317254197295,-499.9436011746297,70.64261978450325,34.95581270894028,-244.81225206917415,230.5574048874059,-385.29081403158466,-499.9999816473755,21.92758182146668,43.12272100139266,-330.70864718280524,-482.97532755339296,71.60644443480527,-179.54469418236977
133,-0.10043393852794606,-499.99999999915013,499.9913040260315,407.87172358760535,408.5223352789495,-0.15073893968539237,38.27792100002506,212.4381308389989,-19.595520925138658,-55.135583979134765,26.870572256523943,36.6878449165365,306.66421649049886,-101.36642004600245,218.78100165507973,144.05465398801152,376.1311553027181,499.99999774033796,-61.13446259509353,-484.7774066710824,186.29568342504186,500.0,23.708000930654627,205.5167623114324,-257.6320958068977,-103.80128467590502,258.2141134265915,46.17783859001848,-295.999583143393,-289.97581011984,2.0880733528482764,-144.31832644594868,-89.2724510806854,-499.9532765639937,199.8722931422697,14.310286627810896,7.941382203641619,-288.52002717347995,-115.19295712977696,-1.797608544891984,-79.91072073894705,419.27460988173664,-321.8479266001909,-401.30068919256126,-390.0400012546695,-123.88516485265674,3.0500227231782353,2.4725742019997434,100.4440612450983,411.1141697499066,470.9108284848918,-190.52490124160897,203.30977886118828,-251.9794061923799,-94.52360077770295,35.70386411764586,100.84424956344134,422.58216996151936,-22.727973093777095,453.9317898545603,-470.29919360025355,-150.64928934304734,-183.49876048883334,-359.4467856149397,-251.4662994957492,366.78409795769693,-55.00456851868981,-142.01858535113593,-434.8247633853654,56.866399077261825,316.57487888619585,-149.47329549244097,499.1141373002135,-448.6727769030385,177.76043982596858,-416.3258508315858,193.86741972726819,477.516617104288,356.81844750350547,-97.30592701046056,6.990660676260844,340.6367535653368,-302.03797460489403,-177.3059697909843,-155.6185573577443,-235.08095529707458,-139.89145269675822,242.92778596113814,-246.38251770490584,-374.7192095334431,-22.830436210366063,-55.31175006825085,-233.80538357102648,-115.94035769446891,-65.79647477046176,-141.6603721072244,83.72454196017561,331.38047826457256,311.37784712591537,-119.9632966019517,495.99861150987795,-385.13767555182335,320.8096846537517,-5.195670855719734,307.8866338802812,45.80154361881189,25.97226639947855,-76.32919424043934,-173.77762710309912,-439.2884393032887,169.99105130084635,-157.8047001837662,-8.5137472629811,-498.6298168452774,2.2423352537916097,212.95813504967822,216.99259897147016,307.5892689144908,-117.89752633140834,286.4034141742353,427.44986869131884,-402.4098328731926,410.06523585859543,92.86044312650735,159.67879236827224,64.18465368390079,-359.84536958598926,-13.10421008127805,165.22322600338583,-93.20276631043437,487.64914892563723,175.59124937235725,192.02297062793426,-76.86570162953699,-499.99999992576653,459.44723268381165,-41.13345092409382,32.45507357911332,198.04688397189574,127.37571754451804,38.082375909180556,10.693282663063203,99.06362501179622,-16.401514530957066,-17.99028916771898,243.2953142744862,12.015025830951288,67.26748091373499,499.52323566178694,-167.18821709431845,212.76646721996804,344.71366691371145,323.7382284406746,41.50289225011542,177.23816518603195,93.13348386301165,437.8500337476349,329.7798172520365,156.8396358306435,472.10478735257675,299.439554669555,107.69910107549508,43.0423991678432,-231.17520192692547,43.294324120634805,77.8413945840178,-224.5048362918759,157.78956443471017,-198.49596108799687,-7.462234934175808,186.58292718223873,-131.68120191169288,315.5916599857421,158.67973439849146,-114.70925903705378,499.99923054212303,499.99999886193694,80.28461474689132,-113.08752158263464,183.23701943912837,6.535266957829025,-118.75979507133434,-22.103317592217255,-54.56094868631699,-33.99763640481034,-85.20855948515661,380.5590093245197,152.8570204569512,125.56893192147004,-198.53492790080375,-113.85243406864278,63.78766718636136,-440.613971938088,115.2541015331428,3.920730409235776,-102.82625345659756,-495.88957419926936,-489.02462571799384,-65.139522742662,-77.32784389652852,-67.34853145921569,-33.59572029717303,85.21381004654893,126.312645579546,-52.34952835550341,15.455973956234919,-3.2764914247528103,-21.90751909698674,-263.82371873868453,-294.3584474737801,276.1464038310833,-44.86037305828923,66.08418659888949,-31.080521989580582,-95.35941726046167,-79.66364981141321,-9.793016656049842,33.07712999351822,106.9994322680683,-133.15856093540586,315.7906602292267,-119.05121921062283,269.40569697922257,-5.689268027568213,-106.53715138238665,-497.9822322461343,-0.25134892857086855,-7.4855633504599455,-21.028257631450174,141.44901955056872,-106.9865504975627,-111.25846329394288,-8.86013872103301,-151.15708948547123,206.92344621886772,210.01457534433726,-161.61441175221012,71.09668215850843,-14.021969514357677,6.7011219389676295,-175.9018428616546,-182.09375240676448,-14.029489611253062,-50.13206903355438,-46.59499241316423,-191.5661655508795,19.02459124427475,-51.23732465825449,59.71625749309481,-2.4629118935206,-236.80549874573524,475.64760052602514,-57.3894268153338,-385.61947735921785,15.874068996114866,456.2384544905316,-451.82444878300083,60.55349079037684,447.316497536804,-0.25134892908018547,-380.73461213913555,-110.47478688715243,339.1954678512932,-375.12514443377665,442.78652139358326,-499.78263319261,-499.9438834918587,72.81750785069295,39.41688137607925,-242.5566113141546,235.5911008173687,-386.1626989809531,-499.999981665951,22.249248313622935,42.77081646390072,-334.4928361762246,-481.4756676865306,71.23335879644821,-177.03422324390283
134,-0.0939567348468986,-499.99999999914365,499.9914504879292,404.85466773089894,408.8780237643013,-0.14101745708913566,39.30194633272317,212.73386858300455,-18.737437775015593,-55.14144614466214,26.333680449531037,40.88769681450799,307.2723909308899,-102.29151175688222,218.90275803383295,146.8724370309406,377.519293621085,499.9999977051661,-58.168161431971505,-485.2638272684212,188.02077917138556,500.0,23.663521128609432,211.72428957507285,-256.581278079836,-103.53588113684405,257.67834399230827,48.19898041590052,-296.65498224771414,-289.6429531765329,2.1985445966312955,-143.91040732184624,-89.44257390191774,-499.9532877214929,201.16723642399504,15.268341536690745,5.979997134836715,-288.67437831901907,-113.37609914561514,-1.7887247458047408,-79.03371183729101,417.94799301100676,-322.1510384475603,-400.9199591577127,-390.54373676547226,-125.14720069384668,2.91785022570589,2.259643264499566,100.65819309604707,412.37446764048013,469.51886864671883,-190.29691637215035,202.07274283703455,-252.39237201431482,-93.87891498155432,34.836003052027905,99.04839753631558,423.6904698828584,-22.08718519215144,455.8131454885807,-470.3691596481438,-150.629454455709,-180.61977140123466,-359.6316009323334,-251.18959018560915,366.2684203146103,-54.71671271128857,-142.7968482248737,-436.4397105499926,58.71628694923439,315.7922354081428,-148.88962508327074,499.2418627444392,-448.8934706063544,175.26727331760912,-416.4074039400954,193.68366989077197,477.38658958742104,357.23767954728675,-98.68597342587871,6.853656652390595,341.13641795532976,-302.68227858756654,-177.55516623913547,-156.23627615968655,-237.27971718015235,-141.62789246403307,245.82197504802593,-246.65769231441462,-374.5069422312875,-22.21581094660538,-58.03075190972446,-234.39956615629964,-115.95167035075615,-66.48651523021095,-143.72804088859104,82.92060413545306,330.62375274821335,314.65480977273546,-120.16836736963288,495.94092264058986,-384.4101114703311,323.7211963876859,-5.814094926321892,309.34218409713236,44.26635034424008,25.040862292470273,-98.2976652736095,-174.65211484993412,-439.434430305911,172.1875203366821,-156.4815603655259,-8.092689694055553,-498.55740171194236,2.678448575496692,206.7830800625361,213.72593356619083,304.30728698496677,-119.53874693351696,284.7431531733143,426.2674479326629,-393.2758998427055,409.3017875135345,93.63272985761839,159.82994715958296,63.119308335697355,-359.4209362401966,-12.387122608002379,163.54777041621796,-96.96111351984695,487.63799370491154,176.39404821630862,191.3080296758485,-77.28499649549381,-499.99999993009567,458.9918594130731,-40.17139840490267,33.10346600944369,197.98426139358475,130.09924512445045,39.44567717382425,10.352533324324801,98.50028894601641,-14.608955997975556,-19.30782166251745,242.66667224540126,12.029513927321265,68.43536575575527,499.53227750605237,-168.2578932223912,212.8858576906068,348.2335305465971,323.220183499453,40.670394257742565,175.68191532942322,91.82481029811099,438.69060741145745,331.753851515818,150.20268900767925,470.77959561261315,299.39297476065246,107.14471548755661,41.730800455002104,-232.00419036281207,43.13341757520643,77.24854517569578,-225.45069443036417,157.10450162088966,-198.38169134193186,-7.412855945315203,188.9493363275953,-132.665598857506,314.94209994520804,158.45173049792007,-110.2779403532056,499.99938641202766,499.9999987305754,79.26155719513258,-113.63148899093379,181.92776308866718,6.597988197124667,-119.28374201797816,-22.800774351545087,-53.349203326446826,-33.672116943099404,-86.4286335384415,380.6699234321105,152.7940047034538,124.73190741496563,-197.79169548098804,-113.35493082098978,63.40656934147523,-440.48382825476415,113.7215645916096,3.7338564627970245,-102.71517427601158,-495.78973460810835,-489.0159272934647,-65.51458527134947,-77.7689503547134,-64.12090040591751,-33.91032178085306,84.30168623550368,125.53703821380677,-53.064021000526346,15.767683860650312,-3.283139748196937,-22.6635118829814,-264.69319508118616,-292.6175743835347,277.3999820673264,-45.13636032378759,67.51207863343885,-31.90615709091035,-94.74497847921623,-77.81325502274971,-9.57110349033067,32.30421172726814,106.81754616868197,-133.6250709014046,315.6486884682183,-116.91714278241925,269.2464666302867,-6.145172687283835,-106.1260709538446,-498.61799891747336,-0.23513889019930287,-7.560561621352215,-22.499611304701975,140.8924314060999,-107.53048472812986,-111.15910801790436,-6.878570245485188,-151.72838630468019,207.07645306609413,210.97611688627507,-162.18330097590095,70.52053870207544,-12.989265559871596,6.551327676058437,-175.63901630252172,-181.22197212538504,-13.087618981357613,-49.78078812055783,-47.45327415155624,-190.3082550141804,21.71745880519972,-50.1720521911781,59.489330419053644,-3.069491956435969,-235.02355026935402,476.15971593240107,-57.98397502379585,-385.9953890248231,16.450927417448444,456.9628184466298,-451.7169559274879,62.42913830663769,448.3672087925215,-0.235138890679516,-377.0686296872961,-109.73526767558121,339.0990686976362,-374.9356410585509,442.7570161635477,-499.7992547734075,-499.94415322611536,74.88229190752658,43.71345780175,-239.87763931475038,240.39935980867753,-387.0048955074081,-499.99998168377937,22.551454973613705,42.445571822494706,-337.94886473270344,-479.77372941133336,70.81223256927731,-174.48747348263691
135,-0.08789727521111311,-499.9999999991382,499.99159206260686,401.8959729567896,409.1842439450564,-0.13192295665258974,40.22993182269298,212.97602368598777,-17.972073963633385,-55.20251706729885,25.777088645450192,44.93853155275161,307.85174226490994,-103.24472479977187,218.98128047306074,149.6185342221075,378.82868362121116,499.9999976229036,-55.2779010244667,-485.69403620276506,189.59552159783252,500.0,23.560516520600604,217.4983485869056,-255.5619371533442,-103.26738660794992,257.1227629191708,50.04399076646663,-297.30601335671355,-289.31693859365885,2.276879388286704,-143.53262983795886,-89.63127331241103,-499.9532982753584,202.32453516316855,16.144680275294252,4.062906451799979,-288.8272548419382,-111.6649834702328,-1.7882516497853216,-78.26977683148394,416.42950233146433,-322.4568101670239,-400.5461914992099,-391.03388481535274,-126.40973578696472,2.7964580059687103,2.0257740243952456,100.86381038430665,413.5827382192008,468.05069652470127,-190.1310810092245,200.885192850823,-252.80566375641976,-93.27577406396006,33.939763043830226,97.3295732476806,424.7396385075145,-21.44868123644647,457.56190053642985,-470.44234399544274,-150.66811508606523,-177.82757400468276,-359.8221373081536,-250.91364589095423,365.78200708947674,-54.44877980340381,-143.58800477293056,-437.95114819980375,60.39020001833483,315.0369378430121,-148.33039886120955,499.34873894834624,-449.10907248302095,172.8507919234688,-416.4835862998783,193.4770212235516,477.26040364112356,357.64429263006224,-100.07882394545031,6.684464832763869,341.61932201740075,-303.2954556733933,-177.82361791575954,-156.86071035069313,-239.40149658135837,-143.36401781039922,248.65178081980824,-246.97302761025276,-374.2964252262924,-21.62048959339221,-60.67742696324012,-234.99059229401416,-115.99486756823538,-67.19535390741886,-145.84621277709175,82.04942351849115,329.8951823916147,317.796110996705,-120.3479897290801,495.8850089921978,-383.69039779980477,326.531102204198,-6.4437417265749914,310.74844054281687,42.68579868633413,24.105215932270394,-119.78242942797391,-175.55074342080434,-439.5736685363015,174.28790299274502,-155.22303891314954,-7.692037856252245,-498.47772229480057,3.0860566292383553,200.79235647739006,210.2861344351254,300.86601576678527,-121.09379483063155,283.09256338466685,425.03258088357336,-383.4017550232197,408.5571676160136,94.35236850548694,159.88031869129415,62.055987852219104,-359.0027143091305,-11.724881342981675,161.9496419440839,-100.68461613352619,487.62480694335335,177.1779869578314,190.60833224180737,-77.68476105008486,-499.99999993400564,458.5509238971627,-39.21075860770399,33.748859173225696,197.87248647869802,132.65180616083478,40.7093088574352,10.024980927270756,97.87510370785645,-12.807996644457614,-20.720992461482002,241.99086686392533,12.041913955190267,69.4932052611404,499.5418326942639,-169.63949966883348,212.97214695091458,351.44734048935857,322.69986305741685,39.81659280909863,174.041682122338,90.49967157829596,439.50044937673545,333.63274637137823,143.8437832067934,469.4759430944611,299.2913623143182,106.56584071171787,40.389178275407495,-232.77532876857623,42.938760395464094,76.64273336263194,-226.36523844886216,156.3874843760409,-198.26541831097583,-7.374254115125094,191.17908085378826,-133.3222117602214,314.29972896075583,158.23680458578542,-105.90997710195374,499.999509957847,499.99999859265034,78.24332076051523,-114.19087836607247,180.61507519348547,6.661137045291902,-119.74314115606207,-23.469656133618656,-52.1319538222626,-33.27880355188581,-87.532823289969,380.74864631679975,152.73341978385608,123.89310720819454,-196.9934426016603,-112.79903139709056,63.04310040647697,-440.3207792939917,112.15739462863024,3.5830703826011465,-102.574996790031,-495.68258693649005,-489.0018833216552,-65.86841910445244,-78.15936867025538,-60.91806535606686,-34.199185587215574,83.36160535434847,124.75926471267886,-53.766613341690736,16.06185459255864,-3.2853356502680735,-23.364733260109386,-265.5239320512045,-290.81256751169394,278.6838793714463,-45.459156877529225,68.86169311250474,-32.720260340428965,-94.12140377488782,-76.01028407796309,-9.355137048910088,31.460224948698162,106.6101313499819,-134.0588880291256,315.55127442799755,-114.7947402198721,269.144648832107,-6.608197016843121,-105.59427307487492,-499.0369801811782,-0.2199743098566005,-7.643217676655215,-24.031392994215448,140.26916056971265,-108.02270709559832,-111.0229882203293,-4.940684029244412,-152.3232152470138,207.170546803264,211.85527043010345,-162.69698253349603,69.94478257154684,-11.971180277653685,6.396740249500202,-175.32944509623033,-180.35113889860392,-12.210114038537272,-49.47424867927037,-48.27069732501484,-189.01865083579494,24.283356619930515,-49.108397493723594,59.300209097106496,-3.6381171499088447,-233.24309834074072,476.64844211573717,-58.56653844087703,-386.3362463909089,16.956151082235536,457.6418352250112,-451.6145967676161,64.21849546499415,449.3629414542196,-0.21997431030770975,-373.25661279588184,-108.98463037276592,339.00390484482335,-374.7455285316965,442.72753402917874,-499.81338321879,-499.9444109927602,76.86838542595345,47.844532198596625,-236.7372803809914,245.00766906283593,-387.81346777531843,-499.9999817008913,22.84605744011404,42.15504900095032,-341.1016787850264,-477.83485565882256,70.35666334121126,-171.89241151273382
136,-0.08222876285881466,-499.99999999913354,499.9917282922495,398.9860130521632,409.4487853146158,-0.12341521975415048,41.07251098764458,213.18126713100514,-17.292865746358014,-55.305251982853974,25.210084522047453,48.843263018185496,308.3995287233769,-104.21846114028351,219.02258374237724,152.29673146067964,380.0690267581622,499.999997492419,-52.462156804303994,-486.0776245785914,191.03785371083842,500.0,23.415822652869597,222.8679009460895,-254.56817665260218,-102.99529645292786,256.5494625043594,51.732538568609684,-297.9498435246054,-288.9934504606514,2.3257617977766354,-143.17906081027172,-89.83392784089946,-499.95330825482927,203.35844342123696,16.9450455519518,2.1936843989132635,-288.9791402086983,-110.05326232129505,-1.7951344101900752,-77.60945479273711,414.7271480354498,-322.76372400167145,-400.18025756162245,-391.51037880240955,-127.66525165053291,2.683543154385116,1.7712914081210043,101.06133658452691,414.7406284627751,466.50790707725776,-190.02213472817056,199.74055187824155,-253.21745567011368,-92.71309693115379,33.01388880453427,95.68493031400267,425.73255007214885,-20.81123555386043,459.1875833577224,-470.518402401198,-150.76031968649235,-175.12067022465965,-360.01185362337327,-250.63947994585283,365.3183997043606,-54.19575362777224,-144.38471744021817,-439.3671413583031,61.89896862267459,314.29918474554836,-147.79405987726017,499.43842588144753,-449.31944814240387,170.50323197179273,-416.55452850404214,193.25149763438753,477.1377029481824,358.03019671564783,-101.48355691257218,6.486755123427791,342.0863348182546,-303.8786038368056,-178.10369204663954,-157.48986629297295,-241.4436859448365,-145.09381346009744,251.41609025346145,-247.31853717684174,-374.08670582708083,-21.03757197970913,-63.238992880828555,-235.57691739191142,-116.0676098278848,-67.91611058316808,-147.97619117721874,81.11836340627794,329.19347372964114,320.80772361587975,-120.50308606640473,495.8305142574072,-382.98060006786983,329.24581361007927,-7.0843082866867135,312.10714182668863,41.06786726552698,23.1693115071337,-140.60595850393204,-176.46785825491213,-439.7063688347357,176.29516832964623,-154.02725435125672,-7.309767565885925,-498.39010099901157,3.4669057912558694,194.97176859618884,206.6450438132479,297.27472572307295,-122.59556692813536,281.42778317000085,423.7509306373693,-372.74527069952376,407.82174651440266,95.02251713422064,159.83607981258078,61.00793390909295,-358.58849156889414,-11.120357942804159,160.424714094628,-104.34930294193045,487.60985957193145,177.9554844418304,189.92282254737833,-78.06575752890767,-499.9999999375461,458.1231585056298,-38.247049531446834,34.390956542107446,197.71792168971749,135.039396514536,41.875938348250784,9.715922419150182,97.18746850019708,-11.023682187759189,-22.27081477481603,241.26724238173068,12.058367036387958,70.4502685983614,499.5518887316149,-171.38594840440325,213.0286116916036,354.30994767357447,322.17976739082366,38.94079759714536,172.32129003375803,89.16690376260031,440.2800971818004,335.42151473412565,137.77135116861558,468.2016761020643,299.1347538253418,105.9632510942589,39.03387778853699,-233.4886813043129,42.71679914877882,76.02510936875898,-227.24772610221203,155.6387139540153,-198.14637017608752,-7.3443737884282365,193.2829841601597,-133.63955449317672,313.66623089238163,158.038507348204,-101.61099022312142,499.99960794420036,499.9999984486643,77.23293349928952,-114.7627237465798,179.30410481692175,6.7248620655571845,-120.14031102877497,-24.106418530548662,-50.91625739318626,-32.814908770238844,-88.51625235834202,380.79881948587047,152.6752999716511,123.05673541067472,-196.1349086452864,-112.19228150566984,62.70076702578363,-440.12704180270083,110.57037344612242,3.474953549776067,-102.40673277033065,-495.5676041583794,-488.9826800534555,-66.20280772036588,-78.49239702064693,-57.745048140402126,-34.45852808113016,82.39983346725022,123.98497133667644,-54.45234606833369,16.338468684263024,-3.2794844001293466,-24.00610542671331,-266.31708452495496,-288.94280220565577,279.99730632850736,-45.82390326062353,70.13582388008714,-33.51870573316147,-93.49061437298282,-74.25482540266425,-9.139450206593422,30.547517067232597,106.38284748711257,-134.45646112166048,315.51030224869425,-112.687190286829,269.11059233846345,-7.080399766409574,-104.93465378990766,-499.3177393314591,-0.20578812528389206,-7.712442945644848,-25.622387822142603,139.58323866760094,-108.45696960389509,-110.85290220334527,-3.0465984455374193,-152.93898858972227,207.2118580553612,212.65858299196674,-163.15030818351042,69.37296133406645,-10.967919912801175,6.240936548751971,-174.96633975638994,-179.48090725682476,-11.393286638166625,-49.21064349693334,-49.04322930470285,-187.69588296314137,26.727087156253305,-48.040241037854635,59.151747781267396,-4.1625080346105445,-231.46445089676027,477.11526674747404,-59.130937898440145,-386.64266158185444,17.39371289783716,458.27808493167447,-451.51784871881426,65.9222496938392,450.30649642898953,-0.20578812570589752,-369.28147966730916,-108.21434408254784,338.91195880930303,-374.56195673205013,442.6987866697911,-499.8253499334408,-499.9446573707576,78.79597675336059,51.81630631917629,-233.11363248340325,249.43769245591952,-388.5841986194483,-499.99998171731613,23.14584964733128,41.908884968459994,-343.97456423430185,-475.62088083073326,69.87445966100303,-169.23497528624566
137,-0.07692589571219835,-499.9999999991293,499.99185904856915,396.1217621971033,409.6799595254263,-0.11545627110147465,41.842907401512655,213.36650561903488,-16.687766325062118,-55.438748861237066,24.641261725233914,52.60524095764844,308.9175298788839,-105.20722599401644,219.03251165246544,154.91270238779381,381.25053741921505,499.9999973107486,-49.716190480176515,-486.42196922927684,192.3677885898173,500.0,23.244988867427477,227.8629998558199,-253.592372559505,-102.71853177197389,255.96021096327627,53.28195519815982,-298.58410031801003,-288.66807144674755,2.3487467305731005,-142.84417845012155,-90.04581978805811,-499.9533176879652,204.28256443532277,17.679430238981524,0.37356217919060736,-289.13001190835945,-108.53360412849227,-1.8070090899333535,-77.04371029427708,412.8485355649347,-323.07053148713175,-399.82235114956444,-391.9730124022219,-128.9082083290312,2.5782424210489494,1.4944533783331404,101.25117205275737,415.8497240168823,464.8923904643879,-189.96442705753074,198.63697341511246,-253.6265244725068,-92.18973030090017,32.05537380525567,94.11177035439036,426.67209975156936,-20.174250821518907,460.69915033044316,-470.5972349504919,-150.9014723203449,-172.4976087651953,-360.19524857636645,-250.3677944948009,364.8735887720542,-53.95376050920246,-145.18088860794967,-440.6950261080935,63.252583088928155,313.57165055071926,-147.2802121626663,499.51391827482064,-449.5243686265518,168.21994975790278,-416.6201611276706,193.01036996345132,477.0183268077904,358.3895165109635,-102.8994507639795,6.264588780466268,342.5382716433977,-304.43232149710025,-178.3898104994555,-158.1223841719165,-243.4055503236725,-146.81220587384675,254.11629451074813,-247.68585798042704,-373.8765781624184,-20.463818509578868,-65.71047301562272,-236.15761055213866,-116.16852495669171,-68.64292322519488,-150.0811530443164,80.13092246610492,328.51829340914173,323.6953678524522,-120.63617210301929,495.7771790919971,-382.2813376130447,331.8758692796713,-7.738025738296324,313.41996572682274,39.416786425473276,22.236539870521668,-160.62528453940365,-177.39859892248384,-439.8327014799827,178.2126271610063,-152.89290651278012,-6.944771962338273,-498.2938413031849,3.821845600663323,189.30975689667852,202.77300516852023,293.54205514012887,-124.0794605051905,279.72849798241833,422.4280087736995,-361.26777625561056,407.0878751691079,95.6515003611759,159.7016017815971,59.98661563571158,-358.1761782772744,-10.574921233483499,158.96971179745088,-107.93128835804002,487.5934693057912,178.73742608659813,189.25088362378725,-78.42889362426068,-499.99999994076,457.7077629255704,-37.277614750091644,35.029274198665085,197.52372731606908,137.265957984386,42.944909783667214,9.426107233209976,96.43468023890598,-9.282709014044983,-23.999344043153027,240.4930122100381,12.080530117302642,71.31317276649872,499.5624084810647,-173.54421300736422,213.05571250972633,356.7832357730709,321.6599363790987,38.0393507531944,170.51944193780272,87.83412810432742,441.0306646655951,337.1276404652773,131.98747252679036,466.9628927340074,298.9211635129847,105.33548028200616,37.677679427364495,-234.1453954363941,42.47051403009113,75.3945473184524,-228.09836339016482,154.85631099497667,-198.0246014424995,-7.322994138816401,195.26832735890702,-133.61315854516178,313.04074286033415,157.85769074549194,-97.38696606193248,499.9996857368635,499.99999829915964,76.23130506888988,-115.34523823492272,177.9966885652093,6.786771028447785,-120.47839121557818,-24.71012142442972,-49.71028852727914,-32.27892562261899,-89.37725220428038,380.8221834582626,152.61744704361016,122.22364514954332,-195.2110603102116,-111.54379180736693,62.38066246890021,-439.9067876974245,108.9651964175524,3.4137840032759197,-102.2120136678842,-495.444369119908,-488.9586855899446,-66.5222991977604,-78.76346204643947,-54.60707021337704,-34.686827908300785,81.41886541489436,123.21661408061406,-55.1190321696865,16.596792526613736,-3.2657435559022745,-24.584780815061915,-267.07609476449795,-287.0083330328003,281.3384643300714,-46.22851901423572,71.33429884878743,-34.29940411478694,-92.8557673464176,-72.54802781393792,-8.92116260177988,29.567148229367607,106.13836770745998,-134.815967449839,315.523516728578,-110.59934154180507,269.1394700868234,-7.561877712070509,-104.14389449446264,-499.508930498271,-0.19251701482031078,-7.762359743994865,-27.27075622040268,138.8356044451261,-108.82871750935233,-110.65179807740328,-1.1974713750797303,-153.5742888542243,207.2031717149264,213.3897676655971,-163.54006802663656,68.80696213785673,-9.980306671134734,6.085905314052752,-174.5439206431127,-178.61151398299896,-10.63511331893802,-48.98925320013306,-49.76931215153747,-186.33964115474464,29.051727717015712,-46.96303095695,59.04507797227469,-4.638091754714151,-229.6888147934695,477.5616108256946,-59.67305453347986,-386.9164355542957,17.76622304888745,458.8738116660905,-451.42677896389085,67.54171670107807,451.2003174001744,-0.19251701521321243,-365.12757186032275,-107.41784143818091,338.82465670490524,-374.38807910276273,442.671372949316,-499.8354538776001,-499.9448929087491,80.67942067105692,55.63202124588871,-228.9975594401436,253.70605505676897,-389.3142277074643,-499.9999817330821,23.459977198012705,41.713362412872556,-346.58920452840147,-473.08937836103394,69.36852462439661,-166.50366564860784
138,-0.07196501499639443,-499.9999999991252,499.99198443027376,393.30530616883976,409.8859100888252,-0.10801060182775356,42.55413800797288,213.54679791492168,-16.14241039551743,-55.595024799247895,24.077481859535943,56.22800869649358,309.4102333551712,-106.20714697563243,219.01663127223932,157.47214478499146,382.38214967303963,499.99999707324145,-47.034276151291,-486.7326958522335,193.60463700507563,500.0,23.06130553811482,232.51425829549368,-252.62671327834886,-102.43612430427412,255.35633305190564,54.70711902207158,-299.2068177433029,-288.33647416486514,2.3490163856510082,-142.52303479555184,-90.26262361091118,-499.95332660151803,205.10915952492851,18.359759085819856,-1.3973644640670877,-289.27977606558744,-107.09828539762327,-1.8214437408979143,-76.56417258104686,410.80171834341644,-323.37619250766573,-399.47235146431814,-392.42170455418096,-130.13481733411643,2.480033885633056,1.1941311561687764,101.4336926543563,416.91143520535655,463.20627826858055,-189.95272417574895,197.57560255466436,-254.03212805226033,-91.70445660843704,31.06249376633091,92.60758490675255,427.5610160877904,-19.537568727342638,462.10506726403156,-470.6789035565961,-151.087497398833,-169.95696763290604,-360.3683730296858,-250.0993284742657,364.44513529281795,-53.719896712001685,-145.97177194250375,-441.94146475787113,64.45989568122258,312.8489943889924,-146.7886372703293,499.5776656885159,-449.72357478155146,165.99837324546067,-416.6803219259132,192.7563710259384,476.90223564868387,358.7180394554463,-104.3253710845512,6.022067989348923,342.97588935474215,-304.9569785911262,-178.67800708401924,-158.75730949131997,-245.28771586040324,-148.5150714438652,256.7545292631902,-248.06828911104253,-373.6648086053373,-19.89798075714849,-68.09229977093236,-236.7321306212206,-116.29654060378236,-69.3710859759942,-152.127902966085,79.08897321857089,327.8696802099091,326.4645167644966,-120.74999606333384,495.7248160716574,-381.59252762018593,334.43276420658015,-8.407111085582383,314.6885290049622,37.735444516387375,21.309608966479495,-179.73440111370533,-178.33876944574624,-439.95281555422906,180.04362177712898,-151.8188683835683,-6.59625057638891,-498.18822865803577,4.151643051603764,183.79698199389503,198.6455436188646,289.67718699290555,-125.57833654157791,277.9783590814567,421.0690529455122,-348.93624759588823,406.34959966529664,96.24886702291188,159.480796220393,59.001375728449325,-357.76393102125604,-10.089002788610525,157.58198168134655,-111.4093111859864,487.5759481184871,179.53248586450306,188.59223489566162,-78.77508980353346,-499.99999994368443,457.30430741822164,-36.30087645265891,35.663268159180554,197.29123886302318,139.33510650498428,43.91474104895607,9.15340528286587,95.61397496418786,-7.611207875015567,-25.94411664404101,239.66497545852584,12.107175567907,72.0869193184689,499.57333521637844,-176.14807133846514,213.0523735507285,358.83796179315533,321.1390919859366,37.107561295338925,168.63294191546822,86.5078289804764,441.75342304170476,338.7596436379595,126.48877888070639,465.7641340317507,298.64790234819185,104.68075622234826,36.330173478012796,-234.7474989152062,42.20108192319011,74.75000108117628,-228.91786340388302,154.03860789758576,-197.90050052201704,-7.310064591200109,197.14027437852673,-133.2452040300279,312.42110402357855,157.69443688472504,-93.24419729562185,499.9997475781672,499.99999814471323,75.2394638979262,-115.93726173303533,176.69258578529002,6.84346290847957,-120.76134725818666,-25.279919383971787,-48.52316846333228,-31.66888327432195,-90.11535313082095,380.81904698276855,152.55696055289093,121.39317470279823,-194.21665365748538,-110.86409544684078,62.08424129203719,-439.66530514883385,107.34443530189536,3.4039774774590548,-101.99303231393905,-495.3125851674916,-488.930483949796,-66.83241872666488,-78.96801281551734,-51.509399312212935,-34.88208853334697,80.41953569667884,122.4556505112474,-55.76472268562701,16.835881464569486,-3.2471980433839853,-25.097424969039437,-267.8057602870379,-285.0096498345061,282.70486925095213,-46.67115776350781,72.45651714967157,-35.05967727430431,-92.22095809461689,-70.89148348870073,-8.697390597918886,28.52170225648444,105.87867175009953,-135.13500130115304,315.5811237949014,-108.53673181234691,269.21871038924456,-8.051836447986497,-103.22043442106065,-499.6411598532379,-0.18010176940487047,-7.797899649236468,-28.971251905497613,138.02628778718062,-109.1326376728751,-110.42259514549063,0.6052713000977239,-154.2265627512375,207.14582496358807,214.05172178013908,-163.8630154013391,68.24984419039588,-9.009437194175831,5.93465842201754,-174.05590992490067,-177.74366848729173,-9.934425641362987,-48.80976170269205,-50.44788334758299,-184.95083608446234,31.2597645138468,-45.87153534723401,58.981487032239485,-5.061223977658842,-227.9182144806889,477.9888061663571,-60.188229946329656,-387.1598644530767,18.075903518549676,459.43099450682223,-451.34131291445726,69.07860998922473,452.04655479026144,-0.1801017697686683,-360.7798683323859,-106.58863089595147,338.74283714657525,-374.22454620385855,442.64569505045665,-499.84395402457113,-499.94511812448377,82.53011803740242,59.29456527697041,-224.38826571957085,257.82570741013484,-390.0019761572509,-499.9999817482164,23.794556884584296,41.571913165480446,-348.9656091572045,-470.1928241615574,68.83936249335045,-163.68942790277086
139,-0.06732404736307959,-499.999999999121,499.9921046420606,390.54103032680274,410.0740295906733,-0.10104508255202674,43.21719043256784,213.73442179650897,-15.643009423588893,-55.76805534154901,23.523547725672408,59.71596093372225,309.88292020926696,-107.21463022836467,218.9801005063741,159.97983147254453,383.4706349663197,499.99999677355316,-44.4112394673779,-487.0141802769928,194.76487946051594,500.0,22.87575076478456,236.85184582809666,-251.6641665513344,-102.14747022874192,254.7392413899735,56.020374557091316,-299.8163843385163,-287.99446523584277,2.3286935126423756,-142.2111819568328,-90.48067579766895,-499.95333502095514,205.8487493594626,18.997606146983568,-3.1184955490239794,-289.428521625441,-105.73979283293002,-1.8366758785468003,-76.16316193001678,408.5955775980782,-323.67978066432875,-399.1300961130508,-392.8564809152456,-131.342658904697,2.3881015724199477,0.8721053694831593,101.60925098604451,417.92712005313604,461.4519255747096,-189.98240814638112,196.5586907144107,-254.43376380592375,-91.25581504078436,30.03732384241471,91.1700572390512,428.40189561994475,-18.901239182251295,463.4134623766405,-470.7634747012563,-151.31492266340868,-167.49716911917182,-360.52877537648277,-249.8348705370091,364.0313082497962,-53.491924090789944,-146.75378835158537,-443.1125140812006,65.52906453867968,312.12725015112613,-146.3189003312482,499.63167183386975,-449.91683301592457,163.83678956920676,-416.7348537051381,192.49202223403765,476.7894341340318,359.01284397955135,-105.75914450391576,5.763292861666136,343.3998884480256,-305.45291163971547,-178.96499736360084,-159.39358835630168,-247.0915925994519,-150.19913659497405,259.3327912777763,-248.46066120673595,-373.4502982327937,-19.339059007633136,-70.38734859293758,-237.29989717949525,-116.45006694056373,-70.0968107072624,-154.08786890792393,77.9952693402543,327.2476233088149,329.12040223357496,-120.84626063886941,495.67328087124156,-380.9139641150029,336.92679473664685,-9.091468892033715,315.9143887638844,36.02789970574187,20.390676115779552,-197.86214218129578,-179.28470756595433,-440.06685882895994,181.79142914641957,-150.80377569670762,-6.263109356941602,-498.07251953944336,4.457722036687057,178.42571609152165,194.24966327335667,285.6904747074888,-127.11790872651765,276.1652935072474,419.67900841824945,-335.7249911822774,405.60236008003614,96.82230058238754,159.17856385476958,58.05991228682011,-357.35017987175644,-9.662326958037209,156.25931126377262,-114.76595957448215,487.5575668596034,180.34737710204925,187.94680641932325,-79.10514524906424,-499.99999994635147,456.9125662627548,-35.31548637412855,36.29248152813105,197.02180660627693,141.2514789516867,44.78541730138126,8.894832531528062,94.72447535899501,-6.031390002129982,-28.13171292260311,238.7813542609943,12.13615458549109,72.77621173076157,499.58460140013295,-179.21231119823074,213.0176381674108,360.4562116822568,320.61593652732216,36.141979869426166,166.6602560901613,85.19384111273916,442.4495788303532,340.325952004402,121.26857094788383,464.6088504724807,298.31308483300126,103.99881221398644,34.99883348900978,-235.29764462069946,41.90994019894521,74.09268911407096,-229.7069743154693,153.18615803000478,-197.77435220770556,-7.304219913809726,198.90396323973647,-132.54284038600827,311.80515812005245,157.549982335293,-89.18912815079678,499.99979681376885,499.9999979859292,74.26040150835279,-116.537365124129,175.39141272456672,6.892617634800237,-120.99390831674121,-25.812718755566983,-47.364957928343834,-30.9814695972427,-90.72932195606923,380.7891940926055,152.4921911077482,120.56520960836161,-193.14576439513363,-110.16511001054602,61.81557100826124,-439.40774923177577,105.71070832120374,3.4517315406640656,-101.75246303933413,-495.1720215027364,-488.89880028148445,-67.13735720704253,-79.09964083185558,-48.45724712931927,-35.03976776150895,79.40333206080047,121.70466279880118,-56.385340102959546,17.054855514706848,-3.2278005551559334,-25.53823085838345,-268.5105655740947,-282.9474299018686,284.0938862551901,-47.14773232703996,73.50389096624728,-35.79427273978473,-91.59098523429945,-69.28673798090458,-8.462912348273635,27.41751072348903,105.60724668889664,-135.40888025456297,315.67396623649523,-106.5044325116157,269.3369603596988,-8.54923979809014,-102.1627991560438,-499.7339785845712,-0.1684871476718837,-7.826548867325023,-30.713638526382336,137.1565927698652,-109.36102679584465,-110.16810301238728,2.3607715873378545,-154.89059454083963,207.04175423350566,214.64854473407027,-164.11419414888098,67.70796491653235,-8.056413492897137,5.793052218464916,-173.4943634102757,-176.8784922308234,-9.289969006612086,-48.6714205001209,-51.076495515515646,-183.53168951218072,33.354122696339786,-44.758206658977876,58.964013629826354,-5.427671049819193,-226.15529431960695,478.3981330645316,-60.669248754910036,-387.37496464442955,18.325619116973428,459.95151459222143,-451.26134703589196,70.53497722344905,452.84725708988844,-0.1684871480211296,-356.22269896402906,-105.71901752750762,338.66693458487447,-374.07088947113357,442.62197354034373,-499.85106527505746,-499.94533350626915,84.35929640819673,62.80749803263412,-219.2870278134679,261.80804123658737,-390.64658154886746,-499.99998176274465,24.154681054758008,41.4870161897691,-351.12232227642227,-466.8772457158102,68.28754678570643,-160.78418249924036
140,-0.06298236318046746,-499.9999999991164,499.99221991600876,387.8332977598299,410.25075724093875,-0.09452875075083948,43.840703361927645,213.9393026974913,-15.177697079190363,-55.95245292636517,22.982655892950895,63.07521279945475,310.34057180431137,-108.22513499883435,218.92764774954318,162.4397532527922,384.52082369906896,499.9999964035594,-41.84279995767331,-487.2699377529136,195.86160898864196,500.0,22.697778650074362,240.904845123037,-250.6986579544893,-101.85214809761622,254.11108733504662,57.23167627765526,-300.4114545540987,-287.63790134888296,2.2888979589560337,-141.9044470641553,-90.6969020606994,-499.9533429705469,206.51011201820734,19.603030677034585,-4.787658851073737,-289.57653257700736,-104.45106983134403,-1.8516267837777436,-75.83364157875313,406.2397138705315,-323.98038814298945,-398.79545036532744,-393.2772524847725,-132.530323459744,2.3013236430025152,0.5337479027174018,101.7781784045121,418.89828753228477,459.631862814944,-190.0493891970146,195.5884876864593,-254.83093734485897,-90.84188002605654,28.98645771713676,89.79704366761425,429.1973372009774,-18.26537026732869,464.63228708432035,-470.8508829997108,-151.58092831936787,-165.1162689560207,-360.67511159358037,-249.57502769336187,363.63068411221286,-53.2680156297128,-147.52417689133182,-444.2136926439331,66.4680415290354,311.4035023992776,-145.87035390735699,499.67757791406376,-450.1039587780455,161.73378749439868,-416.7836506026072,192.2202092586946,476.67993056831307,359.27224368458485,-107.19720483333569,5.49268486187388,343.8109180842049,-305.92048764225774,-179.24737366301918,-160.02961933778928,-248.81892494343685,-151.86185648818878,261.8530295981418,-248.85903961084412,-373.23214014177006,-18.78554248517811,-72.5989142010871,-237.85991239468694,-116.62647070953491,-70.8167936546406,-155.93725207911,76.85484521417452,326.6519938936499,331.6680224344461,-120.92510066934221,495.6224580270229,-380.2454885453876,339.3666344644035,-9.787723781480258,317.099044722474,34.30065218649862,19.481623935914474,-214.96767536561336,-180.23321878956028,-440.17498707098383,183.45926696314558,-149.84569702563505,-5.94367550651095,-497.945925923621,4.742451978720535,173.18956310305896,189.58727658574,281.5934226638994,-128.71440460610302,274.2818498999151,418.2625207234675,-321.61671051687784,404.84289271205677,97.37667185148526,158.8015040335291,57.169343700166806,-356.93362851488365,-9.293718772735035,154.99991889449672,-117.98729130625938,487.5385482837339,181.1877698261949,187.31472536971606,-79.41967135660398,-499.9999999487891,456.53238427744947,-34.319853110001304,36.91662485479633,196.71799208646422,143.0214255960406,45.55938744400532,8.64777880582023,93.76795912576482,-4.5589749533503365,-30.573476247518077,237.84263184929978,12.165608266823936,73.38627552263127,499.5961356638756,-182.72993230498247,212.951647170406,361.633127483854,320.0899302021857,35.1419247204307,164.6040192708957,83.89790959550332,443.120297940234,341.8344495572839,116.31873153642056,463.4997917904715,297.91635604049446,103.29154695803375,33.690086370924874,-235.79895579140782,41.60006861063497,73.42693478680897,-230.46625815561566,152.30235558458713,-197.64624038985107,-7.302306974581565,200.5659224803579,-131.51668756968516,311.1914564806655,157.4274082344329,-85.22850232274826,499.99983607893773,499.99999782342945,73.2994504665362,-117.14317603669554,174.09402451006005,6.934209568220346,-121.181475390935,-26.302402867000453,-46.24685144478059,-30.212747995442992,-91.21647396757592,380.73253778413863,152.4237340533797,119.74133736897437,-191.9919343609806,-109.46023081159419,61.581801893395806,-439.13820272816616,104.0678232323307,3.5649056933315366,-101.49343032259534,-495.02244379118696,-488.86436319558794,-67.43868963102575,-79.14974353179981,-45.4558990403724,-35.152517187364644,78.37368600128212,120.96829284554524,-56.97380089709918,17.25277733897481,-3.2104372198087523,-25.898784850293655,-269.19336769103916,-280.82254346468767,285.5030988870197,-47.65088660711103,74.48083907278784,-36.49507673475508,-90.97138860548439,-67.73529245909722,-8.20962381940459,26.265141569128385,105.33004270281383,-135.63050088736765,315.7977925162024,-104.50651207521902,269.4886301331895,-9.052792354076212,-100.96926046784242,-499.8000647166544,-0.15762152133086776,-7.852065419964327,-32.48310328167795,136.23010582037756,-109.50394514007974,-109.89106444747415,4.069124620948963,-155.5586950486291,206.89463665325712,215.18648396653657,-164.28663634577615,67.19125050524875,-7.122241019844972,5.669850486107288,-172.8496409094816,-176.01755371632305,-8.699909663376364,-48.57255624794628,-51.650681957102904,-182.08588534477894,35.338678181012526,-43.613099589791254,58.99780941924648,-5.731614536883318,-224.40321997498035,478.7908773505633,-61.10609795172845,-387.56310932566066,18.519361031523264,460.4372912608354,-451.1867521687356,71.91335341103051,453.6045470150166,-0.1576215216582858,-351.4392732119421,-104.80032322903313,338.5972138448814,-373.92622975620276,442.600326743365,-499.85696111923835,-499.94553951520476,86.17896803044584,66.17520638816525,-213.69391257443775,265.66428974338055,-391.24729419325666,-499.9999817766917,24.5461715772431,41.46189779530721,-353.0769124402656,-463.0812135143911,67.7150311309337,-157.77948441838632
141,-0.05892066489843651,-499.9999999991114,499.99233048872543,385.18542764936467,410.42168077531653,-0.08843264320070715,44.431492040401466,214.1699521175716,-14.736496423389642,-56.142708046178086,22.457033912710067,66.31392345464522,310.78764755509854,-109.23275583772417,218.8636408025023,164.8556675764289,385.5363002227252,499.99999595324715,-39.32520098337447,-487.5028501542672,196.90517323871273,500.0,22.536216207342378,244.70099162195675,-249.72486635879855,-101.5496588233263,253.47499737718172,58.348909977659645,-300.99085541985716,-287.262603674157,2.2301493816506968,-141.59874442141162,-90.90861322948186,-499.95335047343553,207.10051826813276,20.18454167891778,-6.401080332608914,-289.7241854982566,-103.22548104587624,-1.8655444274026955,-75.56923526841108,403.74408215554666,-324.2770918046082,-398.46824135844946,-393.6836268939101,-133.69726781892996,2.2185381022674515,0.1871961212452625,101.9407863234388,419.8267236117791,457.74866202381924,-190.15011086790193,194.66699036221857,-255.2230742129845,-90.46015354180102,27.92007382205887,88.48653540920903,429.9500314113583,-17.630102495618353,465.7694013063868,-470.9408682443114,-151.8834146735134,-162.81185549760457,-360.8068135423709,-249.32000106663327,363.2421859532293,-53.04666294136304,-148.28074905324374,-445.25003763487877,67.28460540841239,310.6758989431234,-145.44219601390193,499.71673137677703,-450.2848150163397,159.68836678464984,-416.8266636381908,191.94471684242134,476.57373319249086,359.4959004301885,-108.6346709617815,5.215328812232928,344.2095801633143,-306.3600916361802,-179.52133253741584,-160.66309046735452,-250.47158622231137,-153.5013235277209,264.31761228645354,-249.2604144800525,-373.009626959616,-18.235650688051404,-74.73017419279009,-238.4106212037117,-116.8220499694268,-71.52793566996877,-157.65680908149008,75.67500348512888,326.0826866915491,334.112150150879,-120.98533155221892,495.5722626641374,-379.5868886988215,341.75987757538536,-10.489644608366826,318.2439414201289,32.56242499052053,18.584221845238996,-231.03592380701411,-181.1816103183045,-440.27736606692156,185.05030087223187,-148.94206941488204,-5.635775031950837,-497.8076016435321,5.008973145861668,168.08362200934678,184.67538459175313,277.3981965562784,-130.37454143406356,272.32551057684555,416.8238556464004,-306.60322321653774,404.06932270707824,97.91462959256566,158.35759236535924,56.33707380782845,-356.51328436283404,-8.980980689417537,153.80255066224206,-121.06171511832768,487.51907730990234,182.05909021363667,186.6964003639018,-79.71910642880925,-499.9999999510216,456.1636215397003,-33.31218465523439,37.53557255449254,196.38368215888204,144.65300389709265,46.241206281726065,8.410156956390795,92.74838101886398,-3.2023136303342414,-33.26465144181083,236.85121998289617,12.194147182119305,73.92294457670599,499.60786565626086,-186.67260632130686,212.85562423855575,362.3770424264701,319.56133944584286,34.10982916703334,162.47189911517174,82.62593443950273,443.7668325004669,343.2924682547131,111.6306120375412,462.43914877480324,297.4586504570912,102.56249759633442,32.409844463059805,-236.25502428011336,41.2760761293688,72.75962071225332,-231.19619914820996,151.39270049368085,-197.5162811321053,-7.299909980058009,202.13429093979127,-130.18029613544022,310.579220333363,157.33100945343108,-81.36978458537227,499.9998674491752,499.999997657845,72.3633344062852,-117.75122747749643,172.8027659519768,6.970172868204039,-121.33003514263999,-26.740646174492376,-45.18136104571117,-29.359941185847912,-91.57333624402567,380.64916920008665,152.35391179725698,118.92479253365897,-190.74909195912147,-108.76438754886502,61.39203776276497,-438.8594025261683,102.42058890450143,3.751539110104918,-101.21952244719935,-494.86358415315283,-488.82778826004034,-67.73577035081811,-79.10866589587576,-42.51098658493013,-35.211466028263146,77.33590353111195,120.2528503162579,-57.5206711890253,17.428247441065075,-3.196221864008845,-26.169461164972372,-269.8551884241828,-278.63630044653297,286.930340238053,-48.170530928342195,75.39431562490711,-37.152286581497535,-90.36867441716097,-66.23899817067014,-7.927651389392699,25.07830357561909,105.05506665542704,-135.79146525001931,315.95222792193675,-102.54621895038832,269.6726185663375,-9.560610320637368,-99.63863011570251,-499.84775984756993,-0.14745659582298612,-7.8734653417612686,-34.26213230793079,135.25235694671673,-109.55074880232209,-109.5942578170967,5.731220127970544,-156.22215581698995,206.70985794800595,215.67368887544458,-164.37232734726243,66.71189130251445,-6.207913666832659,5.5753899663511,-172.11139242789756,-175.16296659935148,-8.161942034828467,-48.51064858802007,-52.16467410338977,-180.61867048551733,37.21822647719984,-42.42504404105562,59.08929588591405,-5.965798812038184,-222.6656772488312,479.1683507733028,-61.48727735907472,-387.72516753741354,18.662020092770636,460.89032721810054,-451.11733881629334,73.21690258831184,454.3206983861836,-0.14745659613585227,-346.4125998681599,-103.82422314479098,338.53389652420196,-373.7893717384239,442.58083928374447,-499.8617810887921,-499.9457365870463,88.00106294713277,69.40285219653714,-207.60894601176443,269.40561975941296,-391.80323768643916,-499.9999817900812,24.975913416013615,41.500830762749736,-354.8465535900715,-458.73577778937846,67.12526266790456,-154.6665667059654
142,-0.055121057127032656,-499.99999999910574,499.99243660719685,382.599311271432,410.59161540960986,-0.0827299011233738,44.99491133112595,214.4340582350464,-14.311043055964731,-56.33326589449684,21.94822066626812,69.44194265295728,311.2281139020124,-110.23056536603353,218.79207570102375,167.23145330330402,386.51986725829227,499.9999954105029,-36.85483960408433,-487.71527285133635,197.90391146794758,500.0,22.399752464635892,248.26630653366854,-248.73818627308663,-101.23935554977997,252.83476536251032,59.37784875150153,-301.55355589798626,-286.86437486998267,2.152607196316714,-141.29004759814154,-91.11344692625792,-499.9533575515501,207.62585682893993,20.74934592112223,-7.95410059792121,-289.8718959062033,-102.05683258228896,-1.877724953527176,-75.36443512137313,401.1183263290887,-324.5690050840193,-398.14817637011754,-394.07487906032577,-134.8439668574074,2.1386837224668427,-0.15821115291088336,102.09736467241554,420.71453686027604,455.80463887052787,-190.28171046549582,193.79594426114133,-255.60958039010163,-90.10760659476612,26.850152598806865,87.23661904663524,430.6627704082275,-16.995619383574777,466.83258565594303,-471.03296164737395,-152.22117965655562,-160.5810857011829,-360.924093787778,-249.06946884951344,362.86529107998047,-52.82673026806689,-149.02183900684656,-446.22614256456353,67.98578596669874,309.9438968598369,-145.03348459647714,499.75024167094733,-450.4593117671789,157.70023095378568,-416.86391164917865,191.6705045113749,476.47085568914946,359.6850195905918,-110.06574099749561,4.937071738734769,344.59642757910774,-306.77213268406337,-179.78290516679934,-161.291087748384,-252.051577581703,-155.11626013294253,266.72970249235595,-249.66255552225937,-372.78231467659117,-17.68797177771017,-76.78439490976949,-238.9499915583443,-117.03236344668329,-72.22737828029535,-159.23216450307356,74.4645770003393,325.5397372231223,336.45733577511834,-121.02500298394257,495.5226516332916,-378.93778147366623,344.11344585828635,-11.189289799028115,319.35046736186274,30.82310491721972,17.700038402839507,-246.0742133211038,-182.12785161467912,-440.3741763766733,186.5675927576017,-148.0898521695368,-5.337035520216002,-497.65662594481955,5.260764811792284,163.10495143801896,179.54419615259124,273.1168018240757,-132.09593550565717,270.2990958129911,415.3666501768631,-290.685895455354,403.28140813211434,98.43723217780561,157.85523054606713,55.571177865798624,-356.08859549700577,-8.721041654525877,152.66659451351467,-123.97912177174453,487.49930776550747,182.96680611874183,186.09262521094456,-80.0037732376582,-499.99999995307036,455.8061465765697,-32.29095503396863,38.149311656714424,196.0235301738226,146.1555491566144,46.83672648755955,8.180039686019969,91.670700857763,-1.9619420650473858,-36.18516609484589,235.81046051296585,12.220526982535642,74.39230363910762,499.61971788111384,-190.99285627204742,212.73142686472593,362.70961919058703,319.03084197451716,33.050926731862326,160.27639898830324,81.38383205598745,444.3906164691608,344.70671372459054,107.19519179119757,461.42855000309805,296.9413860476014,101.81566809356548,31.163498031893027,-236.66995928669354,40.94350610754318,72.09892841490876,-231.89749400600414,150.46332016647585,-197.38502414248856,-7.292415184638122,203.61822934706618,-128.55046097112043,309.9678697654032,157.2648810239187,-77.62172760369924,499.99989256000345,499.99999748981264,71.45849776613686,-118.35722049344366,171.52089015300584,7.002964126612593,-121.44602454795029,-27.11858365167148,-44.182300135723864,-28.423852121252125,-91.79711681198327,380.5388187160043,152.28524277382633,118.11966278638677,-189.41326774424542,-108.09381674482063,61.255352105937526,-438.57282512890134,100.77374973154063,4.01755064863174,-100.93479636545726,-494.695161475414,-488.7895034849456,-68.02723357059551,-78.96769449521629,-39.628680028037884,-35.208370094464534,76.2962885222491,119.56513711745889,-58.01564744095037,17.578852261503606,-3.184970954114739,-26.341644576570353,-270.49593440386724,-276.39084112376787,288.37350755967697,-48.69522040982134,76.25263349940164,-37.756342347140816,-89.79063596922079,-64.80065260522925,-7.607329123355855,23.871969894212874,104.79121509091574,-135.8838524138716,316.1372257534564,-100.62645751264208,269.888361074126,-10.069984352490332,-98.17170095537485,-499.88262962798973,-0.13794758564435494,-7.887808804059249,-36.03307701929269,134.22981177285013,-109.4923809328875,-109.28058092771552,7.348294771426674,-156.8732289726454,206.49378935138873,216.11930727116425,-164.363897005261,66.28219947006023,-5.3146330318922335,5.519504134481225,-171.2702038903286,-174.31753115050307,-7.67374062760664,-48.48272630523664,-52.61295850299953,-179.13693350144013,38.99810846482677,-41.1835262823111,59.244590679090386,-6.122622884112286,-220.94693803645697,479.53185251883315,-61.8019784475126,-387.8618592537296,18.758743315587243,461.3126966551303,-451.0528455296606,74.44933101096858,454.9981472037147,-0.13794758593539325,-341.12785118509777,-102.78452018528054,338.47715103768047,-373.6587395792558,442.563580483312,-499.8656389950107,-499.94592513190315,89.83554598586345,72.49619387462445,-201.03601334652402,273.04225303356884,-392.31360677921725,-499.9999818029357,25.450763682716644,41.6080043723993,-356.4485666852732,-453.7656272091686,66.52279492361463,-151.4380658393601
143,-0.05156647125020689,-499.9999999990993,499.99253852291105,380.07575175316816,410.76494229499207,-0.0773949066427713,45.53554035581385,214.73894409125458,-13.89379067676221,-56.5188565152734,21.45735258816382,72.46961580058996,311.66565036608455,-111.21148624648545,218.71670303960852,169.57108465320044,387.47393540149085,499.9999947612219,-34.42808897779705,-487.9092192893887,198.8652944102079,499.99999999999994,22.2970419761593,251.6252421586624,-247.73444211043608,-100.92056771570917,252.19422002747504,60.32296458633926,-302.0986222006945,-286.43905118055454,2.0562043128265364,-140.97441532032366,-91.30926433346994,-499.95336422608153,208.0912545475729,21.304025309934243,-9.442087370084932,-290.0201225462222,-100.93921616113577,-1.8874668073949523,-75.21433577181678,398.37209495500053,-324.8553128045751,-397.8348762062558,-394.45017152948844,-135.97161856919564,2.060708942368391,-0.4933637737409769,102.2481907461408,421.56395360100646,453.8020428055215,-190.44178024860264,192.9769304131753,-255.98992855417586,-89.78100435933759,25.788677828411757,86.0454112617877,431.33831589945817,-16.362194714180546,467.82921964384684,-471.126596230952,-152.5936121100868,-158.42091369751586,-361.0277033927242,-248.82286306176914,362.499844734465,-52.60737415918841,-149.74610843981085,-447.1462374636308,68.57775985167059,309.2077587331177,-144.64321792684484,499.77902239118185,-450.62738749468826,155.76951369450242,-416.89546162513534,191.40314508673612,476.3713130189753,359.84165987124834,-111.4843825820118,4.664076804823423,344.971982317541,-307.1570489215168,-180.0282965358024,-161.91052663258876,-253.56100305210356,-156.70574938594794,269.092934042435,-250.06363763409794,-372.5499513344248,-17.141520961092933,-78.76499642102577,-239.47585573076887,-117.2528289478843,-72.91252044657865,-160.65185758704905,73.23267426289277,325.02325543078484,338.7079307945562,-121.04205589213818,495.4736077332441,-378.29766901787815,346.4337660773142,-11.878401436314359,320.4199654090599,29.09256468394521,16.830404262301204,-260.10482335420755,-183.07036688366463,-440.4656092060109,188.0140739466817,-147.28585848225887,-5.045176967469729,-497.4920001850583,5.501224439115108,158.25163724670696,174.23041854348085,268.7610406052222,-133.8721675826759,268.20835218125075,413.89415672852016,-273.8761985879722,402.47986618404695,98.94477050907273,157.30258133229788,54.88011739245647,-355.6593292529352,-8.510526789641775,151.59179115489576,-126.73004503649577,487.4793763922621,183.9163568537397,185.50442156939863,-80.27396870941199,-499.99999995495403,455.45982507443784,-31.25507256070069,38.75785297924397,195.64218712046437,147.53871649413418,47.35214295461227,7.955415940534642,90.53974577000062,-0.8345389169285704,-39.30780759436433,234.72361388097826,12.243423577899007,74.80032904962367,499.6316204899409,-195.63484105826225,212.58094938268954,362.6576366860128,318.4990737625674,31.971499611273657,158.03229594835642,80.17736370836614,444.99316445602443,346.0833611337756,103.00290136666071,460.4690270799937,296.36574802114177,101.05466841598728,29.956019671203762,-237.04811515319463,40.607920706874175,71.45303292669716,-232.57107611013583,149.51989328539892,-197.25341465788097,-7.275664378052831,205.0269298163562,-126.64580862717669,309.3566456829184,157.23226573877432,-73.99393911310246,499.9999127006703,499.99999731995354,70.59039861311274,-118.95667731486009,170.2516662175129,7.034611691835149,-121.53599698967678,-27.427937525971256,-43.263974247061505,-27.408174836205877,-91.88610586494644,380.4005934469889,152.21965580722448,117.32999183487148,-187.98243868498056,-107.46511797364157,61.17980122020536,-438.2794179653695,99.1313756157836,4.366639339671219,-100.64351572127653,-494.51690825822993,-488.7498287882187,-68.3120414960196,-78.71955545135846,-36.81539256363855,-35.13640616319452,75.26111718466247,118.91155380025353,-58.44876053614283,17.701422975156046,-3.1762889797427953,-26.408307408061827,-271.1153939116918,-274.08892555641955,289.83045523662526,-49.2135605657323,77.06418071833393,-38.29877397366867,-89.24582503162104,-63.423768591419126,-7.240056581584466,22.660812401428434,104.54717814192878,-135.900832609126,316.35156935475766,-98.75011083984133,270.1341113883632,-10.577793969206871,-96.5709577105173,-499.90843950103766,-0.12905177438472468,-7.892710228138779,-37.77946784478975,133.1689009147641,-109.32167319040565,-108.9529906878577,8.921550959746371,-157.50552217964983,206.2528582520563,216.53244797196382,-164.25511944391044,65.91348059419593,-4.4438221338316675,5.510761993336069,-170.31791296076676,-173.48445058446708,-7.233194474395438,-48.48577117988587,-52.99097191600923,-177.6484112414611,40.68371009459586,-39.87928624095572,59.46885313159818,-6.19498633405669,-219.25162257554058,479.8826020935094,-62.04081556660311,-387.9739714935526,18.81449026897144,461.7064364898063,-450.99298110944113,75.61448517725466,455.63933306070385,-0.12905177464665915,-335.5723339964534,-101.67689068390659,338.4270816346173,-373.5325561871789,442.5486026146488,-499.86862791183444,-499.9461055415691,91.6904689566801,75.4611266996979,-193.98315286705292,276.5832310303904,-392.7778208551918,-499.9999818152772,25.97676324848623,41.7867793867658,-357.90008033119045,-448.0891652522416,65.91250697115426,-148.08844822886948
144,-0.04824112516090715,-499.9999999990922,499.99263650298343,377.61405715308064,410.94540699702765,-0.07240397276796147,46.056739189564595,215.09143312371253,-13.478412776808732,-56.69513843221472,20.984858774687385,75.40741033918678,312.10347456290486,-112.16879822619363,218.64085444448287,171.8787034834551,388.40038046559846,499.9999939889131,-32.04123250564797,-488.0863218511279,199.79582345693018,499.99999999999994,22.23664295508301,254.80030302742068,-246.71020464773778,-100.59271745438727,251.5566877265617,61.18669368407124,-302.6253009494229,-285.98263758470665,1.9403638372687413,-140.6481535493406,-91.49434739228697,-499.9533705170719,208.5007483794016,21.85429334470589,-10.861109745336123,-290.16946628972784,-99.86726993443416,-1.894148271705589,-75.11509156921632,395.51396774826134,-325.13537325048156,-397.52783575225465,-394.80863278247307,-137.08283053055894,1.983416260947046,-0.8106989259190326,102.3935235204857,422.3773726698684,451.7424262043889,-190.62866147483197,192.2112093868705,-256.36382361585066,-89.4769518395904,24.746434446753074,84.91109177850825,431.979388341314,-15.73052475361307,468.76641094732815,-471.2210843328674,-153.00112227166338,-156.3281714707251,-361.11938312785315,-248.57944256713955,362.14626310577347,-52.38841488353845,-150.4528242974381,-448.0141759114507,69.06485300098676,308.46896556205706,-144.2703526104277,499.8038288678966,-450.7890283977146,153.89698297132546,-416.9214698619183,191.1489814140403,476.27511671483575,359.96907378197636,-112.88448199810131,4.402735773448922,345.33672282568494,-307.515361359932,-180.25438495598289,-162.51831510906962,-255.00227864226267,-158.26941475686615,271.41168546868454,-250.46239056865238,-372.3126313388715,-16.59604719835182,-80.67563437266114,-239.9860418762243,-117.47904031744048,-73.58135479666377,-161.90890070198628,71.98779880415219,324.53342490886746,340.86808742148384,-121.03472301579575,495.4251566791063,-377.6659092544616,348.7265625640404,-12.548853301597598,321.4537273410987,27.379812486939844,15.97607943102741,-273.1656953468601,-184.00834587792033,-440.55187720757664,189.39239526897174,-146.5268729435144,-4.75835060256181,-497.31262216187673,5.73324184665239,153.523701513497,168.77908496300054,264.3414158038491,-135.6938327678803,266.0630070684083,412.4087493247397,-256.1957409897231,401.66681398351346,99.43634976504993,156.70698772340836,54.272911541881975,-355.22580479983037,-8.34587756352022,150.578391629586,-129.30574681998894,487.45939048883025,184.91307652323798,184.93313020104407,-80.53000404790816,-499.99999995668907,455.12453061958877,-30.20441462975237,39.36118600584553,195.24364266872809,148.81225336670806,47.79375900003263,7.73404376869995,89.35926246996088,0.18693038336425974,-42.59719015232754,233.59303456142112,12.261294578097967,75.15255508011535,499.6435021734472,-200.53341843915746,212.40554443070886,362.25487703050175,317.96624235410087,30.878319380123415,155.7571158820565,79.01181304815891,445.57612420641647,347.4277494567048,99.04371117613243,459.5610483241207,295.7319494556574,100.28168959298613,28.791553448282553,-237.39411868108866,40.27426644137935,70.8291771835196,-233.21832614449156,148.56644678257175,-197.1230885440854,-7.24684529432156,206.36906318887134,-124.48759627445736,308.74417237261076,157.2343150594939,-70.49723925099958,499.9999288888241,499.9999971488838,69.76208067643473,-119.54529645550684,168.9976628605372,7.065960179884537,-121.60645003959058,-27.662315936240407,-42.440891952113546,-26.32151618730345,-91.84094469679194,380.23207757036,152.1577315208729,116.55909727521058,-186.45826112703963,-106.89467696245843,61.170814904027374,-437.97964598200093,97.49571199898651,4.798153994520881,-100.35010628087295,-494.3286124716766,-488.70893946859076,-68.59017599292905,-78.36002451575978,-34.07763314632595,-34.99208923180439,74.23583391144763,118.29707400551533,-58.81147180850202,17.791538919195233,-3.170057412854676,-26.365813777183856,-271.71367479799886,-271.7342295267027,291.2989061156943,-49.71517125474889,77.83667427200194,-38.773800587652886,-88.74377267460011,-62.11295865003962,-6.8198083006762875,21.457797895011517,104.33042692147254,-135.83807348302912,316.5917358278018,-96.92003631731062,270.40575470055046,-11.080520070645326,-94.84189786592653,-499.92776892997233,-0.12072966529761515,-7.887892723194296,-39.488011750887374,132.07528956824368,-109.03528225777775,-108.61444635990954,10.451925003294686,-158.11536133425125,205.99292044028365,216.92143644644045,-164.0422965259834,65.6143306315705,-3.597333652525542,5.554828500478689,-169.2490197530804,-172.6674553590571,-6.838720971681761,-48.51687689251183,-53.29645342430932,-176.16176343565735,42.280177639907116,-38.50585569287841,59.7649926726875,-6.177342937995909,-217.58476446516988,480.2216855103315,-62.197594025313535,-388.06254787478804,18.83361558443895,462.07354279751155,-450.9374363908155,76.71619020417295,456.24673254645757,-0.12072966555227367,-329.738130280521,-100.50058956101594,338.3836559292634,-373.4088233256139,442.5359161861639,-499.87082525127323,-499.94627818455007,93.57045162459433,78.30346173851429,-186.4656313077642,280.03558125708525,-393.19588807351886,-499.9999818271263,26.55781901353042,42.03847445290778,-359.2184809209102,-441.620989770513,65.29936427843177,-144.61615480527436
145,-0.0451300894321752,-499.9999999990845,499.9927308171229,375.2123786818761,411.1363527451368,-0.06773469227520058,46.561216881608345,215.49827409945118,-13.059347943151588,-56.85878573563262,20.530655108350985,78.26520996531112,312.5443745386759,-113.09669962792283,218.56751397065977,174.1587796965587,389.3006803908734,499.99999307476196,-29.690253467548473,-488.2479517056232,200.70150199700365,499.99999999999994,22.226963489615933,257.8118519064938,-245.66244595003576,-100.25531161049875,250.92464128365538,61.969158734954625,-303.13298006882263,-285.4913110954084,1.8039553546476972,-140.30782893074596,-91.6673147152153,-499.95337644377173,208.85762023507002,22.40532365545704,-12.208267837977,-290.32070485849914,-98.83606039573185,-1.8973080908125963,-75.0636078515066,392.55225626468183,-325.40869811594956,-397.22649282694493,-395.1495621546036,-138.18089805869602,1.905358515841964,-1.1039836803120386,102.53360770444365,423.1571876718122,449.6272788090437,-190.84111704887883,191.49965417121723,-256.73114531430787,-89.19222842683924,23.732320124226465,83.83182132499417,432.5885705798225,-15.101055206216106,469.6505964990178,-471.3157647934685,-153.44474066642582,-154.29976801026453,-361.2016721199588,-248.33842197161715,361.8052303597807,-52.16985404536239,-151.1413953313177,-448.8335158647382,69.44954186902582,307.72958636849137,-143.91387737192207,499.82528556229386,-450.9442592490791,152.08358147117636,-416.94217659660774,190.9143763633526,476.18226700609773,360.07096287142286,-114.26064575239826,4.1593229958905695,345.69109740404036,-307.84772571170055,-180.45875983628326,-163.11168822409974,-256.3777707033865,-159.80713868061628,273.6908700705639,-250.8579197780504,-372.07076978426517,-16.051352781926827,-82.51970803173006,-240.47860403292606,-117.70706029357846,-74.2323301445567,-162.998665424177,70.73805743033132,324.07043029172274,342.9417680590818,-121.00148547300192,495.37734444185475,-377.0417681326199,350.99682892225513,-13.194141049540239,322.4529995660826,25.692555725894746,15.137420644219917,-285.30050656923856,-184.94133431658304,-440.63321463885154,190.704987363545,-145.80980491397872,-4.475114100359283,-497.11727199002104,5.959244026228493,148.92150111963804,163.2291027010414,259.8678344043487,-137.5483872656811,263.87393959522024,410.9123576494419,-237.67624796863115,400.8449563843164,99.91023634194771,156.07514793185896,53.7590054012803,-354.7888777555885,-8.223653996157397,149.6267641235191,-131.69762093717515,487.4394352084035,185.96240191740242,184.38018336134053,-80.77224088797915,-499.99999995829006,454.80012629120694,-29.139677430625223,39.959244143895255,194.83121776533415,149.9852980922682,48.168028847752296,7.513821130806667,88.1316949790392,1.1126350540415926,-46.01815714344126,232.4199773220325,12.27271199040435,75.45408704704465,499.6552954764668,-205.62618346710929,212.20683011209505,361.5377374462428,317.432188246018,29.777720303431355,153.4668311973153,77.89195386407822,446.1411477112113,348.7443656001224,95.30714495438455,458.7045355738718,295.03931736296767,99.4977284271463,27.673685818083264,-237.71242974531077,39.946531564475094,70.2333737566101,-233.84081942065822,147.60536279171765,-196.9961398593253,-7.204303089318683,207.65229765360345,-122.09791885500306,308.12865202793154,157.27044884512725,-67.14426214012198,499.9999419285309,499.99999697719403,68.97468074779121,-120.1192643773062,167.7602763263149,7.0971548062678025,-121.66346000853747,-27.81713639098479,-41.726671273556775,-25.175538752452297,-91.6639779038483,380.0291196130336,152.09934572137115,115.80925107627323,-184.84509953643197,-106.39738500311992,61.23157149971201,-437.673736083318,95.86731937844928,5.30831026421445,-100.05892725045055,-494.1301202882773,-488.66695550213495,-68.86219117044425,-77.8872012810049,-31.421971100076057,-34.77468900057442,73.22480482536243,117.72519699692599,-59.09687228907991,17.844095569068354,-3.166613820867442,-26.213123348701536,-272.29125856200955,-269.3308606766209,292.77656857710576,-50.19115762500994,78.57666013630124,-39.17774200080727,-88.2945050006508,-60.87371140843031,-6.342674016818953,20.274007016791415,104.14704227520727,-135.69315238259514,316.85360859774124,-95.13922336209068,270.69862204330354,-11.57478474587669,-92.99193486029576,-499.9424080203844,-0.11294389559028763,-7.874313644296981,-41.148104073898345,130.95402114886951,-108.63257258906225,-108.26792653163812,11.939791363221191,-158.7007219347705,205.71907681691866,217.29351492028675,-163.723669690335,65.39084807329145,-2.777467453382056,5.654919822585293,-168.06017599818964,-171.87052032598737,-6.489135755236657,-48.57338541330124,-53.5289248361257,-174.68600894429167,43.79218020958513,-37.0592380632207,60.134029048734,-6.06586203000232,-215.95166689548398,480.55001877456505,-62.268671726281006,-388.1287096333443,18.81992572776422,462.41591646274696,-450.8859257030964,77.75796173953438,456.82272684091794,-0.11294389582311827,-323.621343474151,-99.25624603871805,338.3467684120743,-373.28553441348157,442.5254991218682,-499.8722943129465,-499.94644341178764,95.47780154866159,81.02861693926012,-178.50366363428682,283.4046616650122,-393.5683702896981,-499.9999818385032,27.195806361722923,42.36251314603285,-360.42018946477725,-434.27246281654624,64.68796338094384,-141.02282950288438
146,-0.04221953958556123,-499.9999999990761,499.9928217423745,372.8674909872223,411.3406315877042,-0.06336631633439138,47.050844275674,215.96612916885184,-12.631997203017093,-57.00761926960142,20.094036747739352,81.05239071899851,312.9906366670835,-113.99031671424935,218.49925467856139,176.41619176215409,390.1758938140583,499.99999199726494,-27.370775675461136,-488.39519128276186,201.5877356121656,499.9999999999999,22.27634406013799,260.6781772274096,-244.58863531325966,-99.90794286124653,250.29960939945533,62.66794902644207,-303.621220835583,-284.9614567541671,1.6452088493160686,-139.95032410893904,-91.82718451108042,-499.95338202442,209.16423676894038,22.96160150958688,-13.481786506740109,-290.47481926741193,-97.841180654213,-1.896650864625078,-75.05769710857618,389.4943553650071,-325.674976415145,-396.9302003861927,-395.47240808115066,-139.2703182448406,1.8248255683581942,-1.368833849927112,102.66867162330072,423.9058343526832,447.4574968565798,-191.07848508026305,190.84269739479674,-257.09201579813083,-88.9237349946962,22.753207837953305,82.80578520166345,433.16833218492667,-14.474301378737804,470.4877626599504,-471.4099649156018,-153.92634218895884,-152.33269710494505,-361.2780759794847,-248.09897594057261,361.477808688624,-51.95213957967337,-151.81159246576127,-449.6075162707803,69.73215322410877,306.9924756875631,-143.57280313981252,499.84391063275103,-451.0931529409997,150.33059279648108,-416.9579228755247,190.70598941200038,476.0927528178683,360.151655578554,-115.60796028575544,3.940091900884884,346.03551784436985,-308.1549428433178,-180.63986062932395,-163.6881750446075,-257.6900104936468,-161.31918027522488,275.936105791832,-251.24978793790888,-371.8251617361001,-15.507420308629731,-84.3004477864766,-240.9518069340744,-117.93348935573462,-74.86448170002564,-163.9197451921475,69.49061795366943,323.634488036714,344.93274990103737,-120.94113445465503,495.3302462332585,-376.42437822747144,353.2488229731788,-13.808729658144335,323.4189811730588,24.0370408620606,14.314227490897533,-296.56004962278024,-185.86943601186448,-440.70988087931494,191.95398572093828,-145.13169221628465,-4.1945277219793455,-496.9045868674121,6.181065733801394,144.44642711195164,157.62025550438636,255.34896878492785,-139.42166015975877,261.65395046084745,409.40618811806104,-218.35928616790295,400.01783466537967,100.363679320702,155.4130031314445,53.34851478038013,-354.34999899670305,-8.140500693174566,148.73752955722154,-133.89721309586128,487.41956754324946,187.06995832400992,183.84717128172434,-81.00108851100953,-499.99999995976975,454.48647079789794,-28.062477112829477,40.551903355633684,194.40733133087102,151.06645156506173,48.48146205704686,7.292728581275082,86.8579708132656,1.9554969219703977,-49.53341595169402,231.20440886482112,12.276316875343273,75.70951531358143,499.66693676345136,-210.85091912358857,211.98623364342703,360.5467294883016,316.89630665397436,28.675514314039198,151.17747601143222,76.82196870106685,446.6899451404648,350.0368112081082,91.78243372646685,457.8989232969807,294.28606004501836,98.70224685255214,26.605238408611484,-238.00747669659364,39.62766011435657,69.67024236374506,-234.44042934764505,146.63705814772203,-196.87519416725291,-7.147792580527986,208.88327578220728,-119.50023199023039,307.50776410338653,157.3380135619279,-63.948999147704534,499.999952455929,499.9999968054577,68.22696611084342,-120.67530523175971,166.53958130552186,7.127596281800214,-121.71270167157287,-27.88991577537365,-41.13390417595098,-23.98558434671172,-91.35964749383982,379.78551759416877,152.04358240400566,115.08157257685708,-183.1505143677405,-105.9865499778616,61.362550524880774,-437.36164001193345,94.24471701856548,5.889506101136945,-99.77429380455465,-493.92135218380264,-488.6239113874725,-69.12922351928277,-77.30196004830712,-28.854977010659326,-34.48684168014936,72.23112627889029,117.19768891914208,-59.299864087503416,17.853103977617938,-3.166624843642968,-25.952341954882158,-272.848905339645,-266.88347585693083,294.26113948627653,-50.634210402956796,79.28939736424287,-39.509561706147586,-87.90855287482317,-59.71238365228245,-5.8072704481591115,19.118307529246593,104.00145110964972,-135.46597574126227,317.1322131349573,-93.41075794880248,271.007205347396,-12.057281126715155,-91.03085659844743,-499.953613527406,-0.10565986771571831,-7.854213001848711,-42.75245158597633,129.8093403024433,-108.11626712868537,-107.91638428944323,13.384913797389284,-159.26161707890492,205.4355566032077,217.65469967676538,-163.29980519666205,65.24620102480797,-1.9870436600000994,5.811379325533064,-166.75055538750942,-171.09787979656863,-6.183727982597404,-48.6528875074464,-53.69010358967541,-173.23043529578698,45.22389985160407,-35.538241391267164,60.57474718327016,-5.858600185727254,-214.3578661351642,480.8683548723239,-62.25344465292458,-388.17375288172667,18.77658928814845,462.7353775858608,-450.838181630342,78.74303218071604,457.3696404392005,-0.10565986794127301,-317.22328525461865,-97.94677585628331,338.3162330422156,-373.16063582863245,442.51729665896204,-499.87308712795726,-499.94660155423935,97.41215822379631,83.6416305759868,-170.1237291528779,286.6941026178924,-393.8964305571787,-499.999981849427,27.890358191533288,42.756241111329174,-361.5212193760601,-425.9549958279192,64.08255631613473,-137.31388501165316
147,-0.039496628881963966,-499.9999999990675,499.99290955529335,370.57499066532154,411.5607859996945,-0.05927956356991752,47.527117694259246,216.50222327524023,-12.192415847607913,-57.140983421134905,19.673760925438184,83.77697702426987,313.4439607746785,-114.84650818383133,218.43823846218174,178.65663061158443,391.02682109005235,499.99999073196733,-25.077614473940006,-488.52886646636966,202.45988832241306,499.9999999999999,22.39323795927647,263.41530118746346,-243.4863712889746,-99.55028659718056,249.6814966887557,63.27756926367463,-304.0897740785764,-284.3897590295932,1.4614894916697847,-139.57298066304847,-91.97336789868703,-499.95338727631736,209.42224544361332,23.5271349633005,-14.681675757391188,-290.63309995044625,-96.87874555089796,-1.892169226942209,-75.09589683133021,386.34669889581187,-325.9340941884987,-396.63826796903857,-395.77701620336103,-140.35710336736574,1.7396706253244194,-1.6037966129420873,102.7989307371817,424.6256287552956,445.23331985490836,-191.34053229031156,190.2401606319794,-257.44689723158575,-88.66883850454262,21.81274167570755,81.83119166328883,433.72091606094784,-13.850870384122862,471.2832944472981,-471.5031136895359,-154.44856508857768,-150.42433127510066,-361.35311074465034,-247.86050488669702,361.1652120087461,-51.73620077868627,-152.46347912664297,-450.33916469876476,69.91030414316234,306.2606886390906,-143.24624709742292,499.86013398375985,-451.2358383230129,148.63933929479052,-416.96917443559187,190.53039683296726,476.0065407967747,360.21533139434365,-116.9224108917733,3.751001904045134,346.3703655630153,-308.4380424308942,-180.79736021531608,-164.24599423180652,-258.94179632423294,-162.80604241266826,278.15380966768663,-251.63789022549636,-371.5770400668501,-14.963727216320612,-86.0204729191801,-241.40442890616112,-118.15608114738599,-75.47753787149624,-164.672858430659,68.25034813052069,323.22580924480025,346.84463111230843,-120.8529069771791,495.2839468415763,-375.81272839693224,355.48598418624505,-14.388135907916544,324.35282534406275,22.417093472219147,13.505605190802836,-306.99932014369784,-186.79322001382087,-440.78216594427516,193.14111274430178,-144.48993692093975,-3.916353217403718,-496.6730202127501,6.39968083299756,140.10009140318692,151.99358468315353,250.79200129148916,-141.30329538711257,259.4150171222793,407.8909048679107,-198.29474116682368,399.1890236391031,100.79310089017305,154.72575813969854,53.05263757609048,-353.91122097539284,-8.093536889818651,147.9113011168546,-135.89542573288855,487.39981534417194,188.24209239525118,183.33565575094235,-81.21704863203855,-499.99999996113945,454.1834011774782,-26.975265954662,41.13892746817639,193.97284631037186,152.06290681664228,48.7402948800914,7.06918434737969,85.5367047891068,2.727982608131495,-53.10980273737025,229.94432255905514,12.27115774773986,75.92272447562732,499.6783692315408,-216.1548825117001,211.74471183315657,359.3195003111679,316.3574513473806,27.5752018311594,148.9035610803066,75.80525321620603,447.2242307881151,351.307713274462,88.45870186299062,457.1432701842616,293.4688371905411,97.89267776832124,25.58817624485713,-238.28337693133304,39.3188870911136,69.14222189562592,-235.0192102748154,145.65932444437408,-196.76316255968388,-7.078760675437491,210.06684313880976,-116.71754869206848,306.8787292215866,157.43211879288162,-60.92587600300661,499.99996097498615,499.99999663422545,67.51508772259693,-121.21128324064905,165.33334948041892,7.156646641339717,-121.75899337045998,-27.88074113816063,-40.67219238674303,-22.76893825639064,-90.9343399480485,379.4921129880062,151.98958292467765,114.37537248209843,-181.38447631575522,-105.67191487887897,61.5611663312663,-437.0434600486448,92.6238632161993,6.530792263077199,-99.50017691191857,-493.7023052443532,-488.57983110908754,-69.3922696770694,-76.60771980442892,-26.382928192796015,-34.13497883521757,71.255815698613,116.7139883774819,-59.417780254782144,17.812133048294335,-3.170988646778465,-25.588639997170393,-273.38746400958456,-264.3967009775893,295.750482838027,-51.03943893422739,79.97787358743088,-39.77123143366708,-87.59607975442302,-58.635601380728154,-5.214884492441763,17.9963719223036,103.89557401323091,-135.15878522415943,317.4236437335735,-91.7379277681317,271.3271768656034,-12.525416014171864,-88.96998930309306,-499.96227799134726,-0.09884543105743335,-7.82981099644051,-44.29776194571277,128.6444373090591,-107.49211704521751,-107.5626171842891,14.785947692310543,-159.799325839304,205.14515379816794,218.0089902562396,-162.77347024811567,65.18010871375952,-1.2295516282408978,6.021568676889557,-165.3216810151944,-170.35355551103186,-5.9222157594889735,-48.75340294531202,-53.78403495025574,-171.8033003466696,46.57869590130022,-33.94448143760733,61.08356228320855,-5.555980158026203,-212.80872453358765,481.1772242466367,-62.15434992934346,-388.19915493163825,18.706039671691634,463.0335837153072,-450.79400167592195,79.67400444434755,457.8896159339015,-0.09884543126843612,-310.54957468966126,-96.57639643820293,338.2918697112533,-373.03225907175204,442.5112396513391,-499.8732456674073,-499.94675292461744,99.37158684522156,86.14677299121561,-161.35610660533757,289.9061143453942,-394.1818607171622,-499.999981859916,28.638731433619107,43.214934075006354,-362.536640709934,-416.5812734826763,63.4864363759008,-133.49809510999435
148,-0.0369492673471968,-499.9999999990588,499.9929945296166,368.329790071208,411.7993700346224,-0.055456288433534305,47.991648812926236,217.11497964368013,-11.736769882309709,-57.25892612770521,19.268482692577518,86.44652533964442,313.9056558320514,-115.66309740985685,218.3864864098154,180.88704710538195,391.8543161030994,499.999989251455,-22.80435784149087,-488.6495636138979,203.32383237149924,499.99999999999983,22.58669170987823,266.03763080641704,-242.35292289582995,-99.18187577183,249.06912921844253,63.78939246832707,-304.5384892348173,-283.7731381310933,1.2494539383748116,-139.17357297875222,-92.10544209697306,-499.95339221601637,209.63273989587512,24.105860433535874,-15.808836498027317,-290.7971279764326,-95.94518961815508,-1.884081737901443,-75.17740708799397,383.11551203122957,-326.186029770726,-396.3499442061559,-396.06349923574356,-141.4484757595863,1.6473999875011984,-1.8083300907372362,102.9245893213733,425.31873512037197,442.9548789071829,-191.6272988305431,189.69143899882224,-257.79652145325105,-88.42523014491405,20.913442898835317,80.90622382362504,434.24834722942325,-13.231919998395275,472.04198281393184,-471.5947412418679,-155.01474726445903,-148.57230271483874,-361.431901660341,-247.62282769381125,360.8687226448998,-51.523506855298116,-153.0971605715544,-451.0312196345605,69.97901401189424,305.5371373378802,-142.93341243801618,499.87431320479436,-451.3724885379737,147.01115012079123,-416.97649422897706,190.39425123244644,475.92358618104583,360.2658134570148,-118.2006522660997,3.5978674492084846,346.69599881088345,-308.6982464672054,-180.93167390764796,-164.7838220879391,-260.13577225526626,-164.26828827585655,280.35143259506754,-252.0222903801344,-371.3279779114003,-14.419072526542,-87.6818162734898,-241.83558202607014,-118.37318377750427,-76.0715087590776,-165.25948580255414,67.0212320207325,322.8447180411232,348.68084438874814,-120.7366769670148,495.2385296297246,-375.20555482179344,357.71124065169096,-14.929791120102376,325.2556441720213,20.83553071896628,12.710338613463872,-316.67273600128306,-187.71332328354916,-440.8503833836364,194.26740001275923,-143.88222863665484,-3.6408294144815625,-496.4208258262523,6.615537477757034,135.8836186100844,146.3766219925127,246.20334490387796,-143.18507466458772,257.1681141896464,406.3668501405602,-177.54039620911087,398.3618746058593,101.19466891292574,154.01827533937006,52.8841833306005,-353.47513070720817,-8.080270307227396,147.14855653961558,-137.68177299682534,487.3801857295603,189.4863376294277,182.8471288398349,-81.42068531221655,-499.9999999624094,453.8907326829823,-25.88086033453303,41.72000582393605,193.52752405546357,152.98091542927827,48.950259846103805,6.842053105918049,84.16564553775827,3.4392306534861334,-56.71983101265066,228.63688809421612,12.25666864898765,76.09718159097581,499.68954482143204,-221.4923541251868,211.48269140692213,357.8891439864718,315.81426120593045,26.477946819847055,146.65632698250786,74.8448690511247,447.7457657362774,352.55898719831464,85.32522878511605,456.43635077587186,292.58369075290875,97.0657663090062,24.624157186231862,-238.54365042774043,39.020537496832155,68.65088467454441,-235.5790787835592,144.66905058287952,-196.66283840432337,-6.99927900211756,211.20678167696062,-113.7715669961944,306.2387967637011,157.54716069439303,-58.08915443274796,499.99996788549157,499.9999964640157,66.83439441957772,-121.72577504283379,164.1377383444353,7.184298852380999,-121.80631500859003,-27.7906217522857,-40.34844843821248,-21.54245853757338,-90.39468648383323,379.1373516060811,151.93714230056358,113.68897873459831,-179.55737557667499,-105.45994594435805,61.823794889705646,-436.71959237800485,90.99944706199754,7.220155066759006,-99.24013350099271,-493.47302768187086,-488.53475705110213,-69.65160857048461,-75.80847495592991,-24.011172187819724,-33.72715850367971,70.29876748615872,116.27244242731942,-59.44892260432472,17.714872644384997,-3.180094423533024,-25.12793078199629,-273.90732365090395,-261.87486939200704,297.2427561736632,-51.402809696696124,80.64416328991113,-39.9656098894253,-87.36667854020048,-57.64986225773961,-4.567714700767543,16.912342816464093,103.83000898643061,-134.77436110391753,317.725256580834,-90.12369414984654,271.6555859936269,-12.97724928551029,-86.82075595730035,-499.96904250892004,-0.09247032889910188,-7.802227934848053,-45.78235371287297,127.46219163853512,-106.76668092480816,-107.20926568895682,16.140639847442575,-160.3145999946855,204.84994312297155,218.3592471953889,-162.14795007806174,65.19090363504134,-0.5092301856666321,6.2819975907951235,-163.77583372540377,-169.64132565400524,-5.704499937678059,-48.87322857696295,-53.815365362131914,-170.4120500488775,47.859457234093036,-32.28067612073076,61.656226910995166,-5.159527012147165,-211.30943435771945,481.477026225722,-61.974948879166895,-388.2063071194493,18.61033689919025,463.3120192710617,-450.7532282422566,80.55308001296748,458.38459882005856,-0.0924703291028287,-303.6081141669067,-95.14979905904951,338.2736018757862,-372.89875104875,442.50728711203254,-499.87280149367353,-499.9468978206555,101.35374371525867,88.54785059629731,-152.2324201345644,293.04249232631634,-394.4266246878648,-499.9999818699876,29.437395440870354,43.73353900889691,-363.4797252922556,-406.0668799844396,62.90226497731093,-129.58536177636267
149,-0.03456622588733148,-499.99999999905054,499.99307694097996,366.1260619739304,412.058874613081,-0.05187963743018787,48.4460727246786,217.8139237695469,-11.261432443766,-57.36230216283671,18.8766597057545,89.06809047490259,314.3766031738525,-116.43893014466798,218.34579173038713,183.1156150564248,392.6592325462603,499.9999875249449,-20.543390116294976,-488.757628898439,204.18581439583548,499.9999999999998,22.866356811675296,268.55777481322764,-241.18530983449085,-98.80211240508493,248.46020481100447,64.19129730933582,-304.9673279549089,-283.1087714687888,1.0050502274838369,-138.750334748836,-92.22319266164777,-499.9533968592316,209.7961639254719,24.70157381479852,-16.865208484409163,-290.96876816446115,-95.03731350013004,-1.872817978429732,-75.30209737876767,379.8064065225839,-326.4308648427883,-396.0644015232928,-396.3322290851645,-142.5530547677091,1.5451848921411881,-1.983334343920467,103.0458393920191,425.98721193292437,440.6218563831656,-191.9391613365892,189.1954575160444,-258.14187545815287,-88.1909145953394,20.056168885782213,80.02908311209924,434.75245502874236,-12.6187407270235,472.768200581046,-471.6844559620805,-155.62896865478484,-146.77450426353928,-361.52025751433865,-247.3860307115176,360.5897627803355,-51.315939982921336,-153.71287052482103,-451.68621927007547,69.93057139224372,304.8247638988928,-142.6335841315804,499.8867470862653,-451.5033247396424,145.44743163416805,-416.98055373520305,190.3043992329425,475.8438342811097,360.306740868328,-119.43991689713225,3.486393264981932,347.012749828211,-308.9369855025111,-181.04400882919273,-165.30077753625497,-261.2746354189906,-165.70660263518607,282.53746796899094,-252.40329863233652,-371.0799414178054,-13.871776609061808,-89.28604993522308,-242.24469192512234,-118.58385186580608,-76.64676048502493,-165.68229335855168,65.8059689982639,322.4916665932746,350.4446614706687,-120.59262730634798,495.19408243505427,-374.60132783032975,359.9269567626075,-15.431895905190203,326.1285082603883,19.293767288900867,11.92681609036854,-325.63460767954336,-188.63061108306454,-440.9148738169467,195.3332184947505,-143.3065265769186,-3.3686475855315208,-496.14601788586583,6.828580008587954,131.7980871217082,140.795760615829,241.58827661053945,-145.06159652361453,254.92356414098967,404.83394810914297,-156.16091726315736,397.5396897574681,101.56419805652205,153.29489055193602,52.857596626408444,-353.0449069542889,-8.098552385162789,146.44972468110043,-139.2444319905696,487.3606633885377,190.81136516216017,182.38305612756008,-81.61261436337718,-499.99999996358844,453.6082654362964,-24.78249354737705,42.29475858674484,193.07005917199885,153.82575672908158,49.11681404744832,6.610525240776713,82.74146652588679,4.097188178541363,-60.33976299890985,227.2783327702411,12.232577988250862,76.23588151991656,499.700422729268,-226.82423162539263,211.20029835575605,356.28696628015325,315.26514008361204,25.382775647681548,144.44552218103834,73.94346367115116,448.2563803320975,353.7917843800623,82.3714541179523,455.7766900414302,291.6259832266897,96.21735437722599,23.714390217370678,-238.79142185610073,38.73190555241589,68.19671125523011,-236.12197005815614,143.66186946441158,-196.57706599221433,-6.912268294485164,212.3057671756042,-110.68306699710577,305.585152924262,157.67650727662593,-55.453523540130696,499.9999735050905,499.99999629531834,66.1789780895685,-122.21807121786308,162.94723215065238,7.210727749424327,-121.85788175126403,-27.621838512120128,-40.16690262432739,-20.32337815729043,-89.74805966600894,378.70718414829133,151.8862565803958,113.01960738436156,-177.68065010586037,-105.35389968254819,62.14528259193114,-436.3906707076698,89.3646420687256,7.943842610534176,-98.99737666306153,-493.2336413684881,-488.4887389987833,-69.90723315062155,-74.90934740976355,-21.74457897581634,-33.273612169647826,69.35862236955624,115.8700261203327,-59.39289391736135,17.55492289483573,-3.1941546864691523,-24.577564445066585,-274.4087037450849,-259.3221678477075,298.7363385836017,-51.72142100340215,81.2891382014622,-40.097062815494745,-87.22944677442884,-56.761708082997266,-3.8694115415357158,15.868434510599636,103.80376123522441,-134.31656109758254,318.03511016500494,-88.57102908936265,271.9902526348787,-13.411413592405086,-84.59515103775686,-499.97437231042954,-0.08650645899157167,-7.772266559351611,-47.20691974431639,126.26508870330755,-105.94805666147411,-106.85886886251726,17.445583551156428,-160.80821499153814,204.55120650325458,218.70706861678298,-161.42753670045465,65.27498454063365,0.16882158520703358,6.587703702276809,-162.11662230582772,-168.96480157699722,-5.530772485626135,-49.01092425237032,-53.78978613055056,-169.06335259663348,49.06852002878049,-30.55116772622267,62.287346603644465,-4.672153897855643,-209.86507243768642,481.7680305613275,-61.72046122592542,-388.1966288336065,18.491012239831615,463.5720211024799,-450.71574929027753,81.38202936822816,458.8563806885679,-0.08650645917347058,-296.41038486691303,-93.67232152423978,338.2614149452538,-372.75865747332097,442.50541195637913,-499.8717782406331,-499.947036524366,103.35553600786763,90.84815342933344,-142.78697766437008,296.104341867053,-394.6329740482434,-499.9999818796587,30.28166723555415,44.306231629933166,-364.3625287365857,-394.334877545507,62.33206131391572,-125.587435336847
150,-0.03233689279152563,-499.999999999043,499.99315706720074,363.9581349773541,412.34223866060404,-0.04853368370495645,48.89297909633043,218.61100918130614,-10.762061430892425,-57.45180532351684,18.497154094740242,91.64914149052117,314.8574527545764,-117.17317900843716,218.31800628975907,185.35271092732296,393.4429233039902,499.99998551839207,-18.28495409556295,-488.8531524223352,205.0534529268583,499.9999999999997,23.24346013449646,270.98688313356746,-239.97944685492146,-98.40990272300937,247.85175968283303,64.46656014267653,-305.37625293572296,-282.39408782495923,0.7236579994691575,-138.30205282999472,-92.32630591296706,-499.9534012210214,209.9125126464686,25.318609050052007,-17.852942731070183,-291.1501862133355,-94.15201360013741,-1.8589502036419399,-75.47028263857308,376.4252997831181,-326.6686414014054,-395.7807003417374,-396.5837602269264,-143.68099643815668,1.4299424605829978,-2.129520748213497,103.16286389246399,426.632931297461,438.2340449832952,-192.2766128409984,188.75080577399092,-258.4841186853382,-87.96414492247692,19.241884446153026,79.19799733685356,435.234827790839,-12.012745690194706,473.46598438189204,-471.77196569610413,-156.29599615634814,-145.02903561659255,-361.624158233126,-247.15064341772705,360.32975910810455,-51.11568436947336,-154.3107114891204,-452.3065146094647,69.75415086681181,304.12594068225985,-142.34613351430835,499.8976856363173,-451.6286107625373,143.94958148820717,-416.9821227146799,190.2682058232408,475.7672364122218,360.3410725110228,-120.63765543820378,3.4223527327757113,347.32093386660364,-309.1559183778228,-181.1358638969903,-165.79623368572783,-262.36094090129285,-167.1215399045526,284.72202459914706,-252.78127831014484,-370.8352506406816,-13.319379257533933,-90.83432191752632,-242.63133735613928,-118.78751035285151,-77.20353905595178,-165.94309156424782,64.60666131466829,322.1674469967835,352.1392028375634,-120.4209800046595,495.15067762891454,-373.9980389863892,362.1351936211701,-15.89243173725723,326.9724502167132,17.792851297008475,11.153418051295626,-333.9356397678461,-189.5458005141563,-440.97600291533996,196.33777719210215,-142.76102126395315,-3.100639175006169,-495.84634019964466,7.03869679356516,127.84371337285194,135.27931100090854,236.95160153650292,-146.93258292739282,252.68984400871085,403.29214324683744,-134.22654245561347,396.7251411982846,101.89804380103776,152.55973555678682,52.99018849200128,-352.6242841725927,-8.146570794920782,145.81499791313624,-140.56866328072712,487.34122174015675,192.22806117272606,181.94478675787195,-81.79345532749915,-499.9999999646847,453.33578546459773,-23.683041983875277,42.86277996813405,192.59853487926625,154.60190467688665,49.24499457114394,6.3740946866014365,81.26133672276924,4.705973311249658,-63.95175607103119,225.8653181554689,12.198887350813523,76.34160670178994,499.710971987917,-232.11847280805935,210.8974858881843,354.5388123533991,314.7087381635078,24.285860672830797,142.2795407435524,73.10377398085615,448.75806265414775,355.0066958356932,79.58736828746436,455.1627236034596,290.59165742235007,95.3439172771827,22.860215301519226,-239.02919276808313,38.45198258157764,67.78040154818305,-236.64955193318335,142.6340045618683,-196.50823834934332,-6.820313741192868,213.3660091869866,-107.47001166397648,304.9156235447379,157.81434628913223,-53.03355567211569,499.9999780866397,499.99999612858414,65.54368353607579,-122.68782470664786,161.75517537886952,7.236971196715052,-121.91606368097982,-27.37612765666262,-40.12843867842835,-19.125801102716224,-89.00057526630404,378.18546160886325,151.83775673216869,112.36414023042231,-175.7640058486592,-105.35332592505839,62.52116944291121,-436.0579519165746,87.71254378346784,8.689185367541798,-98.77462477051589,-492.98429990725316,-488.441907011322,-70.15827792755688,-73.91417744976165,-19.58722046044121,-32.784416662292315,68.43365692346589,115.50353678089331,-59.24915351121059,17.32659688134593,-3.212534557897611,-23.943730102563457,-274.89116956741526,-256.74212918404487,300.2300184178849,-51.99190168037193,81.91357366789437,-40.16936409373788,-87.19224376960823,-55.97698680328393,-3.1232600689704784,14.866374570413152,103.815192947618,-133.7883499217851,318.35236210292135,-87.08278070514933,272.33012887287333,-13.827229479232834,-82.30366878670212,-499.9786085237661,-0.08092726414815496,-7.739308892156656,-48.57247604797117,125.05617649261563,-105.04334728022272,-106.51389161573563,18.695750701592225,-161.27857858416212,204.25017415881177,219.05353273479545,-160.61553766594466,65.42891493916339,0.7981926271051997,6.9345621433990825,-160.3472157078942,-168.32723556612808,-5.401285735321784,-49.165126040013945,-53.71208369349283,-167.7627316568595,50.20790486446454,-28.760020404061933,62.97221392373183,-4.09685041109198,-208.48046960862928,482.0504544877834,-61.395567281996584,-388.17135543309706,18.349313110825246,463.81472744051973,-450.68149149215685,82.16231325923044,459.3065440907241,-0.08092726432277794,-288.9682382081256,-92.1483146591512,338.25549241996134,-372.6108787761998,442.5056565089219,-499.87019066878577,-499.94716930533957,105.37509341873118,93.05063326445826,-133.05291973797577,299.09323659945755,-394.8029180448152,-499.99998188894546,31.167630210555583,44.9285128664259,-365.1950656886439,-381.31629156768105,61.77737875554862,-121.51503790143903
151,-0.030251341871384604,-499.99999999903673,499.99323520210146,361.82069045830946,412.65285632030844,-0.04540352926668053,49.33579104562726,219.52053300431086,-10.233483464511139,-57.52774336869233,18.129239319067672,94.19796919461886,315.3487105970573,-117.86495252142063,218.3049833066346,187.61086620117226,394.2072422529997,499.99998319427516,-16.017191704699766,-488.9359462948569,205.93559085451426,499.99999999999966,23.7308735915847,273.33460284008885,-238.7301416355142,-98.00354963308634,247.24055480809483,64.59305359413212,-305.7651997454933,-281.6267724773777,0.4004121038384987,-137.82808985111726,-92.41431164246147,-499.9534053157352,209.98115474999733,25.9619109772748,-18.774142968451493,-291.34370649365457,-93.28627271451352,-1.842956718313739,-75.68274088217393,372.9781263772696,-326.89929838364924,-395.49773165388746,-396.8186526264679,-144.84418442228332,1.2985999564396877,-2.2476042066724964,103.27583669372387,427.2576695776315,435.79119013836294,-192.64036072908377,188.3558261962281,-258.82445019777697,-87.74326733898125,18.47130399792718,78.41117501404229,435.69689216121225,-11.41516357104766,474.1390528362682,-471.8570427448834,-157.02141133553164,-143.33407980191228,-361.7494836815218,-246.91712287185774,360.09035553273105,-50.92509555477266,-154.89068342730138,-452.8942785721047,69.43610915778879,303.44291973152076,-142.07045451294366,499.90733937702316,-451.7486505446677,142.51931283134292,-416.9820716686493,190.29377226820117,475.6937697827125,360.3715840232728,-121.79160575685496,3.411932279660204,347.6208472648102,-309.3569004674078,-181.20868917945938,-166.26952379500452,-263.3968914856929,-168.5136252448659,286.9168740336271,-253.15676936045844,-370.59659920741797,-12.758989179736727,-92.32776757032151,-242.9949772826766,-118.98387520602213,-77.7418307796101,-166.043306614882,63.42560723906189,321.87332082382113,353.7674440640217,-120.221912012601,495.10838803328915,-373.3931080568992,364.33761195866174,-16.310610487573896,327.7884651686982,16.333740404050616,10.388645075347398,-341.62337852887583,-190.45956771423076,-441.03416130975137,197.27903653649918,-142.24394358234946,-2.8376717894024877,-495.51923145784247,7.245851746123744,124.02060433498578,129.84102879911552,232.29759948619173,-148.79690736273665,250.47495330739088,401.74133833049905,-111.81265399516381,395.92079586296256,102.19321168881231,151.81635483426922,53.30230920271745,-352.2175484897501,-8.222596760823471,145.24453979335635,-141.63669993646516,487.32183003369437,193.74954112682448,181.5337005944791,-81.96378780711433,-499.99999996570534,453.0730965006271,-22.584954853147153,43.42368802214149,192.1111838760955,155.3133223729201,49.33992223054697,6.132264395545624,79.72264564345234,5.270529865916838,-67.54093471891227,224.39494719762402,12.155581789135075,76.41696980043564,499.7211692851687,-237.3476211206492,210.5748409563952,352.6702755874004,314.14417540488574,23.182111116285053,140.1640803367007,72.32870484496023,449.25300357807515,356.20382680703347,76.9634455402608,454.5928040041702,289.477179923915,94.44225460504802,22.063153997753236,-239.25905802880982,38.179808668289276,67.40274520003602,-237.16339447126245,141.58190242251695,-196.45847042379165,-6.725885019367897,214.38974446738337,-104.14895367086382,304.2287207872411,157.95525898781003,-50.84263367882959,499.9999818317653,499.9999959642279,64.92349097043434,-123.13463658495634,160.5546735893921,7.263615056661632,-121.98263301156047,-27.055006096557285,-40.23150812783415,-17.96251044938235,-88.15791942274072,377.5552757555864,151.7919464291751,111.71942487411802,-173.81610704894146,-105.45556833224823,62.947136529228686,-435.7228070423867,86.03680687428576,9.443829452454848,-98.57433380736596,-492.72520067638357,-488.39442872094327,-70.40431361509756,-72.82629593062228,-17.54337314548525,-32.26977423162919,67.52226532109809,115.16963092291242,-59.01727718336499,17.02465870876763,-3.2346289238015733,-23.23242323946898,-275.3544449802203,-254.137977661219,301.7227990642485,-52.21043391163043,82.51817995772699,-40.186265234436334,-87.26194482308405,-55.301024751554394,-2.332822798434672,13.907471560289487,103.86207534499815,-133.192541661904,318.6754608237367,-85.66228910627979,272.6733224879265,-14.224154799047236,-79.95639883637006,-499.98200364855745,-0.0757079028079225,-7.703442572644706,-49.88065658372761,123.83932369782059,-104.0596855485453,-106.17708584181871,19.883708170030367,-161.72266178233076,203.94838040741985,219.39944634554868,-159.71497970587367,65.6489087720323,1.3705670683104543,7.318385248199268,-158.47116124381407,-167.73179146965273,-5.316593325730109,-49.334466249190505,-53.58662917369358,-166.514866760565,51.27943598729548,-26.911727812014107,63.70620939670392,-3.4367172348506525,-207.1602743531169,482.3245065512126,-61.00505873438916,-388.1316025922199,18.185909143863388,464.04113498406264,-450.6503953652177,82.89523884518806,459.73651536789754,-0.07570790297526953,-281.29565377970215,-90.58168528962962,338.2561276068496,-372.4545926096165,442.50810457736264,-499.86804746578173,-499.9472964206555,107.41084720894466,95.15804030224615,-123.06436786411886,302.01089232102913,-394.93826939020926,-499.9999818978633,32.09196068092746,45.59664979667346,-365.9857698709908,-366.9549734182434,61.2396188170523,-117.37861018019495
152,-0.028300312543043566,-499.99999999903224,499.9933116500956,359.7086524830367,412.994521305425,-0.042475275131125,49.77858439267584,220.55886613548162,-9.669834045331113,-57.59040497657338,17.77247122000084,96.72320797169778,315.85067440019577,-118.51368387759419,218.3085648855749,189.90452711101398,394.9544325084111,499.9999805112964,-13.726309393158726,-489.0055677941779,206.84221406070975,499.9999999999996,24.342973063141695,275.6091608298795,-237.4311969217335,-97.5808873353951,246.6227504207048,64.54350219981802,-306.13411165633585,-280.80480218967506,0.030078348796093134,-137.32841765546993,-92.4866556248155,-499.9534091570308,210.00083022794834,26.63694183731613,-19.63123553070055,-291.55185524863595,-92.43724582832915,-1.8253152647102449,-75.94084341566791,369.47071696683656,-327.1227202845323,-395.21424432676946,-397.03757038539095,-146.0562793179554,1.147978402720082,-2.3386989640707534,103.38492241435337,427.8630563053634,433.292916468885,-193.0313433002095,188.0085462930679,-259.1642015970279,-87.52682779349185,17.744559062566847,77.66684722022109,436.13977190708937,-10.827374200748336,474.79091217328,-471.9395193259238,-157.81162485955772,-141.68800510233584,-361.9020773555982,-246.6860769649593,359.8733432637509,-50.74689458174808,-155.4527940842861,-453.4515202237229,68.95981526374214,302.77771657146616,-141.80599114909228,499.91588592578773,-451.86378887325617,141.15849516073425,-416.9813731690668,190.3898772965812,475.6234280929506,360.4006882624947,-122.89981065397325,3.4614859741442925,347.91276832555263,-309.54199318888686,-181.26415439503057,-166.7201142588862,-264.38457268123136,-169.88334677003397,289.1352054725863,-253.53046396941852,-370.3670522279893,-12.187297749044093,-93.76740571605316,-243.33509567313706,-119.17309979747975,-78.26151935656426,-165.98405251794588,62.26453623344688,321.6109298306254,355.33222269490216,-119.99554508165598,495.0672823569458,-372.7834409991715,366.5353888923714,-16.68545028237466,328.5775121320125,14.916798162443511,9.630960813581018,-348.7423806783489,-191.37256358921596,-441.0897651591057,198.15369735397618,-141.75367401706131,-2.580843259611499,-495.16176519764764,7.44986307566684,120.3285375431631,124.49716828324719,227.62977938000887,-150.65663094596957,248.28574584457346,400.1813224570723,-88.99825512874025,395.12891438578146,102.44714413189647,151.06778483096457,53.81708486015603,-351.8295557434794,-8.325176419098785,144.73840612598354,-142.42793470306015,487.3024496472341,195.39084987259344,181.15116366799515,-82.1241915669391,-499.99999996665673,452.8200126843772,-21.490461247408643,43.97707886856262,191.60594693138088,155.96324590310525,49.40652040955773,5.884530705586117,78.12274018933884,5.794242984020196,-71.09585608934046,222.86437067132735,12.102624693599385,76.46430228666341,499.73099808423717,-242.49010074551688,210.2330362559085,350.70403323644996,313.57081576689217,22.06430598387225,138.104138444729,71.62119595412383,449.74355302640316,357.3827170582032,74.49065177433009,454.06524161334295,288.27921155660795,93.50924754808314,21.32477614774587,-239.48267679926823,37.91411171217065,67.06425870723749,-237.66495393229417,140.50195579289115,-196.42955148896203,-6.631529188309352,215.3788479992136,-100.73485268475211,303.523471543866,158.09394198546843,-48.89264262106078,499.9999849014299,499.999995802629,64.3133689151649,-123.55835183509657,159.3382265633342,7.291253707195378,-122.05868665892429,-26.660165688488046,-40.47190351426584,-16.84483142584223,-87.22550019541602,376.7987085054525,151.74912246098035,111.08191254430274,-171.84465524694258,-105.65539460809569,63.41869175054736,-435.38694533854084,84.33132395615313,10.195695162192015,-98.39859757360234,-492.4565915849201,-488.34651565984336,-70.64485818940082,-71.64875693026458,-15.617052027510105,-31.740250234149016,66.62250891575275,114.86449069295848,-58.69727979903682,16.64440056876626,-3.259725930272157,-22.449604680073094,-275.79820236351463,-251.51266308725383,303.2139199018321,-52.37316245482145,83.10322782452074,-40.15173770801358,-87.44433984751124,-54.73861194468872,-1.5020357158562403,12.992199080352282,103.94123791514345,-132.53189977013773,319.00312088760217,-84.313210832474,273.01817517798037,-14.601987597776594,-77.56299875954751,-499.984746297583,-0.0708251991738169,-7.664633969598473,-51.133972282591486,122.61883664663685,-103.00429189072953,-105.85141427844222,20.999734766986954,-162.13595486667043,203.6472527332296,219.74496500968942,-158.72879604520602,65.93058276923048,1.8757880737063255,7.734880503854405,-156.49238599127818,-167.1814768160415,-5.277555710376364,-49.51766457775223,-53.41765406860102,-165.3234985892554,52.284638176982305,-25.01129144555694,64.48463788714909,-2.6952775650331904,-205.90890171394125,482.59035322795637,-60.5540382619806,-388.0784265940056,18.000909859088303,464.25199006260186,-450.62242854830333,83.58186410748715,460.14754728523576,-0.07082519932661199,-273.408479524295,-88.97603205003702,338.26372636398014,-372.28929377476226,442.51287994083674,-499.8653517780496,-499.94741811541684,109.46154635190935,97.17282438218558,-112.85582556682085,304.85907873580965,-395.04073932386063,-499.99998190642697,33.05153659274451,46.3073457303635,-366.7417134774298,-351.21158716782884,60.71967927018311,-113.18853558804203
153,-0.02647511499962528,-499.99999999903014,499.99338673979275,357.6178669504456,413.37177370010426,-0.0397358789596377,50.22633994117974,221.7450461870167,-9.063877508960472,-57.6394711104733,17.426968066165006,99.23455056611655,316.36353281685825,-119.11851550801387,218.3306901858215,192.2505114878425,395.68737330116466,499.9999774245206,-11.39615326660192,-489.06127291323037,207.7848808909958,499.9999999999996,25.096298517284655,277.8174583766798,-236.07493907159076,-97.13902472168705,245.99443951982667,64.28371587701459,-306.482861013174,-279.9265021556907,-0.3925173358057208,-136.8037740455748,-92.54247920279506,-499.95341275793896,209.96949850225087,27.35015943113255,-20.42643520687104,-291.7772205170997,-91.6021578132429,-1.8062204313375079,-76.24660080932266,365.9090431550463,-327.3385896736292,-394.92877734477065,-397.24108749929644,-147.33324054633718,0.9750966978216288,-2.403882659940869,103.4902782772469,428.45023460362364,430.738822665188,-193.45075044122694,187.7067024283098,-259.50469172529256,-87.31341755391662,17.061596389503016,76.963273462371,436.563006918127,-10.250800546153364,475.4250045449389,-472.0192509214409,-158.6740795391114,-140.0892459503082,-362.0870265627279,-246.45790207093057,359.68077774146,-50.584112116896094,-155.9970797547734,-453.980101458331,68.30550105942847,302.13221457292764,-141.55217924179186,499.9234759028267,-451.97440589193434,139.86928249878557,-416.9810985308861,190.56640107347118,475.5562511178937,360.43058521484426,-123.96042588407232,3.5772468431727416,348.1969612055882,-309.7134477382443,-181.30359517931487,-167.1472304745268,-265.32583248868843,-171.2311113984307,291.3919333510651,-253.90322604567305,-370.15003425510446,-11.601084470939444,-95.15482708041206,-243.65083497870404,-119.35556336013536,-78.76202203234313,-165.76543736327315,61.12531911565823,321.38252816388894,356.83624508885276,-119.74152801121703,495.0274299004966,-372.16522028852035,368.72903253880014,-17.015065906069896,329.34051565930594,13.542326080932765,8.879068710768614,-355.3334130312426,-192.28533247572443,-441.1432547615162,198.9566445074999,-141.28855907172073,-2.3313225645536706,-494.7706046404517,7.650695369296255,116.76721808277038,119.26982374251537,222.9511075538285,-152.5154230522189,246.12842053914704,398.61192815033667,-65.86543135836504,394.3516082647164,102.65826362533105,150.31632549449546,54.56127063317504,-351.46569430630524,-8.45298689683853,144.29656395181027,-142.9178596049092,487.283048501447,197.1693388952698,180.79861071649202,-82.27519203557726,-499.9999999675447,452.5763969723931,-20.401151553179755,44.52257577152557,191.08143692290494,156.5544648801293,49.449829110054736,5.629543942360853,76.4594332305374,6.281039259749431,-74.60606432182666,221.27139034727128,12.039030546611858,76.48577108184661,499.74044823541703,-247.52874472314323,209.87346384227283,348.6615001942857,312.98867395964584,20.923018055734445,136.10488972590886,70.98455378905712,450.23228868471847,358.5421371894934,72.16054921631479,453.57837462210006,286.99512050918014,92.54229347299938,20.647033144140984,-239.70141706588436,37.65392840828461,66.7655417552621,-238.15560433483873,139.39103610948098,-196.42278183462355,-6.539538766986164,216.33554744782697,-97.24160605779814,302.7997827299032,158.225618320285,-47.191695595191675,499.9999874244298,499.99999564412866,63.70869258645064,-123.9585349157973,158.09909030947307,7.319607153419259,-122.14487783231498,-26.193099116401026,-40.84338443965965,-15.782590681565658,-86.20838474345703,375.8992377236577,151.7086601166134,110.44824180688403,-169.85548431346317,-105.94646211640132,63.93161191547626,-435.05221674437246,82.59191403779828,10.933899545417825,-98.24926427501107,-492.1787529495142,-488.2984182321038,-70.88027006767344,-70.38400836019416,-13.812734138836426,-31.20570642750553,65.73295895844578,114.58435064617102,-58.28933290176493,16.181947227795185,-3.2877303823006754,-21.600922277435817,-276.2226552072894,-248.86951600918184,304.70268452992883,-52.47551645194703,83.66896446152462,-40.069572490652725,-87.74383368853385,-54.29371056340102,-0.6349331355586834,12.120857128810522,104.04891001625136,-131.80889542410924,319.3331419128313,-83.04016663453737,273.36194033442854,-14.960369836916358,-75.13275742175553,-499.98697863423257,-0.06625740584929717,-7.624068387430272,-52.33509265256107,121.40008771478139,-101.88419813193299,-105.54053485931416,22.03036346727245,-162.5119852553609,203.34868669101925,220.0900418435197,-157.65964070156,66.26944310612359,2.3006454221480874,8.17999778409627,-154.4151004468109,-166.67935356034027,-5.28554390575387,-49.71336624936646,-53.208884162641986,-164.19157115269905,53.22495926024923,-23.06395434622581,65.30298060671689,-1.8759569127511104,-204.73050699441544,482.8481860550506,-60.047510572997545,-388.01284940795324,17.793620364283225,464.4467580793051,-450.5975593093687,84.22320037489673,460.54044350076146,-0.06625740600209229,-265.32425027395567,-87.33440105421609,338.278759988869,-372.1148469465411,442.52013932183627,-499.8621028531118,-499.94753462461347,111.52637452376116,99.0973467178554,-102.46231344276325,307.6398641093426,-395.11172419898304,-499.9999819146509,34.04407721036214,47.05800161506031,-367.4688926137222,-334.0675968433567,60.21714343679115,-108.95446848915242
154,-0.024767618933516457,-499.999999999031,499.99346079387874,355.54458426716377,413.78978307555417,-0.037173138182601706,50.684143159027435,223.0999141290674,-8.407387419223973,-57.67456240246797,17.09303370379227,101.74222171900826,316.8855390055619,-119.67864304964372,218.3733355273645,194.66738114577453,396.4092083116445,499.99997388516954,-9.008795110176012,-489.1020409849905,208.7762982548147,499.99999999999955,26.00872223225832,279.96517135905646,-234.65259819916005,-96.67461924814542,245.35135537314193,63.77347569595621,-306.8113058263476,-278.99060372376675,-0.8726835014003625,-136.25572641465706,-92.58075507048297,-499.9534161308751,209.88408595836034,28.108359123254406,-21.161978718225996,-292.02249516199396,-90.77848435262696,-1.7857632080476393,-76.60297250816356,362.29890224004924,-327.5463017745705,-394.6399174062685,-397.42979523340136,-148.69319246109566,0.7769899232827353,-2.4439135546216715,103.5920529283931,429.0131970728301,428.1282582389555,-193.90018790630577,187.44527469535996,-259.847227007214,-87.1017290613108,16.422691552814094,76.29883023419639,436.94156431799445,-9.687014503999604,476.0443926996316,-472.09630047597034,-159.61739441227706,-138.53630420137657,-362.30841311412695,-246.23304488601482,359.51449083393305,-50.44007906630281,-156.5239861683653,-454.48174836107,67.44908049434461,301.5080972270454,-141.30846991451222,499.93023719936843,-452.0809176275477,138.652153619148,-416.982387626157,190.83151270741297,475.49230977134107,360.46304687780497,-124.97164331082956,3.7526110077864683,348.4736753240878,-309.8737483709317,-181.3280615878903,-167.54983635302008,-266.22240989182063,-172.5572696087069,293.70236544577585,-254.27608562905124,-369.9491545107179,-10.999940875195678,-96.49507716073317,-243.94076752156124,-119.53143558264647,-79.24241467260747,-165.3871699093107,60.01049673689555,321.1907249171621,358.2820922385573,-119.45947493292277,494.9888953148687,-371.5340225906594,370.9166777484251,-17.298736884772154,330.0783668911798,12.210786000262011,8.1317876727266,-361.4341516539158,-193.19837107097925,-441.1950781107668,199.68110744916044,-140.84698884695206,-2.0903637205788304,-494.3418382060192,7.848773035953726,113.33586360467432,114.16069244756576,218.26384246580292,-154.37898862136805,244.00820606043044,397.0328007020689,-42.49696754225581,393.5907411932551,102.82533912119433,149.56388963100588,55.56403437136215,-351.1314002882446,-8.604966580986119,143.91762699977124,-143.07871317968898,487.26359570167017,199.10086981407827,180.47706758271886,-82.4172545740663,-499.9999999683745,452.34215796697555,-19.318320466067366,45.05979401787974,190.53711043639217,157.08923917887816,49.47488955391741,5.35874275603388,74.73135749355411,6.732827349606611,-78.06556656607677,219.6144555618316,11.954147656634186,76.48338435680253,499.7495144434944,-252.45038680859582,209.49813494089815,346.5617985764274,312.3982282848843,19.730068263706627,134.1616099350658,70.42232983361247,450.72134206491404,359.67407537481046,69.96541690776623,453.13075300081545,285.62302575520556,91.53946651980576,20.03216650983499,-239.9162795973124,37.398493962512624,66.5072534417819,-238.63655732332862,138.24672381645786,-196.43893570763194,-6.451912554685624,217.26219436181532,-93.68238418294717,302.0582890858885,158.34596539775427,-45.743952945531134,499.9999895039426,499.99999548903236,63.10541547929524,-124.33446679566113,156.83174685626196,7.348386209528357,-122.24137570362507,-25.655435599786006,-41.3380645828415,-14.784444107016297,-85.11147673859455,374.84332486277697,151.66993198368297,109.81514076876358,-167.85299632528836,-106.32174851229094,64.48182883954593,-434.7207436553283,80.8169204866046,11.64902383793717,-98.12786119389855,-491.8920239615247,-488.25041428892496,-71.11079108283145,-69.03439734224746,-12.135249159276398,-30.674849699301404,64.85276946249986,114.32541707963829,-57.7939429701448,15.634352044776701,-3.320280238389441,-20.691852203716312,-276.62826577583076,-246.22004200607572,306.1872631340447,-52.51217429441879,84.21582610252794,-39.94330201261448,-88.16324337027964,-53.96937364693209,0.26459097319560065,11.29367174594111,104.18067642705263,-131.0256030275824,319.6639526090121,-81.8486294695299,273.70265390815155,-15.29884174286499,-72.67445508611361,-499.98880870937654,-0.06198417573148155,-7.5828590639039755,-53.48675611714604,120.1894721043011,-100.70638334892827,-105.24890514127274,22.95796403741123,-162.8419315865959,203.05485048655666,220.4343244758513,-156.51027849411307,66.66088495417716,2.6284073581884555,8.65029041070229,-152.24391231680488,-166.22868066584888,-5.342354714087464,-49.920061000983054,-52.963871038330005,-163.1214981743409,54.10175232851446,-21.075094329130906,66.1567608571337,-0.9825518633745993,-203.62895239266118,483.09817197356637,-59.490626221375834,-387.93583488306354,17.56265943994727,464.6054460088886,-450.5757670795232,84.82015083181138,460.9102854557332,-0.06198417587700069,-257.06263127837286,-85.65948296573913,338.3014458010123,-371.9315420655589,442.5299899360848,-499.8582971840969,-499.9476461737534,113.60478232217038,100.93382692223602,-91.91997085684531,310.35529672200914,-395.1525268290765,-499.99998192254856,35.06722689133276,47.84570526922014,-368.1731409358483,-315.53074138987273,59.710833943389176,-104.68630487768034
155,-0.023170273956351496,-499.99999999903525,499.993534117272,353.4856658727345,414.2542695701228,-0.03477572059486664,51.15756564177381,224.64629058425427,-7.691093613323365,-57.694974364457146,16.771322803041432,104.25723839074651,317.4115375086198,-120.1931360428497,218.43852991504767,197.17559732481135,397.1234700024588,499.99996984026694,-6.544292223356367,-489.1265624262253,209.8303545795485,499.9999999999995,27.099693877889198,282.0567990601784,-233.15413542026334,-96.18374309040115,244.68898651864552,62.9671044844361,-307.119263303306,-277.99615965490403,-1.4158845409665501,-135.6865430493573,-92.60024785777935,-499.9534192876251,209.74065089077345,28.918414546036587,-21.840181621369464,-292.29048885525344,-89.96383287605357,-1.7639141510563603,-77.01358498689376,358.64596829496134,-327.7449028170465,-394.3464064571782,-397.6042846107195,-150.15615047546092,0.5507352530885298,-2.4594302112863677,103.69038679723779,429.5296848986543,425.4603843760704,-194.38157921631574,187.21438876683777,-260.19306368639747,-86.89050939967238,15.82824730491343,75.67208977702096,437.17686731399937,-9.13750276148831,476.65191002602194,-472.1710126412199,-160.6511935860137,-137.02769927240337,-362.5695402897574,-246.01195885674332,359.375832968868,-50.31819609149845,-157.034180037268,-454.95806011138745,66.35967271453138,300.90676382393013,-141.07432999756224,499.93627865773317,-452.18377836263005,137.50411426031732,-416.9864433922182,191.1897152886536,475.4317059712846,360.49933941827675,-125.93161972933595,3.9492721351068485,348.7431452170862,-310.02568483801383,-181.33841221928174,-167.92658340731856,-267.0759369409339,-173.86210696720232,296.0817952906207,-254.6502337690832,-369.7681598991595,-10.390668150534006,-97.80157770150304,-244.20281567861062,-119.70056641993311,-79.70145953472905,-164.8483367139667,58.922864090612876,321.03847240848273,359.6722254119786,-119.14832055835116,494.95173516758837,-370.8847725177843,373.0934297425316,-17.53438690525705,330.79192446662563,10.92157988813421,7.388057782106685,-367.07900708236855,-194.1121053584028,-441.24568575736885,200.31905437933835,-140.42739757276414,-1.8591854228863565,-493.8708345814541,8.04515098575075,110.03303541144075,109.17581772770261,213.5695843748816,-156.258950883968,241.92937891238046,395.44349553349434,-18.974832371897502,392.8479076158955,102.94770691895054,148.81204267152373,56.85664743863867,-350.83192265132914,-8.780196790709253,143.59753440876682,-142.87920910030988,487.244061294104,201.19696222263707,180.1868264331646,-82.55075842659602,-499.9999999691507,452.1172441958229,-18.24264924404773,45.588376522627264,189.973034485346,157.56931085027858,49.48659348150975,5.04489238617894,72.93779443796791,7.150156123931364,-81.47121852309331,217.89272123457621,11.811005375326443,76.45902798573738,499.75819626731976,-257.2455671513181,209.10973658806037,344.42220997455803,311.80042756339867,18.410129802717947,132.25565168260678,69.93839645734289,451.2119433526369,360.7547658064489,67.89839433663487,452.7212951172017,284.16180136037667,90.4994201064709,19.48277658645395,-240.12797215895316,37.14708157034497,66.29017904216575,-239.10889100900548,137.06721460287224,-196.47840317220772,-6.3703878484999334,218.1612453210775,-90.06920807195826,301.3003355472344,158.4512128789148,-44.551731425884455,499.99999122276785,499.9999953376134,62.49998287230857,-124.68512168460131,155.5314056539417,7.377201562744246,-122.34787841287083,-25.048670662519186,-41.94612766207683,-13.857583630870218,-83.93931494386703,373.6190478759569,151.6321500688001,109.17936849806111,-165.84002469095125,-106.77302049609489,65.065574992076,-434.3951284827231,79.00655603258873,12.332788207717305,-98.03560795428851,-491.59680034709123,-488.2028280757446,-71.3367420187048,-67.60181085611416,-10.589622203934862,-30.15555795157032,63.98144204877448,114.08381801508435,-57.211875962129895,14.999503071799474,-3.3619294215210505,-19.727536633822808,-277.0157891840332,-243.60294199012768,307.6628040498804,-52.47702036601152,84.74424869306135,-39.776303969224024,-88.70398468913262,-53.76782238285563,1.1926045311297917,10.510530911145029,104.33141497862627,-130.18372339262584,319.9940543205189,-80.74469951278971,274.03856787582714,-15.616887066678126,-70.19632959453871,-499.9903192983908,-0.05798661298664301,-7.542284364322338,-54.59193777437893,118.99428774181669,-99.47767926640472,-104.98160116303094,23.7614625401672,-163.11488437751146,202.76820645496372,220.77714980754277,-155.28330768273034,67.10023214834494,2.8394795179748207,9.142710399026324,-149.98379845115298,-165.83275208168632,-5.450021726572859,-50.13611627554863,-52.68576429192381,-162.11490802499875,54.91623562857037,-19.0502877727776,67.04165821993377,-0.019020024226313378,-202.60779308325093,483.34047159111145,-58.888496248792606,-387.8483173502988,17.306094245718526,464.64433495519614,-450.55704102308977,85.37351276482532,461.2380531599242,-0.05798661311761024,-248.6451313621508,-83.953536502983,338.3315321189056,-371.7400558417996,442.54247157824614,-499.853928921999,-499.94775297871774,115.69672487918645,102.68434358676286,-81.26507713389172,313.00759363719015,-395.16425696781926,-499.9999819301331,36.11905777201461,48.667891739662814,-368.8614968615526,-295.6362446558267,59.126012612686964,-100.39365101012119
156,-0.021675953340554353,-499.99999999904344,499.9936064868121,351.4376742887723,414.77125961743224,-0.03253292983710826,51.65129275054023,226.4080563171127,-6.904991870153506,-57.699533678082695,16.46247895005446,106.79223317869028,317.88112285364394,-120.6599431386828,218.5283794962958,199.79702812127698,397.833560308347,499.9999652331368,-3.981474254580874,-489.13323464935365,210.96039423340346,499.9999999999995,28.38819286366119,284.096339085948,-231.5684608193741,-95.66194043703766,244.00298591365376,61.819560104729746,-307.4063996604205,-276.94186422939384,-2.0281674238749896,-135.09828569787842,-92.59948907194655,-499.9534222394613,209.533759369614,29.77592366818567,-22.465749228997247,-292.5841830172492,-89.1556366730867,-1.7407651531088997,-77.48261166138143,354.9559408478143,-327.930102165052,-394.05229792179887,-397.76529265259416,-151.7423475327821,0.2932954133221243,-2.4493847469618277,103.7854133235701,429.7157914376864,422.7337319993855,-194.89756192561532,186.9269979381123,-260.5422276432509,-86.67794305248727,15.283178349375758,75.08454120359603,436.0850264167399,-8.601669033643653,477.2488441912383,-472.2477016925314,-161.78646712798076,-135.56069892592555,-362.87152241575336,-245.79576592850748,359.2550380615268,-50.217789367814824,-157.52934754600776,-455.410527686389,64.93853964005058,300.3277106105659,-140.84927787078448,499.94169241625485,-452.28353170745345,136.36072586656994,-416.99408820699244,191.57109968489067,475.37451361619657,360.5366091795139,-126.83615990441102,3.619436390335864,349.0055937065882,-310.17443821238044,-181.33578476553748,-168.27319750057737,-267.8881061507652,-175.145845289222,298.52512178334416,-255.02690954699446,-369.6080284635642,-9.904155833465532,-99.22365064464906,-244.4282643171472,-119.85426153123957,-80.13809315302126,-164.14790148951573,57.86844650894414,320.9266380090513,361.0089913985843,-118.79875286696708,494.91590411578005,-370.21181746161653,375.2127917290925,-17.706248548057907,331.4820162360851,9.658770552348523,6.646670292122898,-372.2990024956617,-195.02688118781163,-441.2952330738984,200.86749497903642,-140.02862080375,-1.6369471691589916,-493.35039979328036,8.249271581484882,106.84859123429503,104.30360416001687,208.87216867010204,-158.23020280547522,239.894106052623,393.843213825,4.634854785113973,392.1239346081169,103.02448984962328,148.06578787165063,58.455951511966106,-350.5623487762077,-8.976768681961634,143.28892917781434,-142.2851459616495,487.2244171885146,203.36723578495182,179.91532629105086,-82.67526477196331,-499.99999996987765,451.9016423727488,-17.171828934525426,46.108290726198895,189.39097652244612,157.9955364722891,49.486043229728125,4.3686127744118455,71.08059993320258,7.520798069701603,-84.83420231381089,216.10754689595126,11.171200406693881,76.41555602195157,499.7665008029995,-261.9050814983592,208.7137857493821,342.25861513325276,311.1956731049452,16.18027341089385,130.14609111457355,69.53770800140563,451.6877280408585,361.5145003851944,65.95730962526717,452.3536080520674,282.61200220364617,89.42230588127204,19.003010875799607,-240.33736513797396,36.896496125441026,66.11651001802963,-239.57289276872356,135.85339656526926,-196.5409143415428,-6.295768838572589,219.03412346029856,-86.41384692517602,300.52682262711227,158.53918281988055,-43.61355005561655,499.9999926475117,499.9999951901205,61.89046859831773,-125.00688227032558,154.19497700757208,7.408300309697127,-122.46389565756029,-24.373347639715245,-42.65736267926003,-13.007935314955423,-82.69533566321337,372.2224833990836,151.59637364930376,108.53669756681587,-163.81768182405102,-107.29306536766461,65.68079260425432,-434.08277139099124,77.16331611325572,12.979288966365436,-97.97343425342733,-491.2936675441377,-488.15617965342034,-71.55667390442262,-66.08731704236818,-9.181913188257996,-29.652033201664413,63.11763960058843,113.85480900316568,-56.54499148194703,14.276786975373627,-3.4626003739099893,-18.71170312571528,-277.38813659122246,-241.44568791345333,309.07299472709076,-52.360912662766566,85.25366204768243,-39.57165568116113,-89.36535070589146,-53.68963998995601,2.145490822557378,9.769536705309726,104.4942120371439,-129.28350630775068,320.3245212981701,-79.73515370057486,274.37388925057064,-15.913119458401209,-67.70569242723211,-499.9915743420161,-0.05424688202581333,-7.500716391550922,-55.65359577401014,117.82175673752319,-98.20433532475539,-104.74492099900992,24.41380662104002,-163.31633594498746,202.49078595061067,221.11662247329963,-153.98102229355865,67.58402804595252,2.9106911664470174,9.656437969285754,-147.64032438621427,-165.49499898012084,-5.607599390603636,-50.35926963886746,-52.37686548005654,-161.17315306442143,55.669985057861446,-16.99466898775415,67.95407672168665,1.0098120563453525,-201.66982953740995,483.57523688506234,-58.24569229905888,-387.7515122787414,17.023680662004,463.5720413815566,-450.5413642272974,85.88419191824568,461.2852429517642,-0.05424688214950461,-240.09618730342677,-82.2185166854909,338.35947721800505,-371.5415417707622,442.5560148677528,-499.8489936224934,-499.9478552487811,117.80364206319493,104.35117548881067,-70.53607158295833,315.5993691377547,-395.1478292180961,-499.9999819374171,37.19780095872682,49.52162907173138,-369.57588593696954,-274.45335864242105,57.553615817658745,-96.08660345388877
157,-0.020278005682281195,-499.9999999990558,499.9936742022668,349.3961984466046,415.343600767661,-0.030434783008487593,52.16957778758777,228.41124835822833,-6.040512974631359,-57.683117121036894,16.168445972453856,109.3668822382271,317.9644763731415,-121.06994967350029,218.64505873143156,202.55534114013363,398.5424405340744,499.9999600034409,-1.298950175758505,-489.12014776177995,212.16893152557878,499.9999999999995,29.8851715135118,286.08867672073984,-229.88354858529962,-95.10334965893007,243.29097689676203,60.31157494557637,-307.67122991396116,-275.8183624713852,-2.719351932671942,-134.48215115196538,-92.57616302809369,-499.9534249971088,209.25739647460733,30.60089921867076,-23.0432361456838,-292.9073840891232,-88.34753263738746,-1.7171455807616243,-78.01003542320797,351.2368068612092,-328.07347819221434,-393.7944948660851,-397.9141521927024,-153.46677479395814,0.0007092056862343061,-2.40085820772672,103.87725925378426,428.4339463831155,419.9444388251845,-195.4521612748199,186.12438837235445,-260.8851033926681,-86.45779927300093,14.819458291316819,74.55650310238138,430.362792016482,-8.060957444227709,477.8278883282366,-472.3523863867766,-163.03551111565918,-134.12302143264463,-363.2136920254797,-245.58895268341433,359.07521222904836,-50.10765365603634,-158.01203625004052,-455.8405360330388,62.94238088040133,299.75782483949786,-140.6333079736521,499.94655184681216,-452.38102825597304,134.88880118290507,-417.0024674843569,191.56175507578342,475.3203660799084,360.54876717062365,-127.66557560952118,0.7167554941470353,349.26123111933316,-310.3338145543987,-181.31820727804737,-168.56449063068328,-268.65963552679926,-176.4088596812932,300.9082052713307,-255.40672195704872,-369.44596085017923,-10.062249614081951,-101.32034205258783,-244.5613457775153,-119.92733571342734,-80.54990332013483,-163.28820129655543,56.883924106973055,320.8396503550897,362.2946296890963,-118.34426741480128,494.8806177166163,-369.5089670723052,377.03627640031294,-17.708304131423542,332.1494404847918,8.412737668702427,5.909630660420684,-377.1242735361281,-195.94258612317617,-441.34150144571265,201.37985078285143,-139.65201314279622,-1.4073941429303622,-492.75784875077073,8.530397334835454,103.72108526948563,99.41631089060726,204.19988676692435,-160.48582706041677,237.89126205083144,392.2302636993651,28.385328115282274,391.41457403746796,103.05525027796291,147.35612506068108,60.29881364044565,-350.24249606326845,-9.181438641482542,142.76793431258795,-141.2595293745592,487.20464853997026,205.08147106813576,179.58223983767937,-82.78426753177098,-499.9999999705591,451.69516214049065,-16.080923973267375,46.62206326916064,188.80295936112014,158.3663269373115,49.45711799252139,2.2815597919826023,69.16993276273745,7.789171282995032,-88.22789964151386,214.26712019221335,8.702047177127016,76.3658448959624,499.7744705106822,-266.4198378729535,208.33514377821606,340.0866120268362,310.58546222850975,10.566919056950427,126.7206816324109,69.23040293950619,452.05347390688786,360.9760662370543,64.17384514547231,452.0639175875612,280.97741204584327,88.31262759719655,18.606489639669796,-240.54425877608634,36.64672248986701,65.99786127453524,-240.02306437713966,134.61728422298128,-196.6231693254082,-6.2241980374982155,219.8814360329119,-82.72568540547589,299.73947555611386,158.61429106451524,-42.92098085566011,499.99999383197553,499.99999504690226,61.280458012001155,-125.27747202152267,152.82205870423206,7.458467898970432,-122.58859093735376,-23.62163867674226,-43.45868734397262,-12.237247956827408,-81.37395737059734,370.65689810844043,151.5714452715159,107.88515412805666,-161.78461178328877,-107.87341559504917,66.3363635265006,-433.80906820434706,75.29341898763865,13.588386321260415,-97.94200266009693,-490.98398262541565,-488.11216163669343,-71.75534037498639,-64.48499599436461,-7.919283102568975,-29.158029513818455,62.265357580237186,113.63809043900757,-55.79037881088114,13.468917643397505,-3.8668828687810675,-17.63680321951657,-277.75853536576926,-240.66420910434977,310.2233580391502,-52.141886305630464,85.75397755685793,-39.320833304823324,-90.14403765642253,-53.73127026275234,3.128644523432635,9.077021011328135,104.66639144252701,-128.3170414514758,320.6642426232524,-78.82275415273678,274.74170897037425,-16.181624651351438,-65.20302676823627,-499.9926235753778,-0.05074833690777836,-7.4428219018530095,-56.66799228297483,116.68336865803171,-96.887058355193,-104.54474427955991,24.889996347433136,-163.42548639841291,202.22892821853736,221.45455186705144,-152.60016331829235,68.11778250132232,2.8279714311765245,10.201564140562827,-145.2172646310994,-165.21599493668324,-5.788191382056327,-50.58373301903611,-52.03301771023434,-160.29679089927254,56.36888859454858,-14.90845080234902,68.89704071538246,2.097914393220817,-200.81523413066105,483.80271061561314,-57.5608513551179,-387.6464112590398,16.734353200821488,458.9491575772001,-450.52863597180726,86.35463539694973,460.21464523510036,-0.050748337024193686,-231.44614488236013,-80.45057627269344,338.32911052201825,-371.33661337324565,442.558624954465,-499.8434976858077,-499.9479531859521,119.93683959090379,105.93925344495058,-59.782846139109964,318.136252638468,-395.1031243592663,-499.9999819444125,38.30506192520389,50.40646387167662,-370.45933054151527,-252.10762119318042,51.925592833125044,-91.77486400034624
158,-0.018970215935034333,-499.99999999907226,499.99372889421767,347.35319109352065,415.96751496846446,-0.02847195205882883,52.71655881947897,230.68917068037663,-5.0955892904351705,-57.62378766364303,15.901992753953763,112.02206039721638,317.3767745026547,-121.39060928665754,218.79026521529497,205.47803979385628,399.2529173842623,499.9999540889656,1.5225364899559328,-489.08501838585846,213.43397987510883,499.9999999999995,31.59827588446766,288.0414411080941,-228.0875343403487,-94.49326165503624,242.55895810951222,58.497457680938375,-307.9076124918429,-274.5887666615512,-3.5101818984145985,-133.79063320237128,-92.5225325272612,-499.9534275707761,208.90713090537926,31.246682783841408,-23.492128078126047,-293.2653728172016,-87.52316137903924,-1.6922085479458775,-78.5831593378495,347.4928402580857,-328.07938119206256,-393.6337761958602,-398.0458913553956,-155.33182734431512,-0.3314745246042612,-2.269847000822767,103.96604192062439,425.59867291840226,417.07444351045456,-196.05527781394898,184.435740077247,-261.1759503551973,-86.20668776510796,14.511652671612708,74.13980910844857,421.10066980806783,-7.4527159087089325,478.37828481596847,-472.51592065901355,-164.4152587868805,-132.67346952802205,-363.5845452943298,-245.39198768384486,358.7182178511018,-49.90464904809364,-158.48480339597342,-456.2493757404479,61.10148543830918,299.16295769739173,-140.4259573979264,499.95090868321887,-452.474413788754,132.94928120109708,-416.99219216500654,190.9089700159294,475.26824225042736,360.494083671052,-128.36013170227702,-4.537718074405859,349.5102543346577,-310.47735653011,-181.2222608760878,-168.69392636626267,-269.3860519311455,-177.6531640443146,303.0632851525448,-255.78857886086058,-369.17797788434365,-10.497631091519317,-103.59916999419298,-244.4055127735254,-119.74939308865261,-80.90721434434296,-162.29495140476845,56.120533606461194,320.74392636328344,363.5312766257827,-117.59302499592577,494.8436856761864,-368.7665538956772,378.37372461526104,-17.227736112752158,332.7949668048323,7.474559032513444,5.20697510698461,-381.59653083854863,-196.85846620409055,-441.3752072224405,202.02258903812748,-139.29178381011292,-1.1185898337044615,-492.0258552100097,9.098594710482018,100.5605878466591,94.52833098508249,199.62336958941725,-162.58174640628755,235.8844452928836,390.5971159495559,52.79798748226019,390.7010310203558,103.04716171519613,146.7604937872363,62.436829438860386,-349.6313953562398,-9.349456298521842,141.9477657203579,-139.75479379509042,487.18510955673173,206.0970223061196,179.11067815264093,-82.8526991722662,-499.99999997119863,451.4969678054732,-14.87102875337731,47.14077407867728,188.30384273277303,158.69890257070057,49.419148553605005,-0.4779039630830079,67.22669651204274,7.9968528174778895,-91.61858732233011,212.39395051079944,5.277757682835923,76.35716897130683,499.78225845199916,-270.7781660142259,208.0733839454107,337.928937167811,310.0254246080116,2.720603508637838,121.65029689976997,69.0451221086104,452.2462711901838,359.38884439217196,62.69366072993497,451.96135844894593,279.2675172200548,87.18361422020858,18.338067999697756,-240.7365522629957,36.51938044052227,65.96594284696755,-240.43943211191484,133.3906299307013,-196.714662994744,-6.138069353839276,220.77499671553528,-79.01217085189703,298.9914442905904,158.6938875509712,-42.46312007752824,499.9999948202157,499.99999490901746,60.68021910727984,-125.39372731341236,151.49713290361373,7.604922181932316,-122.72103596344128,-22.767502243250274,-44.33384195257028,-11.549638650109284,-79.95527058757438,368.96134706991285,151.60976064835006,107.30615456099383,-159.7459943432272,-108.50492542301782,67.06779955259962,-433.5585367946205,73.5108364837703,14.181715028554493,-97.94212691799633,-490.669325264883,-488.07256293391094,-71.81535145324555,-62.7770940449824,-6.811298694487435,-28.643338134341036,61.541335509133056,113.51134502454653,-54.893656515997705,12.586362614654758,-4.614104006211262,-16.468840721900843,-278.08618337470807,-240.247126132023,311.3108843125105,-51.76028026946699,86.36302532341062,-38.95640103679088,-91.03176031646576,-53.879121358503724,4.1929723696646795,8.533886986738846,104.91922978024469,-127.26310379851921,321.0356690377341,-77.99494080977114,275.2207988160713,-16.389813688721837,-62.67589081088955,-499.9935059643922,-0.04747542360121598,-7.315934870307224,-57.58795631654629,115.671991827685,-95.51380347084829,-104.38575845143939,25.19218839753193,-163.41684952745163,202.0640521334644,221.8672311189639,-151.1288029896166,68.73356870772923,2.595188199362725,10.803239965181932,-142.71696496579818,-164.9897830020856,-5.9165075756186045,-50.77727060906094,-51.627894650943496,-159.48668113562488,57.041567157810825,-12.782205085227647,69.89247396008936,3.265584151460639,-200.03818432594014,484.02361364466617,-56.80602284809768,-387.5255994371195,16.499589071094164,451.8037481470543,-450.51804474671303,86.7979331315185,458.1039155417467,-0.04747542371763131,-222.74732808685386,-78.62924230737981,338.20819864993365,-371.1218626227719,442.531042661467,-499.8375043389029,-499.94804698625194,122.12585731321316,107.47028523571097,-49.098420869417964,320.63512471040883,-395.02647820124764,-499.99998195113096,39.455473772428206,51.33217764812423,-371.47583659148745,-228.87736234722686,43.17861409413136,-87.46635334958943
159,-0.017746769480987485,-499.99999999909284,499.9937696353223,345.28321216616837,416.6482489503151,-0.026635709975650304,53.291471173108505,233.28134432173448,-4.0676663306063725,-57.49541534952412,15.682333736356691,114.79858688493,316.54910485784467,-121.58713633269998,218.9599217232756,208.59344095115014,399.9710886700063,499.9999474294107,4.502132214051498,-489.0251272383476,214.762325157225,499.99999999999955,33.57368861259576,289.96072963216176,-226.17535870277797,-93.81178810808706,241.80700670446706,56.45124371143892,-308.10704504414736,-273.2236633314795,-4.431567344660657,-132.98259182618662,-92.42946160095879,-499.95342997018395,208.4798512986091,31.785665213989372,-23.700972250634806,-293.66486120132214,-86.66916250730668,-1.6557248368188477,-79.19828256312069,343.6670568447148,-327.8551730460538,-393.5415336854524,-398.14105898103935,-157.3382220810228,-0.7074031240287575,-2.0603650703186376,104.05186531596662,422.3977734447728,414.0719363453773,-196.7298397744311,182.4745344237987,-261.3556118926184,-85.88989125228372,14.352098446546968,73.8541122506298,410.6568289687792,-6.732433186650035,478.9139966471853,-472.70791491630723,-165.95459184852413,-131.1651759176105,-363.9545540670235,-245.18878330388208,358.2604301268724,-49.57459543291028,-158.94923180810918,-456.638253448449,60.76809361149144,298.5367300182572,-140.22207791538494,499.9548185448572,-452.5528085341819,131.0941377132234,-416.9265431949326,190.2142871349273,475.2187558849027,360.3916488868795,-128.87521512638423,-9.909911437726002,349.75284085776764,-310.5021189213147,-180.94956501964583,-168.50218539041552,-270.0650183477937,-178.88486489997334,305.15261560783574,-256.1716932299539,-368.6706063190774,-10.008941440120331,-104.64988941099526,-243.73771577960272,-119.22464483080847,-81.17202395265177,-161.25067675598493,55.68985747257732,320.6595463952164,364.7209704325085,-116.42326761250054,494.8047045026253,-367.96854815106826,379.54043008672596,-16.07575881828723,333.4193372304389,7.0864613706376325,4.566369378396072,-385.78758451846693,-197.78611266324137,-441.3858063056357,202.81738670114393,-138.92490643342148,-0.7402352085618097,-491.0657095250776,10.106198988537411,97.43201899670174,89.93623271527646,195.1150473608475,-163.9053269636196,233.86430154284466,388.9188027158584,78.83772231193696,389.9696820566395,103.01662384988603,146.2963633896582,65.31178159034408,-348.5726810590994,-9.456932115730508,141.1065425100126,-137.70259080443918,487.1667191254617,207.13380605074425,178.6080281372002,-82.85465344971942,-499.99999997179935,451.3064177261675,-13.454825763474151,47.67684666911872,188.0191359522073,159.02609574606137,49.44357393612089,-2.1775166851942775,65.21668399438364,8.377054379302146,-94.71156621361935,210.47669681256164,2.799428277699083,76.42603153941155,499.79005445230973,-274.9814410207011,208.0379929991317,335.8023166512356,309.608567753539,-4.429361360181609,116.33384904049817,69.00699127019008,452.3773521027479,358.0353067214778,61.727593883975814,452.1352434897775,277.4611032495946,86.00797605764701,18.239097935075694,-240.90757118373824,36.67960170822961,66.00662501473106,-240.81354856886577,132.15312026438838,-196.8143575665876,-6.0439146028637465,221.84769612505357,-75.31537552150144,298.36914741477614,158.75584330738525,-42.229103662097195,499.999995649316,499.99999477988524,60.05085625954299,-125.20254762174221,150.37230941179803,7.9516451507172325,-122.864073172492,-21.830841141649078,-45.27329682004335,-11.004325112064773,-78.47391724520462,367.21805623575955,151.79260207835586,106.92568533646397,-157.7569637313671,-109.18968750644495,67.86591884211042,-433.2470439342251,71.97921042825124,14.753612140149734,-97.97870368508251,-490.34916725288,-488.0326579895897,-71.5646898179909,-60.99149505599414,-5.876054559478955,-28.11772504775331,61.09748575324736,113.571145041898,-53.829642557062336,11.629770483977458,-5.111170763632974,-15.22922520981907,-278.2030502658552,-239.24440333523694,312.8887549452238,-51.18010235307453,87.18978799439635,-38.45784162218706,-92.02276456740331,-54.130034950555306,5.346778563164061,8.216135344565323,105.32937896509645,-126.14933452652762,321.41603424589283,-77.25268539375207,275.8043535416276,-16.45427665200537,-60.16107025589289,-499.9942522485669,-0.044413590315856864,-7.090518692933415,-58.40571542545545,114.90630345150447,-94.11604339235316,-104.28139806760278,25.297796448056,-163.30210475508707,202.10973963782286,222.4473166428518,-149.59918658709694,69.42343109751216,2.1801300373662067,11.425812733583166,-140.1803416595145,-164.81796460346487,-5.968423708167992,-50.89879796272815,-51.15785477394285,-158.7495009256634,57.720554445826394,-10.649695437720379,70.93013223921152,4.556615248015945,-199.33687256588092,484.2387799481945,-55.98070253982165,-387.38785058620346,16.340567411806678,443.63242587842876,-450.5072470185454,87.23890173707323,455.76237138234893,-0.04441359043227218,-214.11107355501747,-76.77607334611758,338.1334199527886,-370.8923570470183,442.4987082692738,-499.83121645878515,-499.94813684168247,124.33781028042338,108.98718828993353,-38.692593789314124,323.1127816396149,-394.91633997402096,-499.9999819575834,40.658552289477726,52.30483252783907,-372.4202820530794,-205.40104201164198,34.609981577044394,-83.18636981558447
160,-0.016602226650585465,-499.9999999991172,499.9938030960097,343.096675774994,417.3972402823084,-0.02491789248717256,53.86870696673928,236.21653717032643,-2.947835878467107,-57.32120198878185,15.500815663329353,117.68472017009974,315.91582495365634,-121.6807060971413,219.12646491867557,211.92066119533715,400.70136304129807,499.999939966281,7.650808143224546,-488.93718220553956,216.2081183790601,499.9999999999996,35.8644898021508,291.84056289627785,-224.15827521907033,-93.06240000833793,240.9880043678695,54.14963984864308,-308.27076458757404,-271.7658623842145,-5.5301404232252,-132.11331552188636,-92.30758781850399,-499.95343220458784,207.9666177800527,32.38003943403657,-23.71678173548854,-294.12079461255934,-85.79575436370654,-1.6019057699356865,-79.88945910783536,339.62436551156213,-327.43398495508313,-393.4552596981943,-398.1895581887431,-159.4985015000961,-1.1485352019628106,-1.8787988970330203,104.13482512519526,419.3195541295757,410.8634836126661,-197.50540853832663,180.81534184729114,-261.4317333320572,-85.50155751387018,14.213830086333232,73.6705169268124,399.8104302646411,-5.946703709521022,479.4529600157709,-472.89238907099013,-167.69026197194515,-129.59675258013914,-364.30743431832866,-244.97787739928705,357.84027871538194,-49.17799728406948,-159.41126713130618,-457.0082981210717,61.90995267361634,297.90850011671637,-140.01871631517025,499.9583491731497,-452.6060508984567,129.64231155638072,-416.78471276373756,189.9010812311199,475.17355536378614,360.2850092891239,-129.2556744706022,-14.562676604533442,349.98914874660164,-310.3616484837669,-180.51190692859203,-167.96369895745485,-270.71248414556584,-180.1129484134341,307.3961830533417,-256.5603905713592,-367.89876690120985,-8.488549103157512,-104.38160631615581,-242.57776280957137,-118.43959586372854,-81.36336459963404,-160.27634075885646,55.46613972749938,320.6309969590444,365.8656560591044,-114.94815092654612,494.7658875781639,-367.1023312629332,380.81903866966735,-14.475832543381717,334.02326729419525,7.070023891340649,3.948894565243665,-389.7812646376854,-198.75694482448498,-441.37185884920615,203.51126995125318,-138.55337164065222,-0.31641427982202003,-489.81770290203565,11.425666951173826,94.44578587934483,85.70554702589659,190.4818390298339,-164.52346657267228,231.86155326493036,387.15311541626716,107.0430234103093,389.23460826892676,102.95790088680273,145.87001741221795,69.14069299678489,-347.14481425549707,-9.568224739497476,140.4042096533017,-135.02928718368534,487.1496191477511,208.63097749269917,178.1718369092925,-82.8003580474149,-499.99999997236404,451.12442319303955,-11.909387976118804,48.22581044830144,187.9134187158347,159.31093226385246,49.509465202747506,-2.6474352781789547,63.02420604647963,8.995457126615738,-97.4065970856638,208.4261915166424,1.5197879966096175,76.52648998823825,499.79785389257813,-279.06752613210546,208.1835477337175,333.6706094789297,309.3111945138548,-10.229572169865236,111.46661247417555,69.08868335750373,452.5344132471208,357.3393530836024,61.36219004997963,452.5625652394116,275.47277868281725,84.67957603764187,18.283352389141854,-241.0718750158586,37.07615205968605,66.01427966821274,-241.17192014784737,130.79637210427617,-196.94323607470986,-6.010270676047656,223.09531845696262,-71.73448104787202,297.84731382708907,158.70332859251204,-42.1937227279887,499.99999635171883,499.9999946684814,59.28519911397289,-124.68887171540828,149.44543890961234,8.442125164782604,-123.02322240639458,-20.92497291910498,-46.27092754607374,-10.703462935154102,-77.04802830574826,365.4603166704439,152.066608178485,106.7010253775949,-155.91940099121274,-109.93818909774745,68.62573736542133,-432.85255003335476,70.67096480296871,15.225210225088304,-98.0593969767408,-490.0258062507814,-487.98573060732645,-71.07669352444039,-59.232498799843846,-5.133108110345118,-27.673697118809386,60.87217598654986,113.74242951623822,-52.72230672830464,10.581493703722856,-5.036656712804045,-14.037659442925325,-278.05854993524144,-237.63780713391859,315.0938247602846,-50.469367475001384,88.13405045425986,-37.94121207318104,-93.12048910692933,-54.50397248510554,6.480772467425349,8.017258798999798,105.80300052235647,-125.06998679189546,321.6971056795277,-76.6351988816838,276.3393242171276,-16.29768862655989,-57.76113161101317,-499.9948868369236,-0.04154922357597173,-6.858637316185407,-59.22296252492724,114.33973858292565,-92.7956310394499,-104.25107416956519,25.123179825944856,-163.12798596580961,202.32534336048005,223.12180291193266,-148.11232692772847,70.08714555194912,1.5085516655509925,11.960024098372884,-137.6982543795697,-164.7159547906296,-6.022318696745162,-50.972290756058335,-50.69724464653183,-158.09188531824367,58.38052997653607,-8.606323738846863,71.92471450857452,5.935782708451688,-198.72283766465355,484.4471308960511,-55.17823733168466,-387.2578513717411,16.182677875500712,434.8826642467436,-450.4949992849725,87.67695141152953,453.4913246744546,-0.04154922367783514,-205.69527614009144,-74.97828517520564,338.21549077565305,-370.656219766782,442.50671727917097,-499.82497073599455,-499.9482229409089,126.44224436472254,110.51188296023426,-28.91011057046639,325.56233999435256,-394.788852805399,-499.9999819637806,41.86356103160176,53.278770707311786,-373.19763733988367,-182.69098558327795,27.060817065073522,-79.01027101143427
161,-0.015531498850129893,-499.9999999991449,499.99383595551177,340.53625609106024,418.1981985344734,-0.023310862250063957,54.36696535850038,239.5115365509581,-1.754845853543721,-57.16252920610823,15.325551299118217,120.63544512543177,315.6122694692386,-121.73488816992922,219.2055557916237,215.47725803046066,401.44178694736036,499.99993164052995,10.941729005510913,-488.8166752084153,217.80622918110618,499.99999999999966,38.50666029026909,293.6608953839053,-222.04883264003405,-92.26110770992159,240.0224460430834,51.50382424118707,-308.4100639930554,-270.305225244832,-6.8595406580764156,-131.30582678267166,-92.18217080171797,-499.9534342827986,207.35096103098684,33.02568814730949,-23.68107197754141,-294.6550599937266,-84.93331037990765,-1.5426276808180253,-80.70173247500149,335.2423332886044,-326.91392401402527,-393.34045737129605,-398.20504646659174,-161.8164394688025,-1.6916350120425196,-1.8235549248140284,104.21502007928808,416.4201326358983,407.3964870898319,-198.39991611803322,179.62978618310487,-261.4638716656153,-85.07029862378249,13.98505635704972,73.5553020195549,388.7367605694425,-5.1692530725932055,480.00356882584686,-473.0588577579975,-169.64773193804567,-128.0048796675293,-364.65474724809974,-244.7777206382774,357.5206301062218,-48.792845734273165,-159.87733258889998,-457.36056197740953,63.71497575549165,297.30787718238804,-139.82151045965742,499.9615610990891,-452.6337597918504,128.56834063991084,-416.57527899849356,190.04346681662557,475.1325171138564,360.19943562628924,-129.57785262049785,-18.429475334683268,350.2193303869729,-310.0824926715653,-180.00816230186854,-167.2009251328795,-271.3505473648827,-181.34325441377456,309.9106869437047,-256.95994526308357,-366.9301337458031,-6.469116672300013,-103.45853518730169,-241.1178635730022,-117.534015840032,-81.53351081700899,-159.4606393971022,55.227486774547145,320.6756628242073,366.9671897616524,-113.34635306150271,494.72917910587756,-366.1626911216329,382.27983928733966,-12.757536263989165,334.60744705096613,7.125725160890306,3.2866814372862962,-393.6279694364756,-199.79790074377058,-441.3390520205903,203.7743953410172,-138.20656803556705,0.08696567266453406,-488.2530679470269,12.838570097239788,91.64231510467066,81.7508353228169,185.50561608764048,-164.71965583152337,229.901706728771,385.2637615310249,137.0506435315372,388.51664920821537,102.83286419715897,145.3967267394293,73.86398032949505,-345.49990948041795,-9.787938987828653,139.86961080731672,-131.66374554341672,487.13252453346524,210.70092819343245,177.8297310454205,-82.72085514663873,-499.99999997289547,450.9518770324489,-10.390942212502795,48.77130098686085,187.84361939530478,159.47697356056213,49.54411560302487,-2.5002736288035416,60.5526955153133,9.74586690865535,-99.82088480702662,206.14910107162297,0.8785398913342322,76.58341300884474,499.805452282602,-283.08838701770736,208.3711120227895,331.46633093183897,308.9941122366516,-15.009291248543308,107.06306882300028,69.23855446836554,452.74839469878515,357.2415994531432,61.566234805824806,453.16541953461143,273.21731191720056,83.08862558428643,18.411445682101267,-241.2399567238644,37.52381937287639,65.88785260284575,-241.54558987772648,129.22652345059583,-197.11635065794684,-6.1054314218146635,224.3930004099655,-68.35261280703219,297.2948579682554,158.45046357567404,-42.29620023289178,499.99999695690616,499.99999459420263,58.30517268168043,-123.98140156649961,148.57841047896457,8.858205111717767,-123.1974956556561,-20.156647751348647,-47.30579303443754,-10.688048494748513,-75.77518665336811,363.65741808901487,152.23935303618518,106.46770008305958,-154.29631837147147,-110.74768191429592,69.25266047564084,-432.40644414070505,69.4464753600171,15.538279877904742,-98.1849373538319,-489.70668418417466,-487.9299940491123,-70.64122784794513,-57.58583697463553,-4.584123026626148,-27.38337261136057,60.681650461878526,113.84580193685105,-51.74101354144481,9.432987226428683,-4.578703577065899,-12.991787570295639,-277.81584849731,-235.66388520199447,317.7323430157081,-49.719770156980054,89.01630736901707,-37.524142281617976,-94.32442547494213,-55.01364884928303,7.489078924204948,7.785693326730469,106.15705801096308,-124.08425689634855,321.764459664814,-76.18289548794937,276.6647067716446,-15.923073354157765,-55.53638770576762,-499.9954292334529,-0.0388695885139049,-6.770637626802076,-60.133742228629465,113.84136776479978,-91.62096498603681,-104.30416972440845,24.594313227431847,-162.88645982478607,202.57279220754936,223.7131526042044,-146.74893160794394,70.63636165953288,0.5231127499615649,12.339886405562261,-135.33305269514344,-164.69591142443986,-6.170125811538577,-51.04756470690332,-50.32764616076068,-157.50858797232578,58.97046819156045,-6.7144772936285895,72.78212011605481,7.306040587636117,-198.2058666727381,484.6455318093021,-54.49000358120951,-387.16838586029,15.942899076578879,425.62917414940324,-450.48357144734905,88.08153465128413,451.3133862267895,-0.03886958860849235,-197.61089947162088,-73.28693485636975,338.44706754850256,-370.4379606533221,442.5689582010629,-499.8191040970875,-499.94830546665116,128.32588511417686,112.05442659718231,-20.08898505743992,327.98822265108004,-394.6735401508301,-499.99998196973263,42.97966975954532,54.17289827853247,-373.7428521651342,-161.81732308683834,20.335565078500178,-75.02744096949786
162,-0.01452982545334001,-499.9999999991753,499.9938722814938,337.0017499370138,418.97410980429885,-0.021807474146768178,54.61792809470209,243.17758653608055,-0.589754567238326,-57.0596796719573,15.136156873636573,123.63296596115543,315.5780008913176,-121.7973362453639,219.01419154312154,219.28968766560902,402.1926767917061,499.999922393156,14.271807372187782,-488.65698479937686,219.51944004495752,499.9999999999998,41.53672562820831,295.3797563413331,-219.83210283501123,-91.40138218359536,238.85592736480706,48.40895570756001,-308.53721456791874,-268.9157648750146,-8.445283566787051,-130.66885046168252,-92.06754590512308,-499.95343621320325,206.61620559040526,33.46130288639261,-23.714758574700177,-295.2822254834365,-84.1261560715886,-1.494275184730702,-81.6527815070587,330.4844431703553,-326.3664224909663,-393.185912654257,-398.21269611658045,-164.2649894566619,-2.355808279599435,-1.9109106483202218,104.29255448688063,413.6533211660191,403.6617493160868,-199.41114725765993,178.8647833520908,-261.5015539687885,-84.62715747063312,13.643075974297533,73.48979261060796,377.4644477221208,-4.435410450403379,480.56924092942137,-473.21119880401665,-171.8259181054314,-126.42597778219073,-365.01653741531686,-244.6025293627469,357.3066655471351,-48.46024837489686,-160.34329742540154,-457.6960227220814,65.47417969262098,296.74950185731575,-139.63801833824044,499.9645005804432,-452.6417624056346,127.75268296457942,-416.3204611554184,190.59567656900515,475.09451574297196,360.1409614022029,-129.8819237192916,-21.619949777692494,350.4435457304481,-309.71047514592425,-179.53326242871626,-166.3440348961879,-271.98984791515176,-182.57453985304912,312.75352504639136,-257.370092715473,-365.8470346383003,-4.396269983183963,-102.4278917123063,-239.52588919503268,-116.59671679539035,-81.71656768963038,-158.81868649032728,54.79208689001476,320.79652243770175,368.02734345658797,-111.70318564690426,494.6952360341961,-365.1426937574727,383.89463480794035,-11.105150643062341,335.1725420572921,7.040134667478685,2.5400225760399966,-397.3276662274657,-200.91327767679627,-441.2943603883925,203.37590176916424,-137.90672223031515,0.43544558062107425,-486.3529569510929,14.216012642520434,89.00923093911693,78.02021411294336,180.07609707196465,-164.66766132627447,227.9911148508879,383.2406775165147,167.88916888575395,387.8262670240727,102.6028810089375,144.90113939511676,79.40905706446695,-343.75330088867116,-10.181033735484657,139.48626803346409,-127.52831952891833,487.1137521817414,213.35895568502397,177.5773856741951,-82.63789772837471,-499.999999973396,450.78830998309076,-9.004367010181015,49.301284527395254,187.68192704043884,159.48704938291138,49.508586953094806,-2.2460866844316727,57.79304593139421,10.520950607156205,-102.07899116174382,203.62049364160717,0.3848390797202441,76.56422363919958,499.812634431375,-287.0712105254115,208.48396157856868,329.1473081252301,308.46939278993113,-19.158310143408997,102.93082829834745,69.4322652470211,453.0261225506848,357.59110269148545,62.35808876370572,453.8974773106994,270.673630612732,81.17701094734103,18.588055656300995,-241.40110847003143,37.85539836135556,65.60824738265963,-241.93738769397893,127.43401231233561,-197.32175591928603,-6.3443294381974935,225.6202598539216,-65.16796438141247,296.5356136969968,157.99175819408634,-42.45243239404849,499.99999749208274,499.99999459322896,57.11901461894723,-123.2164621011582,147.6289005100584,9.012294271585253,-123.37635892127292,-19.54078688507117,-48.34191053657648,-10.898823836671179,-74.66172723474477,361.77045055044766,152.1563867117424,106.06298420832995,-152.8536565927477,-111.59615619832066,69.73996914843534,-431.9390789185536,68.19747231968884,15.711067781707115,-98.34583972191113,-489.40027564613854,-487.86768721854685,-70.50326084266352,-56.045021175774195,-4.209830102127256,-27.23041808156161,60.36928366963083,113.70610468330125,-51.00907849515765,8.198543669840337,-4.094412265920773,-12.09608692923281,-277.6885076359172,-233.4741522149224,320.59061680446985,-48.957300318451125,89.70821610077124,-37.23864812546532,-95.62092341029438,-55.64718685430177,8.346863423693737,7.438943794197228,106.2224654126776,-123.16310491820002,321.5575357288772,-75.90781485900766,276.7049633600015,-15.401348297899377,-53.45487668968671,-499.9958951168642,-0.0363627710407972,-6.91478111884437,-61.15104830918143,113.32108760510842,-90.56419794286464,-104.43640628648895,23.692503217866985,-162.4782809857065,202.73916473252356,224.03786642837065,-145.50531336296632,71.06963214561263,-0.7896274387085067,12.59675055920296,-133.07251642229363,-164.7563227061781,-6.444932963135452,-51.127930864816584,-50.068331984265754,-156.98344834085705,59.47820368827367,-4.953268045039717,73.44369923229637,8.596945532488188,-197.78022028699445,484.83064771999267,-53.91635652997113,-387.1436857493445,15.606988858647878,415.8678506404814,-450.47606939830257,88.43136619528487,449.19104500806554,-0.036362771120832735,-189.85976378216668,-71.66707188461993,338.76223715335306,-370.2643574179739,442.6697395575413,-499.8138270578966,-499.9483845921388,129.9593716512298,113.67877342050357,-12.415071447792903,330.4658575592519,-394.59384604556413,-499.9999819754493,43.946883470162454,54.93276288350953,-373.91979309512715,-143.58589259287058,14.148151752043718,-71.27264959297997
163,-0.013592752439142892,-499.9999999992077,499.9939143011203,331.4216298624249,419.5855394320187,-0.02040104324946889,54.38215201325729,247.2062327655721,0.333147398944607,-57.01166757751297,14.936503426646745,126.70222228615438,315.6775844953668,-121.87830425252757,218.2857807983387,223.3778733841929,402.9626415541655,499.9999121731997,17.45792302895008,-488.4493107679027,221.2247067891993,499.99999999999983,44.99072575441151,296.9174352396662,-217.46304433727903,-90.44873328473265,237.4829467734775,44.754022050033164,-308.66247484222515,-267.627930147921,-10.268905849634734,-130.25741643069497,-91.95792637212493,-499.9534380037846,205.75743452011395,33.22074757706446,-23.896280660690312,-296.00083706238314,-83.43590988040903,-1.461339499379629,-82.7243863593806,325.3909190760929,-325.82775329630505,-392.98716600181314,-398.23528871141207,-166.79069093393184,-3.1247743179550316,-2.103655586213309,104.36753188758601,410.9848305677638,399.6816500599833,-200.52000723882583,178.4098475681529,-261.56935347919415,-84.18790034387473,13.219877053204215,73.46530279835486,366.0144064515079,-3.7460763781236914,481.1521539259292,-473.3559651611065,-174.19323458651385,-124.88017323269966,-365.4047604909534,-244.44881087312686,357.1907829671152,-48.18909503594265,-160.78904258851065,-458.01559065951926,66.79433180713973,296.2369343313766,-139.47114195446207,499.96720329257886,-452.6364332684172,127.11371754993131,-416.04077098255283,191.51485383278967,475.0591238775395,360.1081730983359,-130.17294469532754,-24.22350610433948,350.6619623891068,-309.28192426090766,-179.14971707519655,-165.4736085110964,-272.6291657117781,-183.80006137398493,315.9632544044723,-257.78377506716083,-364.7111516099654,-2.440177553899117,-101.49584469947321,-237.90205567943076,-115.66636822701363,-81.919585980813,-158.31064418619312,54.02711772037488,320.9999576872028,369.04780886993296,-109.99446595193906,494.6640407291547,-364.02819616834745,385.6281217238957,-9.554974493859719,335.71919429001275,6.680260543027443,1.703901084682691,-400.85390254155914,-202.09043481165932,-441.24320190718504,202.22194784813578,-137.65627732803418,0.7242511689186469,-484.09379391853207,15.509080379902692,86.52500970446899,74.53496181405093,174.19935146969,-164.39704823139743,226.1286779409942,381.0973466206523,198.49822470030296,387.1655363848977,102.2554069511329,144.5018324774379,85.74621930612125,-341.9756698615114,-10.755042647568116,139.2370454261136,-122.54935148770916,487.0922624559763,216.61417166085542,177.4069365224217,-82.5607286862659,-499.9999999738676,450.6328075340923,-7.790715335350522,49.81161533145314,187.34004453902622,159.35658546538323,49.40556485943325,-2.070812321199271,54.792680011361206,11.28462106869457,-104.22361040267161,200.8696457663711,-0.15236442248784987,76.4838347608526,499.8193189521067,-291.0138575865865,208.44365286662799,326.7116634256695,307.5332212356577,-22.909885289991426,98.88921573040324,69.67783632694847,453.3710836242193,358.26559756306074,63.923354813675004,454.7697774295146,267.8715546177322,78.92219224323705,18.808262179301508,-241.52981810272945,37.951452919947236,65.21622046165145,-242.32201367387853,125.46273515781101,-197.52969724347335,-6.70445457932201,226.7019267572425,-62.11345277762688,295.3747082080656,157.37745137138666,-42.589039266284566,499.99999798041165,499.99999472220776,55.78170753977578,-122.483092900227,146.4927774117823,8.882690142964734,-123.54570466666314,-19.02429234833118,-49.344314079046235,-11.231190566668623,-73.65360762961112,359.7753606755904,151.8206641323222,105.35230719649134,-151.48618885253256,-112.45529024656321,70.13727885376237,-431.45740541962977,66.86321473603991,15.792691095055062,-98.52854732836327,-489.1122920476413,-487.8012157744471,-70.70345127049035,-54.53899664692831,-3.9844094003877095,-27.147936148634372,59.82571816443183,113.17017000219879,-50.61036608110987,6.903663513379436,-3.8002154319775863,-11.302523253255828,-277.7759155072722,-231.07148222330713,323.5660097123929,-48.15180701998364,90.13112502735224,-37.06386233299925,-96.98597403575894,-56.37931760316721,9.077103952340376,6.949550136432338,105.85386140666336,-122.23102553954318,321.0482160804625,-75.80126228667146,276.43723446111096,-14.81492190805311,-51.44061176966096,-499.9962971642258,-0.03401762440470527,-7.301850674462353,-62.23950875665563,112.73729344760211,-89.54348269385603,-104.63773093510044,22.436361517117398,-161.7667473725362,202.75667569995238,223.92750880638985,-144.32123793453982,71.43938759943997,-2.4171794288140966,12.809387710862387,-130.86205801710517,-164.88715501738167,-6.826148068278418,-51.16467092731409,-49.890637438111256,-156.49860019584668,59.94130420104051,-3.2594695455935123,73.87404438998367,9.785783388302784,-197.4279200002547,485.0000032617282,-53.39154672345372,-387.19849039804467,15.22156249640116,405.6061142581328,-450.47277756849314,88.73801792639446,447.0983431836613,-0.034017624484740806,-182.36702525890092,-70.03583653325896,339.1046841098861,-370.1513579407992,442.7880540220156,-499.80921471342873,-499.9484604801751,131.3706099256622,115.5346295583436,-5.9193372803333135,333.15812784170055,-394.5582480010364,-499.99998198094005,44.75879521192893,55.5507306405235,-373.4792170214803,-128.46683256740852,8.328004285484399,-67.71384481132357
164,-0.012716113918018522,-499.9999999992415,499.9939632408692,322.3903672078547,419.88938688467607,-0.019085317058678386,53.46550830866589,251.56130019093604,0.7421472150719934,-56.99264400425513,14.746101250504603,129.88850652923517,315.7615310561542,-121.96304501544272,216.79873846343625,227.742162305158,403.76356760206846,499.9999009542459,20.326798887531815,-488.183584908836,222.7581020118897,499.9999999999999,48.886560227362025,298.18539419069293,-214.88634090168964,-89.35686657905889,235.9349907196229,40.48951083939638,-308.7941158288489,-266.43562656362263,-12.27985009099919,-130.07879051669593,-91.83426615314697,-499.9534396621386,204.7954496873037,31.8465210221867,-24.264389000596054,-296.7957573421216,-82.9212579500145,-1.4349567981415061,-83.86732952899476,320.0438770927166,-325.3114853900414,-392.7411882677564,-398.28909122103823,-169.32795015313738,-3.955718767558715,-2.3436065865801363,104.44004944791968,408.40199217051816,395.4943976033209,-201.6942426747878,178.1502367493197,-261.6739772461226,-83.75543733674658,12.766395500345293,73.477597271956,354.4273374812028,-3.084427429137195,481.75302919316016,-473.49822677269543,-176.68869716563628,-123.3742943877661,-365.8218483440298,-244.2989198215665,357.16718287092084,-47.96859710271177,-161.17795393972693,-458.32011734647534,67.51818944787094,295.76890658734715,-139.31905920391068,499.9696974023076,-452.6227051823331,126.61141329166078,-415.75095928315665,192.77279676210202,475.02693358935636,360.09844423304406,-130.4390328179291,-26.297969186068812,350.8747467011657,-308.8204385336826,-178.88935144038027,-164.63033553528206,-273.2602580658956,-185.01051697518258,319.55696895272814,-258.188884484545,-363.56193347007604,-0.5919658914992445,-100.64893464642377,-236.29876837868625,-114.75306792742592,-82.13205928344986,-157.87654529896895,52.867757293385665,321.2962587022004,370.03020143033183,-108.08490580631212,494.6354195194135,-362.8016999601025,387.452497746163,-8.012809932365883,336.24802301437427,5.987273973552416,0.7964022851766722,-404.1804469575154,-203.3089044854657,-441.18915203057975,200.318008032806,-137.44314853756646,0.9648473691951875,-481.44361495941735,16.712676208609775,84.17388608195562,71.3639385968883,167.95114066953042,-163.85395706353222,224.3136823822205,378.85982066820003,228.0070997459869,386.5336066799657,101.80166236885032,144.3507358306762,92.84677652742891,-340.2061604759743,-11.480396185703688,139.11000888328354,-116.68529838886748,487.06785141500285,220.45896666096908,177.31220580460078,-82.49121818275304,-499.9999999743125,450.4850466254329,-6.747318318383893,50.3030914195504,186.76976743567977,159.1326623844772,49.26777520809901,-1.9464415372860147,51.613403857190114,12.05945509033684,-106.23039436937857,197.94517780005438,-0.7199498509110471,76.38440386100464,499.8255632220324,-294.89963234196,208.20877527344774,324.1808010791486,306.0317826954228,-26.366183081652547,94.83727174974675,69.99834529418527,453.7856710529059,359.1779234233929,66.5932462049059,455.83158973586995,264.85980037453226,76.33872544725024,19.082637350237373,-241.5972540621138,37.742957355905375,64.77586036845099,-242.66097501954593,123.37058836311039,-197.70664615998416,-7.1457628720535205,227.60123867382424,-59.10242563026713,293.66322391228226,156.6733449615035,-42.66196348531108,499.9999984354149,499.99999504708865,54.35762166104126,-121.82799184914981,145.10640446089744,8.591255607797002,-123.69393822296605,-18.52928628959917,-50.28948876381851,-11.586533080230039,-72.67662560402107,357.6625297222931,151.363685337123,104.24683556697302,-150.06602050924448,-113.30207328984332,70.51038608597607,-430.9485938260667,65.41997568562478,15.829433567311392,-98.72157508981417,-488.84508489420693,-487.7312704466202,-71.1131977397666,-52.9773285183078,-3.8874964291386678,-27.060054232290003,58.9914766091319,112.14433594832313,-50.571313635497354,5.573901922178163,-3.715092248228727,-10.547872027529863,-278.0425432034993,-228.34622022399535,326.65026507171785,-47.25012937453236,90.25473379160918,-36.957235170463804,-98.39156423736915,-57.182239699457774,9.722889332206487,6.327347305625543,104.96671843137999,-121.20733480926319,320.25593007696716,-75.84336112246521,275.89336292529487,-14.230847050626426,-49.41527920233279,-499.996645682574,-0.031823722915533946,-7.886461048607232,-63.34704567804876,112.08441321863043,-88.4698306038046,-104.89809660147661,20.858301457462748,-160.6279139783778,202.59596615265303,223.27715054459242,-143.11940076730514,71.81079754809858,-4.341157630800998,13.058046069780238,-128.63819100883984,-165.0767013335781,-7.2671745543336055,-51.08498534602681,-49.74724812684561,-156.0399081094661,60.42702946032535,-1.5651935818651626,74.0717092141741,10.879138302122177,-197.12624101684162,485.1522511796044,-52.830189634426794,-387.33627816067366,14.858921856498759,394.87891310713496,-450.4706217483867,89.0405778053767,445.0266367861693,-0.03182372298829352,-175.03763883750096,-68.29775336496068,339.44595593039816,-370.1024049438234,442.90968079018876,-499.80526876552733,-499.9485332843969,132.62463999722164,117.82648928454088,-0.5505410212472314,336.28271921686695,-394.56179941446413,-499.99998198621375,45.447208853789625,56.052830441819644,-372.08719896935816,-116.7161408602532,2.7931794329191386,-64.28161690401112
165,-0.011896012581502887,-499.9999999992759,499.9940197475689,308.5896636221825,419.829806247853,-0.017854446210236286,51.87788594438482,256.19639968381074,0.45800812448535105,-56.972127653612915,14.58800498765671,133.23200281717516,315.7271339062314,-122.02724400441542,214.53768643253693,232.37014940836056,404.6020116465507,499.9998887647745,22.85273108138777,-487.8499430663563,224.02029908071944,499.99999999999994,53.21022164150329,299.1581207107199,-212.05998484032978,-88.08595921053029,234.26057000475743,35.71323353211192,-308.93478054610586,-265.3164762809441,-14.418835634955185,-130.11503963859252,-91.6743677857148,-499.95344119549253,203.7914097238756,29.183020976337012,-24.808996300709182,-297.64541250552253,-82.59205916132312,-1.3987898629722535,-85.01259009928513,314.53240469617657,-324.8187177648586,-392.44598949244005,-398.38129404146326,-171.81291059171082,-4.797990199982205,-2.5714427839351957,104.51019923778571,405.9048118149425,391.1415582256219,-202.893372629634,177.9962393445915,-261.81010120775176,-83.32633539695543,12.333695572972601,73.52399929895587,342.76126332273765,-2.4314425849444534,482.37012756996194,-473.6394184699336,-179.23022115339666,-121.90785057982086,-366.262002159759,-244.1304907161541,357.23265498355,-47.77779519259047,-161.4611807871255,-458.6104011820412,67.60546112492497,295.3435694686074,-139.176949067312,499.97200498262436,-452.6036856110326,126.22289238914952,-415.4599808502878,194.35052078432886,474.999250263788,360.11033390328544,-130.6662805016817,-27.88445312479074,351.08205920231376,-308.3395888104407,-178.75072312022584,-163.82813999324367,-273.87160852718546,-186.19642524104478,323.52022155554124,-258.5696587854428,-362.42202468485004,1.1854972264815549,-99.82598949883734,-234.7386024777777,-113.85495080578235,-82.33474314950269,-157.4675549222919,51.34978207314473,321.69484793125247,370.97606400357904,-105.77731988184422,494.60926500869476,-361.44887062838745,389.3416668546756,-6.3091043829123405,336.75962565861545,4.987856600551193,-0.15301382189038953,-407.2978764491062,-204.54755657961564,-441.13430994353035,197.70707357109472,-137.2480200746051,1.1746380350471837,-478.36623029267724,17.838420873595588,81.94669190418995,68.58056449006997,161.42469690470543,-162.98635783146932,222.5476582863255,376.5567376467999,255.82419865923274,385.9299573322753,101.26178296421654,144.55966969354046,100.64728912562123,-338.4662086009208,-12.317085760240786,139.09727552359567,-109.95051455391366,487.041004233856,224.8521284187303,177.28908697720468,-82.42806320712587,-499.9999999747325,450.3457230184836,-5.848310225133029,50.778693564395674,185.98086996222963,158.86723319522298,49.146874540863955,-1.805480506618683,48.30584161759417,12.891763710587437,-108.0512373041661,194.8919058758157,-1.260606517087693,76.31323001610855,499.831484671549,-298.71256939915145,207.7931439588832,321.5798093159654,303.95403651802656,-29.556503020175146,90.78854582998623,70.41588287220878,454.2691578573749,360.26733507249395,70.69977080865944,457.12904558845605,261.6833173722912,73.492087332569,19.42525944652566,-241.58308809566796,37.23161464580092,64.3514015267458,-242.92056830207332,121.20715554142129,-197.82663265027696,-7.620384253020644,228.32221979291114,-56.06283044459109,291.391530912255,155.93475001810648,-42.66087962919396,499.99999885433215,499.99999560640407,52.90409866273962,-121.26124080419578,143.46558702403564,8.302105474503428,-123.81585943116426,-17.981670426095715,-51.16952723786088,-11.903326969590436,-71.65999656031998,355.44598210279264,150.94528533794892,102.74667686133733,-148.48400470787723,-114.12625489521459,70.91871661211765,-430.39388861504125,63.8933534146815,15.860811321294467,-98.9195447814399,-488.59901815637045,-487.65661720922805,-71.55685629338655,-51.28112262503662,-3.912737832587371,-26.90484263856331,57.88180626287212,110.65419712355848,-50.822885880457086,4.228149549546325,-3.7343996167210847,-9.768895651038905,-278.3815652590522,-225.16073015218632,329.87620359902706,-46.195890978041774,90.11405505082229,-36.86664886232751,-99.81367819265712,-58.03210876535389,10.338481349349257,5.619032045845192,103.59601682472675,-120.03028968791877,319.2931662551601,-76.00814455447956,275.19845789869476,-13.689634509319589,-47.3219989269849,-499.9969490968077,-0.029771313065171758,-8.560213057689229,-64.41857989055464,111.3965535130556,-87.27594777922387,-105.2108889230043,18.988535678458785,-158.98090626122743,202.2739033455272,222.11321364979548,-141.83091955606895,72.23900903161302,-6.549453867597791,13.39945352154476,-126.34636118871632,-165.31662851812678,-7.722836268714287,-50.829501388666586,-49.58951108166296,-155.5998970731299,61.00148055782135,0.18221192603424752,74.09003842968437,11.903017626078782,-196.85536824361293,485.28781775318305,-52.15962911573367,-387.54849888277494,14.579497520945509,383.74159752352944,-450.46447073439276,89.38811913546495,442.97725950551586,-0.02977131313065538,-167.8115796554822,-66.37988986411483,339.77904849178884,-370.112528944564,443.02939260230767,-499.8020220478937,-499.94860315112135,133.80000321954523,120.72701757583899,3.7114763249976566,340.0255546289534,-394.5899789255269,-499.9999819912792,46.06413762509948,56.486192670026924,-369.4401521589858,-108.6533618921533,-2.482947634217132,-60.90523750347125
166,-0.011128802243528647,-499.99999999931015,499.99408391063537,289.2291305330022,419.4746565272399,-0.016702958209105834,49.86335555303742,261.0792048908086,-0.4746919012821452,-56.92933242696016,14.479458659271286,136.75308563161877,315.55520992699707,-122.0476477830725,211.70869192366752,237.25266455772052,405.47349573313846,499.99987574269585,25.196266361011485,-487.4400138897519,225.06751000244859,499.99999999999994,57.914427834331015,299.9165145726115,-208.9683996241244,-86.6127449623526,232.50793150469428,30.66358070361062,-309.0775119356324,-264.248888373832,-16.636869325440347,-130.34292998760267,-91.46027468691229,-499.95344261072273,202.8474759959263,25.476857186945907,-25.47670251975433,-298.5288567804091,-82.38406692853351,-1.3369542999265582,-86.08934638191836,308.932386350728,-324.3451276583805,-392.1022815521211,-398.50876086014455,-174.19367212359077,-5.60883039835101,-2.7447291769392015,104.5780675366561,403.4937087217438,386.6609254294569,-204.07659973807088,177.89830359790136,-261.9650600943554,-82.89650398024467,11.959808074643984,73.60176980108386,331.0736515418622,-1.774952820114508,482.9985772637308,-473.7776870170886,-181.7322138270097,-120.47816987799386,-366.7133776476622,-243.92572766132062,357.3819620438028,-47.59293496040756,-161.59023892385025,-458.88719157590145,67.06229205576408,294.95957328529494,-139.0392272348595,499.97414246605996,-452.58119803840935,125.92735133069122,-415.1729106411763,196.22598600853252,474.97750611137366,360.1430473532363,-130.84736983702814,-29.027736187682176,351.2840528885909,-307.8473636920596,-178.70445903192407,-163.0640138746304,-274.4524994214891,-187.3487819972729,327.80473132525697,-258.9058387283559,-361.3042534835091,2.866682162860561,-99.01857368747453,-233.22544443752247,-112.9690571899063,-82.50840233774886,-157.0611481214198,49.58894883067095,322.19943319671177,371.8868704522823,-102.94188361110054,494.58549864315586,-359.9631671347346,391.2626156135156,-4.320353698364532,337.25457864013384,3.769491503823721,-1.1145930191876374,-410.21657892342546,-205.78941565788844,-441.07987446116204,194.44159618995988,-137.05259341462423,1.369644089953311,-474.8291995846434,18.900211156168023,79.83618310252878,66.1998263063507,154.70524860522883,-161.8181118316325,220.83202322516937,374.21383800061767,281.58712569985823,385.35453030462685,100.64856006674799,145.15031504028133,109.04144164993983,-336.768212327855,-13.230882056825555,139.19097691294152,-102.4176207752559,487.01257748616547,229.71355283493983,177.33364114085322,-82.36924548030578,-499.9999999751292,450.2162635943483,-5.068221882261408,51.24172815603327,185.0403140812992,158.5962503604438,49.089928132650094,-1.6472337589848627,44.90085397663543,13.810424961181942,-109.66379151895157,191.74137644056967,-1.773132162575782,76.30233478933998,499.83713744710826,-302.4450137656177,207.26440515495236,318.92563814846153,301.44017408165826,-32.49964559976078,86.8284185140868,70.94274878255291,454.81541530615084,361.48981499465384,76.37185667591116,458.66239007483784,258.37274861067897,70.47873472182712,19.845850356125666,-241.4838574662406,36.48575661877319,63.99246732164933,-243.08604283234564,119.00441981233672,-197.8783187782691,-8.085305602378673,228.9090457498591,-52.951534547968784,288.6984550505245,155.19519263159475,-42.600623233877634,499.99999921849394,499.999996364875,51.46233245752123,-120.7656802245551,141.6315659033342,8.118825785497087,-123.9132003229685,-17.32714093674045,-51.99029960496002,-12.164514987901066,-70.55030254182341,353.17203248150423,150.65709459941513,100.94429010027706,-146.66951803208698,-114.93198443915885,71.40249067766506,-429.78727840678283,62.358396188237855,15.920890508977589,-99.12393124542564,-488.3753585366376,-487.575550050021,-71.92594700123075,-49.39759940639072,-4.069812641736002,-26.645928799719723,56.58250862601384,108.8344421892272,-51.22159639990711,2.875266753508266,-3.754278510538939,-8.913575375889467,-278.70320355932915,-221.44965487785782,333.2662618804225,-44.94056231011104,89.79639945874386,-36.74374105899373,-101.23874525336215,-58.91332111843336,10.9738852245459,4.892124371548807,101.88165919996061,-118.66876951943594,318.336413977092,-76.26985704326933,274.5386955209157,-13.20503774830668,-45.13662266668316,-499.9972143287478,-0.02785126977717313,-9.165308443685754,-65.40808018889857,110.73534910331705,-85.92954777112944,-105.57354235105244,16.847398315681406,-156.79947257775527,201.8480474645656,220.58113650313135,-140.40844298197288,72.75801146160714,-9.036644984827845,13.857406894178423,-123.94943246023121,-165.60378595591737,-8.16776858452606,-50.383753662039034,-49.37928575425799,-155.17825447064394,61.699026260085084,2.0105281350140927,74.01819244366287,12.898909287445335,-196.60383566388595,485.40924038556955,-51.33801826595134,-387.82395312940565,14.406392401434397,372.2542366413465,-450.4495031582437,89.81714467091471,440.9534165837403,-0.027851269828104833,-160.7052595440984,-64.27002127596575,340.1006160410207,-370.1741015623706,443.14587826391784,-499.7996539263558,-499.9486702205712,134.93934577481306,124.27855216322669,6.733893349264364,344.42858838858393,-394.62660487705176,-499.9999819961446,46.66081124173615,56.90363204604145,-365.4206691732815,-104.93763085567457,-7.49861631563316,-57.54487195686516
167,-0.010411071549556856,-499.9999999993439,499.9941551728343,264.2576015291983,418.97056592770355,-0.01562573305491861,47.77319933700983,266.1921785777884,-1.8040292546494856,-56.86185274810495,14.427574833094745,140.44785125046917,315.2997731439691,-122.01003304892986,208.61113351618778,242.38468211407536,406.36226276312027,499.99986223324197,27.614852130070986,-486.9475593016837,226.1073012130775,500.0,62.92706943943357,300.6130740758731,-205.62180533726394,-84.93048999389337,230.71384519318406,25.63225657700266,-309.2078764489911,-263.2147959333401,-18.901012720180866,-130.73770161908547,-91.18068809435394,-499.9534439143702,202.08439835575936,21.218887720385602,-26.20027617904035,-299.42917855373145,-82.18582004365585,-1.2396783909590807,-87.04542174107013,303.30380854378166,-323.88614702262566,-391.7144517854496,-398.6606379907957,-176.43689824382093,-6.359151835365001,-2.8513202695305337,104.64373496105061,401.16914462880544,382.0841443101423,-205.2121318515926,177.8477591829273,-262.1250149888176,-82.46426455797341,11.659290759920763,73.70806418641735,319.4171737391208,-1.1120946748413998,483.6307669763586,-473.91023039706585,-184.1273108361219,-119.08366401427675,-367.16239498018115,-243.6761535600398,357.60581638273266,-47.39480851620022,-161.53423611249283,-459.1511928570675,65.93507249006763,294.6151391554159,-138.90189705961697,499.97612116339286,-452.5564153746762,125.70979897760975,-414.8927365675888,198.36439999448245,474.96269325015584,360.19513277017836,-130.98300368018823,-29.781739159955436,351.4808721192669,-307.34919978799445,-178.71220828609913,-162.32777574628767,-274.9965717103768,-188.45796500864992,332.3374821263792,-259.16951060409446,-360.21605849475276,4.3787112191319455,-98.25740283194845,-231.75413906322882,-112.09717701233315,-82.64124012503241,-156.65865862634627,47.72015168050825,322.8055421285361,372.7640290142449,-99.60076205407611,494.56398242093724,-358.3472270026779,393.1748519733194,-2.045733585005449,337.7334381542194,2.4317644599030483,-2.065983826983129,-412.9592574829658,-207.02310126613415,-441.02654132715213,190.5966771671305,-136.84695866365357,1.5591383449547205,-470.80634048176955,19.9069896068119,77.83491655104514,64.16169811776604,147.86965283897803,-160.45692230913536,219.16589873262163,371.8519226621901,305.0970152074215,384.80661470301834,99.95784320374027,146.05787297940176,117.89348075744635,-335.11880688500287,-14.198196587609566,139.38092218360146,-94.20061276657789,486.98345249760496,234.9345054216304,177.44006281767403,-82.31332444273383,-499.9999999755041,450.0981666221614,-4.40036305239784,51.6945114879748,184.03706187412985,158.33158196597958,49.11633581473833,-1.5240511057149915,41.407349972820704,14.801593448671877,-111.09872492851939,188.50683869165042,-2.3026915975951425,76.3572119554217,499.8424313151891,-306.09622408236567,206.70757366198035,316.2240114076852,298.69437207427217,-35.23116619976609,83.04075340149633,71.57988324149923,455.4131384186092,362.81486359330677,83.42994206875233,460.3725072753594,254.93919339596638,67.38286817971424,20.344953102556264,-241.31186200465285,35.597430369130976,63.721516512044886,-243.16488638856586,116.77168852849096,-197.8665133043439,-8.518457631746804,229.4242405746161,-49.759089071329576,285.78504044194784,154.46160776752023,-42.509570394268195,499.9999995065668,499.99999720825895,50.0469700616839,-120.31416494763651,139.69956427121966,8.049703650468404,-123.99189548502234,-16.542936759234816,-52.765550879230425,-12.389783736654952,-69.32376519286012,350.9099564988822,150.49522861955344,98.96806195747013,-144.5930475063862,-115.7334236350539,71.97271491376885,-429.1480678113793,60.90803090238506,16.028003057169173,-99.34090504332671,-488.17919750770045,-487.488034093598,-72.2104644410632,-47.3070397568181,-4.3814942596365585,-26.278668857964256,55.20297768540335,106.8510782185943,-51.62176025584596,1.5137232706021666,-3.7433618580805557,-7.956388559535045,-278.97983769668315,-217.27420617135672,336.8071510822421,-43.45510660836754,89.39637667164894,-36.56072515838151,-102.66424101900402,-59.82121665408085,11.652483537656018,4.20460125271857,99.9889987574383,-117.12724144119852,317.52190222355995,-76.61234832430037,274.05475875902727,-12.771430284749616,-42.87113296825675,-499.9974470934383,-0.026055055705064004,-9.570846753939861,-66.29003621689459,110.15580415539968,-84.4370565258579,-105.98575267286083,14.445257552014057,-154.1130903549568,201.38550441936118,218.8606988881861,-138.83480616913008,73.37328340740281,-11.797073694583547,14.420884496199402,-121.43534674386471,-165.93910698947954,-8.601301008045931,-49.782359721253414,-49.10110810564144,-154.78004557340824,62.509362399068124,3.916592435021438,73.93753618774322,13.90931651998617,-196.37020135977238,485.52032420964275,-50.36292839590213,-388.1602514067573,14.322693545902089,360.48004211368004,-450.4234941559181,90.33515083560661,438.9601855586453,-0.02605505575599571,-153.83008694257805,-62.02794165711978,340.4004859741602,-370.28057350465224,443.2564229512365,-499.79854811819706,-499.94873462693994,136.01419899203404,128.36637017311529,8.18063591989005,349.34393889545527,-394.6652824713813,-499.99998200081785,47.26147392838085,57.33933560414223,-360.1675482455177,-106.57959373777655,-12.236978462115815,-54.2161390633803
168,-0.009739629595647368,-499.9999999993766,499.99423241345414,234.38499691842964,418.4866654091929,-0.014617981574174958,45.94251376309251,271.5165654551065,-3.1948140342971945,-56.78493318217742,14.431731231319588,144.29203372272838,315.05185593175895,-121.91188540924857,205.5442497337571,247.75523328315674,407.2452872244911,499.9998489326067,30.37528981644622,-486.3684582947889,227.4278455658519,500.0,68.16381333117523,301.4125620838999,-202.0473407465854,-83.04191079577652,228.90314233459068,20.911584047725682,-309.3101681113892,-262.1939235903647,-21.187324630512354,-131.2673256911036,-90.82844701057552,-499.9534451126557,201.6108730107951,16.965963162035095,-26.91923020493821,-300.3324037097478,-81.88117646151865,-1.1038640121027259,-87.859034637334,297.6951805938712,-323.4390140780424,-391.2896285514069,-398.8234326067341,-178.52861665456817,-7.0291228335457925,-2.9003780801514316,104.70727792790443,398.93668980176824,377.43679508208083,-206.2828761801617,177.8647883725529,-262.2786329710319,-82.03034728386898,11.428199575551886,73.84025497821297,307.84718311179563,-0.4449515320577216,484.2580813344393,-474.0347655298396,-186.37934312372798,-117.72446218397795,-367.59765040694776,-243.38068067685595,357.8931821067906,-47.17235437110939,-161.29056501649328,-459.4030673143976,64.31824374422476,294.30740964098186,-138.76346402318416,499.97794876333836,-452.53009390052455,125.56762960976006,-414.6209975719027,200.72152908411627,474.955190110459,360.2643423519789,-131.07803124063136,-30.201585527825852,351.67265307766905,-306.8486954687118,-178.73943796960097,-161.6091931239295,-275.50231647956065,-189.51197601567264,337.0347830260062,-259.3226477328146,-359.16076434315545,5.66349046637967,-97.55506429091004,-230.3175543556491,-111.24417580495222,-82.72811441684756,-156.27342183406557,45.86896195600249,323.5020495730675,373.6088854744806,-95.85412281661162,494.54453060532177,-356.61143774383135,395.0369141375882,0.4567290961749602,338.19674091841375,1.068590195812283,-2.9908584901863255,-415.5504195534632,-208.24034722731543,-440.9746401391638,186.28254762697745,-136.62944993088345,1.7460313446050078,-466.2716910882702,20.864041226913688,75.93709299306356,62.37822391706238,140.99220850327973,-159.0395753701016,217.54705181767386,369.48683118978755,326.2959900688494,384.28465921353154,99.16963771148835,147.1832171487329,127.05904104022062,-333.51966672230253,-15.202217769349556,139.65557056524196,-85.43318312270351,486.9543651200774,240.3962002955552,177.60083030405337,-82.25961345429427,-499.9999999758589,449.9924877810839,-3.851653142672029,52.13802160961108,183.05467166309782,158.07080728884782,49.22336929132117,-1.475052805455719,37.81849678675327,15.819602339396639,-112.42111162697857,185.18588434083236,-2.881603477363465,76.46595076281356,499.8471608557824,-309.6660022870335,206.19894944141203,313.47523439154304,295.91973928203396,-37.78933513845624,79.49215337145719,72.32155376001329,456.0483369296743,364.2238754875026,91.48161007208822,462.1674836448933,251.37790142736054,64.26555604794845,20.916085279757574,-241.08522031092687,34.65141569236208,63.53621208118579,-243.17683750795092,114.50138010347966,-197.80540118941283,-8.91685190084219,229.9258009896621,-46.504569258527546,282.85100955034864,153.72069153477395,-42.41767954537848,499.99999971097776,499.9999980013931,48.65105511133858,-119.88126158968284,137.76533022975445,8.049600867141807,-124.05836922586332,-15.63493165773898,-53.50982382862104,-12.6183547691327,-67.98381310673966,348.7358578149185,150.40630030370951,96.93869195604293,-142.25792379890933,-116.54765211061893,72.61729374729154,-428.51699471367004,59.62837748852974,16.185756211024557,-99.57798372737034,-488.0198471549084,-487.3968182773228,-72.44989626476992,-45.01794612269602,-4.876743154763246,-25.819442980695893,53.84433048878666,104.85710148877745,-51.90737323414812,0.13581075536096732,-3.7217655830321656,-6.8960648974720415,-279.2261672459585,-212.7891309610939,340.4550959553116,-41.73096941925815,88.99554346585168,-36.30779967375016,-104.09311532206074,-60.758704071913876,12.374237742052172,3.599299622685524,98.06910687117308,-115.43572474313804,316.90286027114405,-77.02880910877008,273.7996710220541,-12.373521347366589,-40.558733290469725,-499.9976521319219,-0.024374685209085988,-9.729567016558049,-67.05260572861206,109.6920358583779,-82.83023007115133,-106.44614770736518,11.793889902795803,-150.99489752481188,200.94204937789485,217.1197004270462,-137.1195336776377,74.06951005157111,-14.81519655347687,15.056272876821467,-118.81309282006758,-166.32408039313384,-9.035343289201377,-49.081097396510735,-48.76105462049146,-154.4121203050322,63.39510611672751,5.876064945398896,73.90980067271533,14.96384240333985,-196.15913887259245,485.62487472618864,-49.25996116426885,-388.5628073643736,14.293468645349282,348.49359122174656,-450.38736635581677,90.92377364868243,437.00797604300055,-0.024374685252741734,-147.36802360093736,-59.745933954608034,340.66568753427225,-370.42695315424413,443.35667169531695,-499.79921098159815,-499.9487964976348,136.95468282065036,132.7945629176437,7.5984631600159895,354.5153086787038,-394.71390868618806,-499.9999820053067,47.85476459069406,57.796028087992035,-353.98578845397753,-114.61983768516383,-16.669129286917475,-50.98855194387796
169,-0.00911149091088288,-499.9999999994081,499.99431418177903,201.17203155889734,418.20559200526145,-0.01367522295208871,44.673474063637386,277.02986074447756,-4.306315148991266,-56.72078992535702,14.488433408697189,148.2513667654871,314.9175971468879,-121.75678236154104,202.82162248022675,253.34751669229587,408.09745635972735,499.9998370043097,33.748787259447525,-485.70052335314506,229.3417601536126,500.0,73.54165127859396,302.47539652376486,-198.27986854028705,-80.95250318075722,227.09689488451747,16.798429105363425,-309.37008635289527,-261.162444997202,-23.471826429613003,-131.891911833994,-90.39742767362677,-499.9534462114949,201.49853215349785,13.311748573135667,-27.572644011340692,-301.22526106132364,-81.36279215691975,-0.9302957681955325,-88.5403139487441,292.1457738289878,-323.00186192979385,-390.8361031105959,-398.98381229699487,-180.47089057520492,-7.601589413906999,-2.8984464629187716,104.76876955505162,396.8073856904125,372.7391255666285,-207.287617443654,177.98421726136448,-262.415714364791,-81.59619283547188,11.261701823644245,73.99590141663019,296.42425270871206,0.22543470183001418,484.87288998951357,-474.1490619104196,-188.48574024680084,-116.40089813426721,-368.01000087658844,-243.0407234228271,358.233507170841,-46.921754203125126,-160.88619303461834,-459.6434377794661,62.33666435142798,294.0329243234527,-138.62366839984387,499.97963145813475,-452.50267530716576,125.50785585202975,-414.3581629677024,203.25557240569063,474.95499082160444,360.3483272433138,-131.136011828051,-30.33516610926966,351.8595252977369,-306.34794805685107,-178.75071659565506,-160.89851185922333,-275.97078527787096,-190.49698485563874,341.81389269577767,-259.3260307629994,-358.1386774053301,6.707149524913356,-96.88642608618002,-228.90761951489472,-110.41135004091585,-82.76285613213453,-155.92049690668406,44.1723994197732,324.27525957048755,374.42272621522903,-91.74587389463241,494.5269620087718,-354.7709605939397,396.81176951117976,3.185375075538332,338.64500491284963,-0.20998090958522092,-3.8720336533612283,-418.00925685130085,-209.43280836996553,-440.9242406150358,181.63049691321513,-136.39924649897313,1.9320554142968884,-461.1925854305503,21.778779465794354,74.13964327911506,60.792044960239416,134.14465963628146,-157.67785551194817,215.9743243953073,367.1301213954077,345.24880405381526,383.7870171048737,98.25571012204982,148.4471644087116,136.40499491473273,-331.96912488716663,-16.225384613162333,140.00374549961916,-76.24900293738703,486.9259440110533,245.98742876787156,177.80835478597015,-82.2074015669878,-499.99999997619454,449.89967755884766,-3.4219962615287827,52.57272078764078,182.17885124667092,157.81437872969252,49.41349567607247,-1.4966523439020036,34.126121671682114,16.817188375818446,-113.69138071459089,181.77335693177005,-3.503092379828849,76.62014741128696,499.85109509279494,-313.14909827569255,205.81648193749064,310.6847769523885,293.3327080122426,-40.194947970361234,76.2659646048241,73.16292532356307,456.7069182167247,365.7067018772588,100.1017956254784,463.9593600256493,247.6818469757791,61.19148118570779,21.5545050730335,-240.81793275832027,33.735244635110334,63.426483868759526,-243.14024146517892,112.18537992649593,-197.70860873043762,-9.277387486249873,230.46839718545797,-43.21912512766307,280.1101136176571,152.9557923673589,-42.34730300601039,499.99999984170694,499.99999865302965,47.26699945635244,-119.44100375112107,135.92570643236215,8.075479173069667,-124.11710496658814,-14.61995844718659,-54.233304765094395,-12.890788880699398,-66.54361178293016,346.7306656500428,150.34335223444128,94.97945674255222,-139.68885271020127,-117.38952857563753,73.32178090079475,-427.9422755464384,58.607863991405296,16.403380328204722,-99.84161068364877,-487.90843484611617,-487.3070513827016,-72.67738051517368,-42.551995188754844,-5.5848658623400045,-25.282670523466734,52.61166595854664,103.01490682947677,-51.964449818166344,-1.2661038930167052,-3.713540892479958,-5.735217360518794,-279.4619082084745,-208.16978009613118,344.15313958082277,-39.76578160578659,88.68185166120831,-35.9726854340251,-105.52759019954496,-61.72835425911088,13.143188555269795,3.1272700151491035,96.28565110521097,-113.62993442310287,316.5135889526284,-77.51033492673318,273.8064491936835,-11.992982402730295,-38.230097423048726,-499.99783339527727,-0.022802686739503884,-9.639999260724183,-67.67626601359524,109.37773859562847,-81.142497879057,-106.9500492424296,8.920541236955415,-147.5389304794396,200.57256229899298,215.53814072075627,-135.2837685908433,74.83163686882148,-18.059157286052834,15.728434286334782,-116.09765612371123,-166.75684738135627,-9.47597086250987,-48.32369976553557,-48.3697394453345,-154.08006662525014,64.32212080448785,7.864653290486493,74.0016268219894,16.083718942421147,-195.97504177670734,485.7263239162073,-48.055818883797976,-389.03376922229677,14.293186227992157,336.3822885671013,-450.34382247797816,91.55704363044345,435.11250434827866,-0.022802686783159633,-141.51445446922537,-57.49517200222536,340.8875969883496,-370.608727505236,443.4429244601465,-499.8020906810154,-499.94885595245347,137.7130694641746,137.38448010847532,4.569307970155214,359.70489498033004,-394.78717124682186,-499.9999820096184,48.41425938267425,58.2586435305618,-347.19815151796104,-129.72420492212845,-20.752690918578974,-47.95377473695181
170,-0.008523862909980452,-499.999999999438,499.99439892413363,167.33658141841138,418.357879875322,-0.012793265869668533,44.308355397991384,282.7213831014606,-4.75896702584816,-56.686797783044234,14.590217757680847,152.2918290718266,315.0256968608382,-121.54519948477135,200.84859520085877,259.15109699192675,408.8949315256741,499.9998279172151,38.066588704009256,-484.94352146425086,232.14953973505226,500.0,78.9870145620088,303.9821018825176,-194.35909251878428,-78.67343545656804,225.32017738383664,13.594600257493498,-309.37213825914387,-260.09754961906367,-25.729505863207162,-132.56937577198138,-89.88525950279326,-499.95344721651213,201.75794867465262,10.98191335792588,-28.077135775511792,-302.0953824954688,-80.51615510877899,-0.7213745920457527,-89.12735202736573,286.6845805390499,-322.57197010982634,-390.3622414314971,-399.12657097115635,-182.27994142675414,-8.06206015659247,-2.835119710938964,104.82827982963234,394.79471586907545,368.0062980598281,-208.23949092555188,178.2525757676227,-262.5236586456368,-81.1620507175934,11.164911176942791,74.17247095204611,285.21054131154904,0.9008088869502917,485.46955628683236,-474.2496024724677,-190.47415733888568,-115.11138522613496,-368.3888620590761,-242.65798274626195,358.61727768784885,-46.6446184758466,-160.3734512939919,-459.87289013942774,60.11797146602819,293.78857315856146,-138.4813009782593,499.9811756855519,-452.4743785447648,125.54094114614445,-414.1040083176005,205.9373242647546,474.9620845404983,360.4452861107677,-131.15683085969533,-30.21979322104191,352.04161289812566,-305.84802134413945,-178.69542945430675,-160.18137226937375,-276.40328195445005,-191.40487250635283,346.5987053510804,-259.1710872057038,-357.1483297681739,7.522273722856716,-96.21110762465403,-227.51122423079505,-109.59166575145838,-82.7316614087065,-155.61526186884097,42.81728917043946,325.1125016362711,375.2067810759712,-87.18612360165093,494.5111241586654,-352.84274208030024,398.4682496072789,6.2619218127215825,339.0787300658711,-1.245506933769038,-4.687261236873406,-420.34930745217605,-210.59309807787116,-440.8752631199134,176.76847333363028,-136.14968708116186,2.1213776036529506,-455.5282863228324,22.663368794470873,72.44157679095139,59.39938864872179,127.392226763829,-156.44501388443894,214.44898835461348,364.7897475755203,362.10507621150674,383.3126401869634,97.18773174373268,149.80816784584428,145.81956451763918,-330.46405625908596,-17.245029786543913,140.4155605056229,-66.76950235081735,486.89886634552215,251.61331895056514,178.0565727619208,-82.15530670754926,-499.99999997651247,449.81982371405775,-3.0897378083341067,52.99950392925082,181.52413015756036,157.57368378273668,49.71321263547165,-1.5617902290424528,30.329456931511526,17.764599458846774,-114.94327623468949,178.27193750832453,-4.13930853802729,76.82749689921886,499.8540448085673,-316.5347707349273,205.6670897396018,307.86959775895076,291.2236555167029,-42.4452967114638,73.50214000597141,74.10390487088787,457.3760587171985,367.2599215098481,108.9394679626436,465.6825947381761,243.85225602855897,58.25966119592183,22.264406555963326,-240.51732219271514,32.97049256310339,63.38620411985253,-243.06651413307878,109.82532282781003,-197.5853947775792,-9.581819618273327,231.12306854024115,-39.93404752049154,277.8502269465072,152.15760787189478,-42.31234372644449,499.99999991813144,499.99999913541905,45.90059375389282,-118.95615599665945,134.30517708049362,8.10796379023462,-124.1708345073556,-13.514303161758935,-54.94208773712388,-13.24588288533585,-65.01429052034854,344.9922965244087,150.28544873073665,93.25582615735946,-136.92965500959474,-118.27225173614754,74.08205818717455,-427.46949538697976,57.9633753555611,16.7119584075715,-100.13733005081399,-487.8549506789239,-487.2249814943652,-72.90267227725761,-39.936587991063426,-6.535356138518016,-24.669140637538682,51.64725509598804,101.54665088639652,-51.63743575804675,-2.6977546830826484,-3.724736312685176,-4.466789158723639,-279.69421271326553,-203.57121682071883,347.8452375639773,-37.550119382649925,88.58026921328876,-35.5260485204828,-106.96812136339832,-62.72840949414486,13.988594425565587,2.8713234459668175,94.8654812566178,-111.74187036969127,316.45471568539494,-78.03677001563112,274.1752134478961,-11.60709711778403,-35.90432046240661,-499.9979941906871,-0.021332071528166966,-9.260007360115697,-68.12195915473198,109.27600948587575,-79.39901093034969,-107.49094187654784,5.870232448536895,-143.84484081744327,200.35599262914133,214.3616453277108,-133.35185370601909,75.65686885470582,-21.483387269550935,16.41019568309237,-113.3015607073035,-167.23145231219186,-9.915152325785355,-47.529387482790625,-47.92770422288379,-153.78870044984683,65.27526824426354,9.868849791866358,74.31478345288453,17.297828189282125,-195.81899916785255,485.8285004756673,-46.762766043355875,-389.5629396534975,14.316174409062642,324.24018456207097,-450.29532807062304,92.21750262543644,433.29240267306227,-0.021332071564546754,-136.43814816746053,-55.303991084977,341.0636146212236,-370.8204780899003,443.51346500475483,-499.80744084078884,-499.9489131032585,138.30190790374056,142.015397229131,-1.2068570163453969,364.7579285500033,-394.8938911286684,-499.99998201376,48.92898885344035,58.72149474615435,-340.073140818492,-151.978025405705,-24.42714602236229,-45.18946503764836
171,-0.007974132756550404,-499.9999999994663,499.9944851596941,136.8237818582968,419.21658966146276,-0.011968188774960089,45.22566616212559,288.60175693979454,-4.088529340272989,-56.6921301581947,14.715073601369873,156.38315572475813,315.534610253538,-121.27158266728077,200.09741968464235,265.168166454739,409.6161567747119,499.9998227133686,43.695435446607796,-484.0992630766728,236.05212417238934,500.0,84.43705146385999,306.13466363604425,-190.33304732595448,-76.23474298826811,223.60034638538295,11.499728888420057,-309.29808496905184,-258.9828029041179,-27.94243596095007,-133.261996663029,-89.30413229783996,-499.95344813305417,202.2937834572951,10.80839041718271,-28.327073588695296,-302.9351963655434,-79.21903179165719,-0.4832488743448914,-89.68756512780696,281.3273546614772,-322.14627032200934,-389.87578572737056,-399.23188491562854,-183.9897193692926,-8.408120448757522,-2.6936658532833415,104.88587559857784,392.91203355853656,363.24757214334403,-209.1665401152917,178.7321029082031,-262.58778553101905,-80.72636161085366,11.14387523474778,74.36703999973028,274.2657491870002,1.582537948950188,486.04454282398086,-474.33117820165586,-192.403935123698,-113.85173148236271,-368.7196225501154,-242.2370113041773,359.0362489351106,-46.35037236591257,-159.83062478594243,-460.09197595685396,57.77402818525276,293.57226153697434,-138.33348912512807,499.9825890101388,-452.445307988694,125.67808378383712,-413.8580184732207,208.75180480215627,474.9765936031693,360.55419241845067,-131.13832982663294,-29.882810704908742,352.21903520513814,-305.3495010279272,-178.5060308644198,-159.43650051485756,-276.80167437744296,-192.2488352024282,351.323326934791,-258.92708386024856,-356.18771270515344,8.123354087727035,-95.49802934408706,-226.10866101040074,-108.77142829422863,-82.61664298757599,-155.37917826405518,42.01481547709255,326.00316915421394,375.96222610979476,-81.98287612686084,494.49689851119507,-350.84347591473284,399.9815823867369,9.886918227674508,339.49839893790227,-1.8546890515344747,-5.415184216215911,-422.58162830630084,-211.72060556691653,-440.82758178026376,171.8056857714902,-135.869782102171,2.3184507858568453,-449.2335744827307,23.530043606498047,70.84326770510877,58.23689478072757,120.78719284634136,-155.384937186119,212.97443518289833,362.47022330123383,377.054688996404,382.8612967457289,95.94191054003187,151.2526464911433,155.21330159934104,-329.0013427240455,-18.237195758089765,140.88257249077975,-57.09687422783378,486.87389807908187,257.1964963695085,178.34154782933,-82.10166383518069,-499.99999997681374,449.75298117257023,-2.815244971203537,53.41960244084991,181.23369994423666,157.36474090918995,50.15354823395036,-1.6444278400595107,26.431165819929653,18.64938522219706,-116.18448024241127,174.69031878905517,-4.764388380256037,77.10648331903373,499.8558844165491,-319.8105420028881,205.88400040275386,305.05457610770026,289.9463158716222,-44.52110671032672,71.38086578502823,75.14573125038117,458.0449056906916,368.8867524907206,117.74353567846994,467.29634883745007,239.89671408872235,55.58418783575577,23.05680262969396,-240.18745343455006,32.513935932636386,63.40713332220649,-242.96288882087947,107.42718662995517,-197.4441482517727,-9.803218190264731,231.9839331256042,-36.684591939991876,276.4217646678665,151.31945469191945,-42.32084381172457,499.9999999596327,499.9999994657312,44.56295606781816,-118.37669044677305,133.06298097136022,8.145147186098107,-124.22186672038748,-12.340886694357598,-55.64107780205367,-13.731211896498404,-63.41304318766189,343.6391677475586,150.22988270743602,91.97615905619934,-134.05385807221154,-119.21060245665825,74.89639424196373,-427.1408844640976,57.8400987628481,17.15669899107512,-100.47124780964255,-487.8669397047508,-487.1569241883952,-73.1216579304088,-37.213899278735276,-7.759804301268032,-23.97518363655347,51.12737212632545,100.71594447157945,-50.7506913640493,-4.166554704164481,-3.747170737086105,-3.0850499200373886,-279.919646754497,-199.1239219567332,351.48169010379087,-35.07071974514764,88.84038742773957,-34.933819298367474,-108.41629604102845,-63.75607627188319,14.95251453839609,2.9327302433435816,94.0760079660417,-109.80717657065838,316.861974744773,-78.58190574356337,275.03712203995644,-11.184652254858335,-33.59998773651474,-499.9981372981555,-0.019956300584770895,-8.484918929854587,-68.34502152490973,109.47808640938769,-77.62663807181744,-108.06433184654678,2.694053796655632,-140.0151381669854,200.39652052409926,213.8810895999265,-131.358910898439,76.54665441421719,-25.037119235248493,17.074693454080535,-110.44327003797264,-167.7399654833262,-10.336228576794985,-46.70024823247234,-47.42838106979517,-153.54476990148984,66.25480876066128,11.87708971675917,74.96452935608475,18.647003348158155,-195.68991255714414,485.93619192114573,-45.385848148819846,-390.1335471133125,14.370121698074062,312.1610197689209,-450.2429829563596,92.90045916720278,431.5668007449696,-0.019956300606598767,-132.27864788968705,-53.17523966478701,341.1945244498237,-371.05556175687286,443.56815443340406,-499.8152826411231,-499.9489680540923,138.77249113541652,146.62095392670372,-9.921613345775315,369.6024844477888,-395.0304435139148,-499.99998201773826,49.415085640770805,59.19969971830028,-332.81392085728453,-180.82496593544008,-27.619275383278577,-42.745118221196904
172,-0.0074598564600741185,-499.99999999949296,499.9945715668519,113.4483013525258,420.9184845581574,-0.011196323555798138,47.51331148821631,294.6617280099739,-1.8973606512006533,-56.749997244458314,14.817065549146044,160.49022164029668,316.5769649504177,-120.9367460959219,200.74355314982853,271.37905441808766,410.2413838119349,499.9998210903889,50.72862029035855,-483.1715552354732,240.99410011512245,500.0,89.83174238634479,309.0394405303367,-186.2624218429522,-73.69408811775632,221.9518883005604,10.356971669287793,-309.1359109420911,-257.8104236254608,-30.108461870483836,-133.9413072701496,-88.68926406522107,-499.95344896620253,202.87266043401783,13.211220419405207,-28.268747322296598,-303.74594327875303,-77.4219073358092,-0.23099021533481714,-90.32477397200088,276.0719195569442,-321.72669395811863,-389.3836186790325,-399.2803043117944,-185.6566679401608,-8.659203121499386,-2.4986278224619345,104.94162074552952,391.1687618911132,358.46524767127886,-210.11444902760948,179.48960927276104,-262.6023076690988,-80.28750843510691,11.169019472760732,74.57642098906965,263.6422055704167,2.263799785312498,486.59552755086855,-474.3899334256787,-194.37168664731453,-112.61775420924498,-368.9895840668005,-241.78938285989113,359.4834983365468,-46.06487849351965,-159.36895941851282,-460.3012148076729,55.39593896143404,293.38272321071963,-138.1785328241366,499.98387992709104,-452.4155221918744,125.92925791879594,-413.6196149002136,211.67902304376244,474.99825953593614,360.6745177304716,-131.08244490384214,-29.34939283104455,352.39190704990483,-304.8528685458346,-178.14152169396357,-158.6464717252242,-277.1734788759754,-193.0710040244337,355.9344197496388,-258.73795025079454,-355.25489052980015,8.5334578774786,-94.72749896787907,-224.6840177725865,-107.94408138464051,-82.41946553165731,-155.2462092751977,41.815314347130894,326.9347695548161,376.69018615079335,-76.10050099708394,494.48419845311236,-348.79077580562716,401.33482709275745,14.075965376378132,339.9044773493468,-1.9881391512532902,-6.057159789669177,-424.71724844186485,-212.82628299282032,-440.7810753011777,166.83157077124216,-135.5599355680145,2.5175101107053464,-442.2628439938969,24.37674739380555,69.34587578757153,57.31447218876585,114.35553906259604,-154.52498240732191,211.554618836751,360.17229541769854,390.2952119641074,382.4332967183886,94.49720573487282,152.76348488526642,164.5060790329812,-327.5784644638062,-19.194268650963966,141.39701648069035,-47.31795875569407,486.85157419116064,262.66889163014594,178.65960132476272,-82.04633814004022,-499.99999997709926,449.69910943810055,-2.5780931526982673,53.83287560709941,181.38645142957665,157.18641639561307,50.691886374301085,-1.7201583161338774,22.419837778509077,19.45944341885961,-117.41650147540271,171.02392601756821,-5.355865829484471,77.45548766576216,499.856560563493,-322.9674089197631,206.52778089098908,302.2562057929718,289.6627279584872,-46.41166710650162,69.95896756551159,76.27778816947531,458.7045573862711,370.59208790627423,126.34307816958726,468.77944691807807,235.80979675691094,53.16602376148095,23.929003839141846,-239.8374085368865,32.45494061630528,63.451532320840585,-242.84108353324723,104.97587849101288,-197.30159798003382,-9.951129836861169,233.1191627604824,-33.52563387365241,275.9833779863746,150.4162362456903,-42.37496377678813,499.9999999808649,499.9999996792026,43.23010166942559,-117.67147244268891,132.31328281737512,8.187265075833182,-124.27309595531845,-11.154077088700483,-56.33553371111311,-14.411437659804845,-61.79430265543413,342.7689901209112,150.17690664581332,91.25218579288584,-131.17066455173435,-120.22184658351381,75.7317041435184,-426.9996979146925,58.32302350930611,17.74337373839967,-100.85076102171526,-487.9498415173767,-487.10918278298067,-73.33109365197484,-34.45801814109927,-9.288056270852387,-23.22533905321796,51.14045922608861,100.61187452007638,-49.29329271127499,-5.688700056167746,-3.769741706977689,-1.6328879073779714,-280.1335731857485,-194.93094546907264,355.0196366607757,-32.34162904721656,89.50999491979076,-34.21563753295801,-109.87803204637078,-64.81893741209757,16.017333870010056,3.337236191222897,94.00068949280637,-107.88618997085614,317.6352111544608,-79.14285058375984,276.2706335019426,-10.69149429393693,-31.3637064199265,-499.99826506404185,-0.01866925752116061,-7.306440363270511,-68.34633851888498,110.01678004625836,-75.87754922923361,-108.66995698287693,-0.5747308695669279,-136.1614813102789,200.74852952366004,214.1962243491988,-129.3693389976212,77.47578847701688,-28.673757435089477,17.673554148200857,-107.57389812854872,-168.2758221440242,-10.735508179071314,-45.8494882116094,-46.88953323862561,-153.35761625176295,67.25280345696784,13.849212118278645,75.94335693185602,20.15126930626735,-195.58844615736214,486.0531608784568,-43.95417975792889,-390.75084480318515,14.45354040109098,300.2299528297421,-450.18712884699954,93.60298936957854,429.94990631444625,-0.018669257542988482,-129.15840296823788,-51.14646949700266,341.2828283637339,-371.3082572563371,443.60758400849454,-499.82539984912137,-499.9490209015232,139.11044691900833,151.16161554274433,-21.664202323194523,374.20409659160396,-395.19117693663776,-499.9999820215597,49.88205691834399,59.69468369880011,-325.5648916258606,-214.89308365262488,-30.292925400391912,-40.663886192811646
173,-0.006978747365339334,-499.99999999951797,499.9946570140642,98.27300974417477,423.24515778100647,-0.010474238197562376,50.599389263836855,300.78816841400703,1.7407848564647854,-56.895868162347504,14.835048294725736,164.55976244333985,318.12971640664284,-120.56992639829824,202.32055970647525,277.67638119095426,410.7542971957301,499.9998212815423,58.66417620871439,-482.16540747933715,246.54564208476774,500.0,95.10565926916503,312.5194398993754,-182.21486873544893,-71.12321449320754,220.35903307030063,9.603417183903261,-308.90099996770084,-256.58115286923567,-32.236251984302875,-134.59357689299947,-88.08895046606412,-499.9534497207866,203.16832106819692,17.57672510668053,-27.994241130040436,-304.5354713885857,-75.27657634490204,0.010097893049524381,-91.1696983128156,270.89696749049233,-321.3266879954837,-388.89187379630545,-399.2690257046877,-187.3505905598713,-8.851092673831026,-2.3425146129066374,104.99557715215867,389.56147458936374,353.6572014539398,-211.14165027249976,180.54678854462452,-262.58586372018584,-79.84760672918304,11.156680389022616,74.7979871027163,253.37134445397845,2.9235934223821816,487.12014761166256,-474.42896272530874,-196.49899550191748,-111.41103319394652,-369.2029069080217,-241.33296070301645,359.9522839509532,-45.834720221791535,-159.12459208888174,-460.5010962733055,53.04577801114974,293.218395190736,-138.02107449789943,499.9850570769662,-452.3850966591808,126.29334858885277,-413.3883144489268,214.66525423379753,475.0254979446321,360.80560265384497,-131.0020319527263,-28.657559509967257,352.56033970892173,-304.35896221998274,-177.6478087129454,-157.82137120121953,-277.53697561744684,-193.9223666073821,360.39306177228235,-258.7274877496468,-354.348451345367,8.813928616425372,-93.88000421083747,-223.247099389352,-107.12888067568984,-82.18201345540425,-155.25988499069913,41.9823571096026,327.8869329248054,377.39173729718476,-69.87517821832697,494.472946228139,-346.7067309366748,402.52140917004385,18.489935735137898,340.2974150122749,-1.840107985263175,-6.6509623524124875,-426.7654189981644,-213.92742831015312,-440.73566693876944,161.91448310215787,-135.248270850309,2.693072936182221,-434.57650552524524,25.177089367661264,67.94913415970127,56.55113220414623,108.08411310231679,-153.88007369856388,210.19191717486558,357.8937241590976,402.01304517378793,382.0288513881391,92.83282130118884,154.28464558487042,173.6121637432606,-326.1940893916482,-20.142494241674804,141.9502300730906,-37.51587717993623,486.8316066806293,267.9648626099092,179.00336365273762,-81.99276904288543,-499.99999997737024,449.6573561752022,-2.419467983658375,54.23544369251332,181.87230535039367,157.00518842454275,51.182017482188364,-1.7530582778539412,18.259630753608334,20.164516716695193,-118.65978412419493,167.2353794740939,-5.882724600810543,77.8250236443429,499.85613787181313,-326.0035327358083,207.4621418645852,299.46568249030673,290.0684440733128,-48.147151144066,69.02343795051729,77.46362634502725,459.3475438279632,372.36557155020495,134.63035115915636,470.12745126941974,231.55453987761638,50.815411480329814,24.83895507818545,-239.4848614582882,32.676427971673206,63.434720150496005,-242.7227781265761,102.41793020337062,-197.18641508031172,-10.107895536838315,234.4808403054248,-30.533791050081767,276.23201674375343,149.39223130813775,-42.464606265076576,499.9999999912201,499.9999998114462,41.81697302106798,-116.87569114932725,131.98917512960182,8.228204795769942,-124.32747434564354,-10.050234613732112,-57.02849673423237,-15.345981331086566,-60.26258616194187,342.3783196879647,150.12205077793317,90.91624559620287,-128.39496468553028,-121.32002579680301,76.50226674224221,-427.083331454992,59.31343866759181,18.386865586502616,-101.2825086177147,-488.10556700869205,-487.08795700370575,-73.53473785054898,-31.7695810284277,-11.131111984278208,-22.49086265341654,51.53825446739288,100.95530438009517,-47.5599642398738,-7.291820497959853,-3.7820009375742987,-0.22930266187789683,-280.33521387436946,-191.03733234294975,358.42812093343036,-29.437910885073453,90.41821625062562,-33.48134529038099,-111.36243088947649,-65.94284657129617,17.055317887898536,3.953914658400519,94.35045852629501,-106.06411459193835,318.24032650605807,-79.76623946076924,277.3010979125713,-10.114499846814281,-29.27312633746046,-499.99837947653685,-0.01746521965850645,-6.059451232279486,-68.20673156887936,110.76514974490232,-74.2317382827644,-109.30876094897307,-3.9358342598176526,-132.39236855686025,201.31592492127285,215.00551362601317,-127.47677715370206,78.37261210384368,-32.356952703769956,18.1353283282391,-104.78421388080874,-168.8358383728817,-11.142752927756638,-45.02591484969955,-46.3824083084803,-153.23411132582433,68.23091741502775,15.706202752225247,77.04751640341131,21.7528815471933,-195.51945807979442,486.1778572177519,-42.54533945998034,-391.4490362119539,14.53310090632967,288.50723431561426,-450.12910375114393,94.30637996716662,428.4409607901618,-0.01746521967305837,-127.13751969897491,-49.3104307593259,341.33534636215984,-371.5779612502585,443.63337594753955,-499.8372515094851,-499.949071734791,139.19640288353054,155.59425639266448,-36.25790736688601,378.5209257326254,-395.38766466234165,-499.9999820252304,50.27826089629544,60.13953645209105,-318.40051592281753,-251.75014947685963,-32.519984072383735,-39.00785468536165
174,-0.006528666511796513,-499.9999999995413,499.99474055352965,89.34226170705055,425.7921021418215,-0.009798722405885871,53.6335735189954,306.77951462658297,6.196935959778767,-57.17349931391323,14.727829715827196,168.53058242341118,319.9962320842235,-120.22287780947714,204.16963535007457,283.8852142683851,411.1476749668377,499.9998211999813,66.76585739437468,-481.0858993263464,252.13329999451577,500.0,100.19984032093524,316.20374396000847,-178.24636516954757,-68.572663505983,218.79154055453014,8.766814318571194,-308.6378743142454,-255.30098120932908,-34.32072011480675,-135.21908358003841,-87.53406088150773,-499.9534504013944,202.9162570252552,22.759291369346446,-27.666798983052193,-305.3071897086422,-73.07052862110035,0.21479845860232805,-92.32311588550287,265.77711204560643,-320.9640640790144,-388.40599495211944,-399.2187667963087,-189.1228988151767,-9.009009997222549,-2.301404459886781,105.04780564665205,388.0711254409881,348.82403370749523,-212.29365497308982,181.83920519565314,-262.5702079796159,-79.41380549172408,11.040708469841594,75.03043503096646,243.45378877043993,3.5404806156668194,487.6161150973345,-474.45709869371234,-198.87612996780436,-110.24026038174733,-369.38241479141055,-240.8820613654514,360.4343365543957,-45.70230561188189,-159.20403361129294,-460.6920815606924,50.74981681727575,293.0763597637085,-137.87096853259868,499.98612858469846,-452.3541768256421,126.74902662513874,-413.1638329817562,217.63914669646354,475.0556367606616,360.9461256278446,-130.9146738810928,-27.858038331506098,352.72444226934545,-303.86932296526845,-177.11724591019788,-156.99966577235418,-277.91227250973833,-194.82377441168688,364.67456030228,-258.90302386243224,-353.4678583600328,9.056254195849885,-92.9373289122726,-221.83305105748937,-106.35926935294441,-81.9537696807282,-155.45679354293074,42.2357562109417,328.83568453663065,378.06790922513267,-63.69622817956606,494.46302240741966,-344.61649108297047,403.54559034562664,22.784345831473363,340.6776461131108,-1.6428512411547596,-7.235519017935704,-428.72864813224044,-215.03042166449958,-440.6913543577622,157.0959520906759,-134.96949677375204,2.817557578669209,-426.1521802967572,25.905965703223398,66.64825051394003,55.84168320827463,101.94263821736688,-153.44564620773488,208.88601417440043,355.63221503030263,412.37480784136943,381.64735143922513,90.93848562833625,155.74241627082256,182.45653384836532,-324.84854695059994,-21.116505865315325,142.53260499099574,-27.772616473055116,486.8129424066956,273.0360627300203,179.36207264745724,-81.94564934281618,-499.99999997762734,449.62543268659965,-2.4020985457378696,54.62140047721598,182.48173695325306,156.78899852858757,51.51829205553196,-1.7030794932493538,13.928881328348101,20.7275719319858,-119.94830163708853,163.28570787914816,-6.310457089150622,78.15663555433291,499.854812878861,-328.92106251399525,208.4651311324384,296.6654974345631,290.6842126798261,-49.78337778104786,68.28903359354186,78.65721868034281,459.9680495972817,374.17116763426185,142.55180673566812,471.3497100373792,227.09482317798674,48.34679588987604,25.726476738062335,-239.14338286073112,32.952262695494355,63.282633583945454,-242.6273726350132,99.71134525783039,-197.12046839408484,-10.35597265860794,235.92549643649974,-27.761966845893394,276.6968852691938,148.2057841646928,-42.560176262610106,499.9999999960793,499.99999989088474,40.25655709772903,-116.06724275514794,131.88689335769863,8.25795582619954,-124.3858474057297,-9.107226021971236,-57.716248135362406,-16.533578404998007,-58.89822084458722,342.36502079912606,150.05830952407055,90.66698472571149,-125.78569081412618,-122.50731498798875,77.13705967065748,-427.39795360261076,60.6071144758723,18.994484038953253,-101.76828335327475,-488.3281981284111,-487.0978690335398,-73.74091049258485,-29.2165743458525,-13.264462513831198,-21.82526726309898,52.066977577651734,101.37527237164947,-45.87739655879358,-9.002164923253583,-3.7738144554641386,1.027648583667233,-280.5273473738033,-187.41838081490394,361.69348261441024,-26.451004159250175,91.34086885061785,-32.82973085678889,-112.87525783490109,-67.15265371144805,17.951268001808774,4.621298736951835,94.76180370526998,-104.38776622357878,318.167257220821,-80.50419983014325,277.5919443420112,-9.478273907033092,-27.363125916210805,-499.9984822266985,-0.016338833994819262,-5.269459681981732,-68.00852929434059,111.53810895872631,-72.73443687211709,-109.97679010895216,-7.392113440504045,-128.76077356630913,201.9262276932901,215.9124185499538,-125.74640868255193,79.17827791378731,-36.05599584160514,18.427352631663243,-102.13612490228986,-169.41695866256063,-11.596490785368422,-44.28037649076222,-45.98066058598867,-153.17206249287742,69.14585877990372,17.401530676872717,78.08463171370303,23.33925654020987,-195.48670193562987,486.30357949960296,-41.23244454778494,-392.24000384655284,14.56513004316071,277.02026786363786,-450.0720435465691,94.97897575944249,427.0242953200006,-0.01633883400937118,-126.10816769250097,-47.70256048474897,341.36540666090167,-371.8693958218676,443.6491846257078,-499.84995691829346,-499.9491206359108,138.97314331564917,159.87129285420704,-53.05930809554642,382.51712327820206,-395.64277957711124,-499.99998202875645,50.516197282574154,60.43090195490968,-311.32932991236885,-288.3686069674614,-34.44033770780555,-37.81852379627345
175,-0.006107612741894623,-499.999999999563,499.9948214749409,84.02587410126252,428.30052240207436,-0.00916677267639057,56.15702308223107,312.4841635762012,10.786551969276374,-57.589052698080174,14.50094667568991,172.3695986767597,321.9635907072168,-119.92659670169382,205.99983017332784,289.8764055777174,411.4299091373615,499.9998195319628,74.62556756720761,-479.93744830970223,257.41788256274316,500.0,105.09230719502247,319.83828642607784,-174.38532135697693,-66.05419723699377,217.2486868493581,7.784996939300076,-308.3863515546065,-253.97539187455277,-36.3240480563331,-135.82129348222867,-87.02206314670723,-499.9534510123844,202.05509270327823,28.040267447239373,-27.36502921156226,-306.0516150958413,-70.99437915523416,0.3740031672622917,-93.78156965512586,260.71391616970027,-320.6432495285308,-387.9299217046383,-399.15613329341187,-190.9686619638775,-9.126685138452396,-2.3531998070486133,105.09836617207205,386.67348881857885,343.9781688191121,-213.56849817523653,183.25184831077914,-262.5679194399861,-78.99282903725373,10.842171600009271,75.2736120882102,233.8707226147645,4.11674596917101,488.08270784977634,-474.48104211441176,-201.4919463203665,-109.11296138288854,-369.5483729278641,-240.43679628624176,360.9205437948003,-45.6678936688859,-159.61060160263676,-460.8746051878253,48.50423929867645,292.9528897184191,-137.73322752014,499.98710229640506,-452.3229940673476,127.26278247406167,-412.9461612332488,220.55892745042343,475.08668280254074,361.09440621605864,-130.82555165929065,-26.990359544059658,352.8843227834635,-303.3858943680252,-176.5907333958565,-156.21171696797293,-278.30392349280834,-195.75663390677062,368.7671598280643,-259.1973261160043,-352.6135821820103,9.335700946131809,-91.90153142514687,-220.46777409309323,-105.64755937477187,-81.74528405104878,-155.84876890095705,42.48835393747568,329.7669441738353,378.7196874187155,-57.667430412479774,494.4542395514948,-342.5392666911672,404.4212226861909,26.895284349436604,341.045589895762,-1.4620862758529958,-7.811450480268572,-430.60097555502983,-216.1232793604022,-440.64821519247903,152.38850810680202,-134.72532433101023,2.8916451396201643,-417.00096986136714,26.573775100945994,65.43399841505102,55.15334905466178,95.9290042196278,-153.1832255003482,207.63543023915963,353.38994319055695,421.5227210937025,381.2872668919159,88.83543439549128,157.12051068726865,191.00963843386285,-323.5435696785851,-22.113414735355942,143.13688495271623,-18.152700321008655,486.7947473335876,277.8744952025187,179.72765009732782,-81.90523458042638,-499.9999999778715,449.600294708448,-2.5309413619137353,54.98906459058473,183.11129047966804,156.55343548340306,51.75210831445383,-1.5526888220911417,9.467898958775457,21.14204285621563,-121.29220358493596,159.19288875822488,-6.624662408248188,78.44511312280913,499.8528555740153,-331.7173725042249,209.44928950560254,293.870219521009,291.2967071634371,-51.353458562323155,67.63252104804985,79.83983056604447,460.56327862294864,375.9642565934607,150.10409967916533,472.46406969688206,222.45190554707878,45.748086410525346,26.56670720464866,-238.8110480608426,33.17291200551111,63.004825851488256,-242.55566779123293,96.88760921790733,-197.10120144266074,-10.692332560016917,237.3544529229065,-25.18293122908381,277.17308833987335,146.886384621317,-42.62554653535847,499.999999998289,499.9999999375566,38.584747539330614,-115.2906086699326,131.86884008808053,8.269068918068099,-124.44626426317642,-8.311139121278508,-58.389650559194514,-17.89334923284719,-57.68004747306061,342.6307143639501,149.98111186834694,90.36631014986328,-123.31519408346105,-123.77498926572152,77.6596745414642,-427.8976458449207,62.09517928776212,19.58178446335867,-102.3056564791169,-488.6013252362634,-487.13903096848094,-73.95894778128971,-26.77960092012225,-15.643707698463752,-21.195230023028238,52.614924976876736,101.74434205327113,-44.32020596488321,-10.83258009387791,-3.7403655115335215,2.1607582292824468,-280.7154094426103,-184.01352324026706,364.81650625727616,-23.40326676171282,92.21285425747011,-32.24896083395008,-114.41333212299689,-68.44459075806492,18.73228041174951,5.303180773933713,95.12790240484834,-102.81639251503833,317.4897643224379,-81.34493558330954,277.2347341061575,-8.825775295541014,-25.574311491174182,-499.99857475814366,-0.01528509235755763,-5.110269095692049,-67.75323815680414,112.2747235918517,-71.341607534623,-110.66458875171783,-10.909112256196147,-125.23016207850706,202.501402323013,216.78204252282242,-124.15756580583322,79.91756952590549,-39.73612605936457,18.602830088059985,-99.60233959518729,-170.01075439822776,-12.097212845442389,-43.611001562288926,-45.680468384057896,-153.1608180326586,69.99699049795815,18.980466556791256,79.0321999328169,24.850425995045057,-195.48384033575522,486.42427672562974,-40.00365855542912,-393.0850679584631,14.546118834599145,265.7770184094497,-450.018781937739,95.6053411161617,425.68129049013027,-0.015285092372109545,-125.76023057617658,-46.22485583266818,341.38907400256915,-372.18504834730896,443.6603336811301,-499.86253640544896,-499.9491676800301,138.55556554642686,163.9755500017296,-71.03430911562124,386.2108636679235,-395.95923745778026,-499.9999820321435,50.574051039745044,60.53483587464456,-304.3192813866189,-322.1532410308833,-36.14896829450664,-37.031418907907174
176,-0.005713714024501806,-499.99999999958317,499.99489937608115,80.72024952692719,430.69843367316554,-0.008575579332569262,58.16946470906802,317.8692648070087,15.198360816235622,-58.10034274235988,14.199803300286728,176.08253873377944,323.92436768446703,-119.6688502347899,207.7974646234858,295.60984103871937,411.62338396660607,499.9998157853707,82.159337276189,-478.72456425419887,262.3550675560496,500.0,109.80168281123058,323.36794565851653,-170.64002216788998,-63.55396009568538,215.77077209859183,6.7743709739940705,-308.1559391439341,-252.60789556808223,-38.18787600490331,-136.39872795232552,-86.53286621686246,-499.95345155789585,200.71311886108484,33.231718798900324,-27.073855056032787,-306.751493286358,-69.06954349740737,0.49979285827804487,-95.44635693323912,255.74199936504772,-320.3530190166743,-387.46540910547793,-399.09312739503923,-192.8390956281809,-9.175765229723424,-2.4299513468984384,105.14731648060035,385.34925147813675,339.14343696085695,-214.9180576192502,184.69845768049845,-262.5671233940677,-78.58466369481886,10.622786622843448,75.52732105071385,224.60500655395515,4.673743061825109,488.52109505069143,-474.50243194271053,-204.24148093020082,-108.02805514573075,-369.7023858586824,-239.9848080895373,361.4038875949337,-45.69423797937259,-160.25222168719736,-461.04907702192867,46.28931208334202,292.8451919833397,-137.6028029646796,499.9879864249094,-452.2918053012457,127.80675803614389,-412.73553181952417,223.41796646359714,475.1183905406408,361.2494831237014,-130.7257390190491,-26.07074181057356,353.0400878368368,-302.91028589346223,-176.04853056852713,-155.45566528110004,-278.70072349020285,-196.6922393984229,372.66621574049054,-259.54613523311565,-351.7868320058813,9.676786213999458,-90.80336789795014,-219.14787674083053,-104.98065549427407,-81.53376712380562,-156.42646619711354,42.7719778390931,330.68021583748873,379.3480152597888,-51.7660896906643,494.4463998374597,-340.483930779069,405.16747935651114,30.872422233963082,341.4016512047639,-1.2629960852602822,-8.352361320940055,-432.3743517967417,-217.18821626659383,-440.6063804813035,147.78503613847883,-134.48798003727111,2.939452980454637,-407.17884999281307,27.21336063013269,64.29755008569022,54.50186150849399,90.07555794062192,-153.03436027717996,206.4405072864031,351.17520378557657,429.5760938550242,380.9471423561411,86.57822789468624,158.47261377214116,199.27465786171874,-322.28170296959433,-23.097789382888646,143.7600950413487,-8.691602460887518,486.7771203279087,282.4987160414284,180.09754182004576,-81.86705893019635,-499.9999999781034,449.5798138494346,-2.76624482780813,55.342709915171355,183.7769494838437,156.347169726727,51.99774511416434,-1.319422549637549,4.9507863243500845,21.439534122164314,-122.66494112229331,155.02098954074302,-6.842690776951844,78.72808911764442,499.8505193164314,-334.3831279701403,210.45295635637098,291.1308849475579,291.9197107622366,-52.86014377491354,67.04514811160925,81.02359231026101,461.13313844183114,377.71584680458176,157.31963296538925,473.49008780842587,217.69170265224295,43.09390466784797,27.37683452324512,-238.47936537428373,33.359904502582935,62.66278171384752,-242.49564027892768,94.018593084884,-197.11636031771866,-11.065838049450798,238.7687718124242,-22.714904988492872,277.676185270019,145.50630636643274,-42.64561549937046,499.99999999926814,499.99999996454966,36.886113661313864,-114.5378512970358,131.92442700738843,8.259001021484089,-124.5071159949423,-7.590367763431549,-59.04493286813775,-19.331130117707257,-56.532131861113896,343.1322687660451,149.89010557789814,90.04000035245004,-120.91637405416853,-125.11674090577574,78.1443088696594,-428.5063006123589,63.78098210137405,20.222362293321904,-102.89483431871585,-488.9029752541158,-487.2058268485159,-74.19774993136453,-24.391474919930094,-18.234797686518508,-20.53022890666207,53.20560542362349,102.10280737132959,-42.82053636904341,-12.798925017132424,-3.687882743131745,3.2489244040757037,-280.90693791115353,-180.77174604071124,367.802609189834,-20.258545332589136,93.0765866666598,-31.676000701540286,-115.97604463042929,-69.80053041444461,19.494712139323063,6.03921182942284,95.49990297174182,-101.27762324997278,316.6629692768557,-82.23073702309142,276.7199201152012,-8.182563771902519,-23.82263586134447,-499.9986583075954,-0.01429930975765609,-5.263485449078232,-67.40892008358162,113.01885149417654,-69.9731951765502,-111.3643577541392,-14.43202794073422,-121.73198883776737,203.06713822399882,217.64845758488292,-122.64242323319888,80.65737746326346,-43.364377264284194,18.74202854767808,-97.11587234102801,-170.60596553505255,-12.612418883557185,-42.97654613818942,-45.42131790801973,-153.1904535871888,70.82063370657654,20.520374058860888,79.94602747250283,26.31199256583614,-195.49751073498044,486.53813902335827,-38.78936813902278,-393.93215838698774,14.512699660525303,254.78279549417277,-449.96908872353134,96.20072149264229,424.3977886961139,-0.014299309772208007,-125.72108187254574,-44.754143760428306,341.4181795134516,-372.5188058913719,443.6716936954899,-499.8742605295243,-499.94921293635673,138.10687216116486,167.93166527751268,-89.17095378757804,389.66662088315184,-396.3096884116083,-499.9999820353972,50.52309427913134,60.51305405383114,-297.3325805618724,-351.67437930806915,-37.675695473438026,-36.48037312618797
177,-0.005345219054812432,-499.9999999996019,499.9949740862405,78.61556666363938,432.97406777788177,-0.008022513880171615,59.808451875802895,322.95697451178495,19.398993394898167,-58.66042914265588,13.875026621695248,179.68118129095512,325.84548755344684,-119.42323696492811,209.55576379746,301.07937056579806,411.7528313610279,499.99980987271783,89.36513698381042,-477.453782377305,266.9969536055201,500.0,114.3571726188038,326.7935134583618,-167.0203870834973,-61.06006913723448,214.40403683693802,5.7819840148293,-307.9392677077883,-251.20473874993925,-39.85861299900238,-136.94946448473348,-86.04960953770184,-499.9534520418594,199.0791396556161,38.29258291620598,-26.772664831659494,-307.39150323323054,-67.25837353969695,0.6148532780404943,-97.20674738988062,250.89673586034172,-320.08049797440384,-387.0133079673011,-399.0289591704378,-194.687916833192,-9.12821675531993,-2.4989464596803077,105.19471054432506,384.0838198942036,334.34340008771846,-216.2861019296,186.1430994085748,-262.55402069496176,-78.18482024307663,10.410874085649912,75.7905792115221,215.64472502415302,5.228719139369695,488.9330336690763,-474.52142864898553,-207.00751015656107,-106.97988993333458,-369.83634972984635,-239.51245188085352,361.87972866286924,-45.74324772205893,-161.02161832555439,-461.21588466574656,44.079781365833625,292.75195989569374,-137.47195007648097,499.9887894633579,-452.2608414069563,128.36173423177937,-412.5323322200245,226.21251595790923,475.15141518086426,361.4114175961006,-130.60757771306857,-25.110559762962563,353.1918404139419,-302.44376992710374,-175.46835146312,-154.71634134934445,-279.0906077216936,-197.61198428803948,376.3646321683315,-259.91089771038105,-350.98927571626723,10.060083930688048,-89.68809412184528,-217.85961369103194,-104.345974534958,-81.29825758472039,-157.18073378232197,43.100059814535555,331.5781048262201,379.95379602472605,-45.98895690793666,494.43936534246143,-338.45632879870834,405.79920605688426,34.73546557653324,341.74622101231444,-1.0316602730406648,-8.837216277866387,-434.0470076100581,-218.21462832513623,-440.56601080244,143.27320664731536,-134.23597792454504,2.980495983601224,-396.7849337677783,27.847137536898114,63.233777600894534,53.89305568310935,84.41136150115435,-152.95720561067625,205.3034743416813,348.99827802795437,436.6382568492418,380.6264356992308,84.22751684674975,159.8509618147007,207.245026998947,-321.06604246363565,-24.044705250476067,144.40054708812715,0.5924549431637071,486.7607276831323,286.9160986367777,180.47076897641193,-81.82707988512809,-499.99999997832384,449.56349156106444,-3.0808584446026734,55.687228948531946,184.49568295092496,156.20307397010063,52.300746069598425,-1.0423224609436519,0.42086274160109755,21.655243291825705,-124.03483181196687,150.81515640108537,-7.002009732563734,79.03062797227821,499.8479816918752,-336.91122035631673,211.50173769177064,288.4942521312708,292.5677428172709,-54.30598792303396,66.51654491071442,82.22095349797587,461.67733741857,379.4113893086463,164.23663717857715,474.4435635286486,212.86123599349997,40.42127055290291,28.176105282394875,-238.1451972399601,33.536500837864665,62.29180445061118,-242.44001942585518,91.14378844303269,-197.16615632966415,-11.450711987204375,240.19149267335786,-20.299992970996275,278.21780131219185,144.10964923348723,-42.63423934690877,499.99999999969236,499.9999999799868,35.20186784596185,-113.79072771860419,132.0636493136506,8.227502304293662,-124.5697855976271,-6.901228996679708,-59.69042669215773,-20.80455368074556,-55.41178649833233,343.83507039469396,149.78706624213027,89.71268467794654,-118.54822020024767,-126.53748082092206,78.62911928200788,-429.16407626799247,65.66135553881087,20.94238010513831,-103.54330801886593,-489.21500937015713,-487.28969940372195,-74.46508169638126,-22.014649278011905,-21.02250598299677,-19.8035767213866,53.856372657904494,102.47118355054289,-41.344791771832355,-14.943967018805354,-3.632401859201074,4.327406972337966,-281.11002941812126,-177.67282914369184,370.65493243610064,-16.99871890112627,93.95147378614553,-31.086238913218143,-117.57943303917443,-71.22112034680323,20.284472399993913,6.837670123201986,95.8998547294393,-99.73996407876513,315.9783140946603,-83.12584404762632,276.3535709043536,-7.549529521451925,-22.07449048161901,-499.99873393815034,-0.013377103354733357,-5.362881562932408,-66.98365018587693,113.79601872060606,-68.59286148572804,-112.07476500847807,-17.92922331380885,-118.23870817948334,203.6484735081511,218.52587384029596,-121.16187228488612,81.42630855087705,-46.923584843721315,18.879061581574895,-94.64321257639175,-171.19648770748557,-13.121026398253743,-42.34946905769438,-45.16222908225922,-153.25795606258524,71.64390551106304,22.055235056315414,80.85403945520247,27.76178536504235,-195.51917390545347,486.64574415186814,-37.55036635640948,-394.75385965806936,14.493392836943341,244.04186094387103,-449.9204396423983,96.78870281758219,423.16277228725727,-0.013377103369285274,-125.73227900160072,-43.24202008851643,341.456505209271,-372.8602731390383,443.685753175095,-499.8848043912454,-499.9492564698879,137.71033658276036,171.76910118536264,-106.84944916900514,392.9399075579857,-396.66097086687176,-499.99998203852266,50.44794725297653,60.44555684850148,-290.3583414000841,-376.6477976297334,-39.03980657796265,-36.00483825273621
178,-0.0050004894363307305,-499.9999999996194,499.995045450391,77.13181729639008,435.12165245071236,-0.0075051172892747296,61.16774795716441,327.7614642538906,23.397167782990675,-59.252761786886516,13.550732234124444,183.15559911625536,327.70688715560874,-119.18079810416025,211.25326968065573,306.269652606149,411.8331951973788,499.99980181742984,96.2245425219176,-476.13543703026863,271.36298419693134,500.0,118.77700951529626,330.10413382264676,-163.55249516320688,-58.582667938374314,213.17171085189807,4.814361648583938,-307.73212988975496,-249.7773137566166,-41.29971762644147,-137.47676100468348,-85.5675978524196,-499.9534524680066,197.29373121563776,43.183189582687056,-26.467756505499132,-307.9625451811836,-65.53945278140637,0.7360213063055325,-98.99307361753846,246.1911496395822,-319.81934856868776,-386.57568556028053,-398.96253468513135,-196.48932618216583,-8.971778944585907,-2.564660092828174,105.24059899954153,382.8646844961909,329.59383898620575,-217.63530540063286,187.56736838288893,-262.5243907923448,-77.7908737691424,10.19992765154022,76.06228957632163,206.97547789388534,5.788058020544952,489.32001141822883,-474.5387865990324,-209.71385804552682,-105.96553033469547,-369.94649829539213,-239.01332418323278,362.3429550000428,-45.79406431342809,-161.8485243502566,-461.3753952404861,41.852619245842384,292.67234969083984,-137.3381092129272,499.9895195042523,-452.23033286605107,128.90906863535625,-412.3370411493621,228.9279621584304,475.18603958303186,361.58037399126783,-130.47208413808335,-24.13158609822011,353.33967852039154,-301.9878124281502,-174.84920864546106,-153.98780882313176,-279.46802705857584,-198.50698798581118,379.84899985936204,-260.2731622118108,-350.22284563286496,10.465006279767561,-88.59028488696325,-216.5980067873319,-103.74307633468048,-81.03364068331369,-158.11519036193826,43.45601851197726,332.45734169114627,380.53789477657233,-40.34100880088247,494.4330402719376,-336.4680537734651,406.31873750991605,38.48164528004854,342.0796769227649,-0.7822208420989034,-9.260812927043322,-435.62462000834944,-219.19936179302448,-440.5272810667541,138.84467337456067,-133.96838670382468,3.021116719475021,-385.9480169141164,28.481566227733616,62.23966154494602,53.32078874226784,78.93951062483154,-152.937164878411,204.22561652017816,346.8662052375815,442.8051606248749,380.3250109789338,81.82111690997918,161.26362820829,214.8954282973507,-319.89984042905917,-24.95664158246306,145.05523574329047,9.684584197420158,486.7460875260997,291.11082313100746,180.84478810663322,-81.78393207486266,-499.9999999785334,449.5515831722427,-3.4684576750686276,56.02459782463573,185.24851863073488,156.12368084004302,52.63551101096514,-0.7522546064773489,-4.117897131799746,21.8035589380725,-125.38892131590349,146.58192615503475,-7.133318366111357,79.34805331513637,499.8453588044985,-339.30271487200383,212.57694341712602,285.97556762941514,293.21856963193284,-55.70484587511809,66.02711154324102,83.42762717549147,462.193476900138,381.0373002781174,170.88216120983697,475.33573502508176,207.96984812464802,37.729247686905424,28.96451653724029,-237.81009821960595,33.687092350385065,61.888709465779364,-242.39058374200494,88.26319785611442,-197.2635178880611,-11.851640778363334,241.61461994902527,-17.929522327234217,278.7735361365652,142.69920055421403,-42.616784149994,499.99999999987267,499.99999998874426,33.52980913617317,-113.0462320221715,132.26046887184697,8.175813586504033,-124.63750528077524,-6.244621832894936,-60.33958380352468,-22.313631877838585,-54.31990920306474,344.6804231148977,149.67508048605637,89.36875012584875,-116.21108296344318,-128.0492644160332,79.10984800609067,-429.84689529467045,67.69407812336885,21.722206357966343,-104.26479334231746,-489.52784668685024,-487.38357055280824,-74.76442714287602,-19.65526520423837,-24.002677809598264,-19.031114940788925,54.54725620448651,102.8309265532097,-39.902112482522234,-17.33809454841647,-3.590251427345033,5.388371778733552,-281.3300166780796,-174.71103486656804,373.3749057862123,-13.645154041177243,94.82143210216717,-30.491804720427737,-119.25197599182448,-72.72833357206864,21.091715980403016,7.671107812194386,96.3125668313535,-98.2098903715995,315.41992031488195,-84.03397698401369,276.11073537226355,-6.921288952726937,-20.336615209262877,-499.998802566664,-0.012514372826560064,-5.32585549645329,-66.51733282996744,114.59025272268848,-67.20891106747159,-112.7965614932492,-21.392697025011522,-114.76101205530043,204.23700670620028,219.39745603066038,-119.71713478307306,82.21129639335517,-50.40705917082932,19.008102624170935,-92.18845061750247,-171.78148776789777,-13.627938886916333,-41.73059134742801,-44.8999498121787,-153.3631449356389,72.46683386293564,23.579469000246164,81.75291801591551,29.202678660069402,-195.54761991907864,486.74740870238094,-36.29528540218312,-395.54510144599624,14.48837352469295,233.55428170090815,-449.8711197843242,97.37738815222153,421.96705479269616,-0.01251437284111198,-125.68578949922488,-41.69407989239083,341.5026579691488,-373.2030465013008,443.70267461657824,-499.8941372578984,-499.9492983427896,137.380440144798,175.49526530009098,-123.81709720920081,396.0552589370096,-396.99468985124184,-499.9999820415251,50.386290695464595,60.36981318473194,-283.40119548130235,-397.3899880078698,-40.26928464245408,-35.522953339625225
179,-0.0046779925213285625,-499.9999999996355,499.9951131889842,75.85208169346754,437.1436463708359,-0.00702108924041804,62.29447763503725,332.2838754092259,27.193684238195384,-59.88270810077128,13.229069805334086,186.4804400664738,329.491763497244,-118.94667597321154,212.8893388129413,311.1565952869189,411.86781084941384,499.9997916727492,102.70305937155823,-474.78446158331894,275.4498787680324,500.0,123.0675736845039,333.2972603724008,-160.27672640458175,-56.14658649095791,212.0803609165733,3.887052812118695,-307.5344449449477,-248.33880210869188,-42.48728489232889,-137.9865369957243,-85.09096298867696,-499.9534528398789,195.4390507140249,47.885828832584444,-26.17263135659508,-308.4602172520084,-63.90335606873509,0.868500631644362,-100.76853680352322,241.62450715965736,-319.5673546974557,-386.1562854674335,-398.8959958583699,-198.23197398158925,-8.70872727960366,-2.6360515278527554,105.28503039827677,381.6814252030118,324.90485006655086,-218.9447769022857,188.9524714953388,-262.47809490681976,-77.40373635816388,9.979986323864795,76.34204721831158,198.5800198839008,6.353688440979496,489.68323062531346,-474.55512057128743,-212.31854992270704,-104.98520347525157,-370.0341786982098,-238.48758409113535,362.7865490614689,-45.836402683333084,-162.69357345695505,-461.52795635154683,39.59188940182675,292.60510421267765,-137.2026586167219,499.99018382134585,-452.20053564350565,129.42800616033597,-412.1501665781378,231.54574319985105,475.2219159647704,361.7559521300001,-130.32403452330206,-23.161268830700237,353.48369582688025,-301.54402801695403,-174.19786436812961,-153.27147265663544,-279.8315139237187,-199.37315308108455,383.102419741179,-260.6240225681989,-349.489435692856,10.885750693559041,-87.52342632160742,-215.36395201589656,-103.17595011907761,-80.74253759207518,-159.24231998828492,43.822459226387046,333.3094971158034,381.10114015393646,-34.833339875559126,494.42730884434695,-334.5372077233725,406.7168512519726,42.10268999850794,342.4023836551836,-0.5291813816808216,-9.625615889486243,-437.1152705896397,-220.14205497774708,-440.490360532816,134.49657641278898,-133.69155829364996,3.0628674586857585,-374.81261952889247,29.11898355825767,61.31229074308732,52.776327491730484,73.65107577389433,-152.97469585372312,203.20597810873298,344.78246003705794,448.17038702361185,380.0422005280884,79.3694027641661,162.6974806296713,222.19520446565303,-318.7859272971409,-25.846637717666678,145.72087381707095,18.569722221704396,486.733372786364,295.0575016593243,181.21625195841904,-81.73724225220495,-499.99999997873283,449.5440452883147,-3.9310720323393498,56.35533997123028,186.01235111539964,156.10176853429115,52.9710010720025,-0.461529491669096,-8.67009477935777,21.885267348952713,-126.72728651241123,142.31786331439886,-7.249721242732274,79.66693678944968,499.8427352388307,-341.5633685289158,213.65777783952893,283.57173695318784,293.8569705217324,-57.073388181652405,65.56350570776081,84.63122317508129,462.6776985649433,382.5782435959438,177.27556608975178,476.1751934635903,203.01631038998525,35.014659333680356,29.733665838746518,-237.47574804911184,33.78946461718683,61.4446045989676,-242.3515850062798,85.37084747406271,-197.42368242288416,-12.276388394484847,243.0190643701702,-15.608275460374673,279.32733023838745,141.26949515891928,-42.614175204682915,499.999999999948,499.9999999936842,31.865852984950504,-112.308696687954,132.48114630166768,8.10906555644498,-124.71358804281363,-5.6287444963420725,-61.00423458080362,-23.86091524392751,-53.26282491859532,345.60529234062346,149.5603389305542,88.99250625346066,-113.91917523543636,-129.66513581880608,79.57761452149302,-430.54984727427245,69.83325925184405,22.544457265061325,-105.07586777929856,-489.8376873781551,-487.4835618604012,-75.09228636196659,-17.327019455495005,-27.17178013245233,-18.231174327448343,55.256281257118665,103.16576600249047,-38.50201367675958,-20.068073032449647,-3.568915434859346,6.422812646485745,-281.56650578267687,-171.88057713988275,375.96576599924583,-10.228819634791954,95.66992855135626,-29.905197103442404,-121.02821110847995,-74.35107125689292,21.89976938737,8.51295422682607,96.72602625972628,-96.6949669868331,314.88114041576375,-84.97109454128191,275.87354888793345,-6.297446375524455,-18.615810840134575,-499.9988649863774,-0.011707282499308008,-5.239608097441118,-66.04522531332753,115.38190810762049,-65.83234326411615,-113.52860210352218,-24.81967470031221,-111.30862571336822,204.81936678095997,220.25036810969164,-118.31520520361907,82.99679810534124,-53.80932087937535,19.122328251517356,-89.75827521998025,-172.36096332389508,-14.14652084103546,-41.128369656581896,-44.640638901811286,-153.50433108648872,73.2798216155876,25.08579458721537,82.63612538538575,30.62373425553409,-195.5835350975671,486.8428251330833,-35.0405095303269,-396.30615443814935,14.48708336340062,223.31817522416696,-449.8212158167639,97.9622809500907,420.80364579868245,-0.011707282513859921,-125.5399352185173,-40.12331781547508,341.5548851205832,-373.5461815484715,443.7218515389488,-499.9023380392042,-499.9493386148798,137.1115167065837,179.1054334914192,-139.96461455473707,399.0221900381313,-397.3052874345195,-499.9999820444092,50.34253124912752,60.29038226168647,-276.4659333517584,-414.43063668261516,-41.3876437380513,-35.00976403748755
180,-0.004376294389546388,-499.9999999996506,499.99517691589693,74.53654781439376,439.0494911953553,-0.006568277589016884,63.220814246045144,336.5240686597142,30.80176852673226,-60.55789754474214,12.906289727281088,189.6307147190842,331.19064941273535,-118.72582704583381,214.47104474342945,315.71810790902754,411.8545755626936,499.99977950187264,108.76819599024856,-473.4202847320898,279.25373934084473,500.0,127.23239340138353,336.37895859070187,-157.23753690018015,-53.77913766819115,211.13501690677865,3.012866948085917,-307.34604799623935,-246.90032011053327,-43.4023366018942,-138.48304595980196,-84.62641528337603,-499.95345316083717,193.56885837224462,52.401632254551885,-25.8963474888198,-308.8820489938339,-62.34255220316987,1.0112396980701945,-102.50889152924606,237.19620389230812,-319.32322871305087,-385.75956399603643,-398.8319050148348,-199.90983918396836,-8.346464014628172,-2.714539931903801,105.3280519801878,380.5252446980994,320.2839781896785,-220.20037630810185,190.28374090110393,-262.41461266271233,-77.02493844834783,9.748714330489053,76.63052122568344,190.44117304935278,6.927136112544639,490.02378084198193,-474.57074057536454,-214.79400194888797,-104.03945880308382,-370.1013908886681,-237.9375193252318,363.2027624781119,-45.86399545767413,-163.5298796520681,-461.6738968614893,37.28685568106885,292.5485602320232,-137.06674368262608,499.9907888609297,-452.1716895161843,129.89937904734424,-411.97215932190096,234.04943173820124,475.25840007689163,361.9375473655524,-130.16689811630522,-22.22364737068471,353.6239832628559,-301.1136494851956,-173.51957425484053,-152.568478596665,-280.1806665214013,-200.2087492530406,386.10962310320963,-260.9588258334451,-348.7905961633776,11.322558091348895,-86.49082259635884,-214.1578100940699,-102.6470414915836,-80.4274720461038,-160.57548687273953,44.188535125631226,334.1248655410341,381.64432608225417,-29.46592828908958,494.422027360379,-332.68439551365014,406.98048723208797,45.59757058236987,342.7146935161236,-0.2804805971250278,-9.934587157096775,-438.5257496129207,-221.0428227013617,-440.4553910645335,130.22932391137576,-133.40827318632518,3.107421050424236,-363.53100478578546,29.762981620276374,60.44983587282922,52.24995619306288,68.54078459039215,-153.07236136689843,202.24279309158766,342.74889871886484,452.8252622173695,379.77676779354647,76.86771381878285,164.14513406267005,229.12284454426964,-317.726424000603,-26.723834418953,146.39599498174218,27.2362653598699,486.72258076395656,298.7365130205729,181.5822560068335,-81.68640304837422,-499.9999999789225,449.5402908727202,-4.4718007866128096,56.68001893780136,186.77271300409544,156.13535147162696,53.297635414362325,-0.17447069522918293,-13.23627898541013,21.89945974995481,-128.05243331707285,138.02564988714724,-7.356402669707987,79.97943132100772,499.8401719242614,-343.69830133910983,214.73527670226514,281.282133008868,294.477639080025,-58.42605959565147,65.11493436237826,85.82137794920186,463.12605185587483,384.02123243661146,183.434856354772,476.9688335273856,198.0051847911559,32.28182879844596,30.477501689102965,-237.14302355547997,33.82672887344794,60.95792257949675,-242.32628918857165,82.4680398560646,-197.66149183115232,-12.72750647823149,244.3919535708346,-13.330414548480737,279.8732277693344,139.82254075155672,-42.642463418370724,499.999999999979,499.9999999964603,30.21488580305486,-111.58097097973076,132.70098235300705,8.035740696764197,-124.80123382050874,-5.052262645255855,-61.69445589059756,-25.43929773908737,-52.23689472132542,346.5579791622454,149.4513782917244,88.57679081902226,-111.67924569547313,-131.3987461476975,80.032531586825,-431.26908903678,72.04088149495283,23.403512088770956,-105.99452365255472,-490.1425109405363,-487.5878372085087,-75.44070611857654,-15.03341288077206,-30.525993789052485,-17.411629265785415,55.96936185927947,103.46844763032585,-37.14309323432129,-23.22820187666251,-3.567003093514227,7.432049701906844,-281.81409740639816,-169.1757062358703,378.4325580128368,-6.775431350975462,96.48904883471108,-29.32981190520001,-122.94512800136405,-76.11806585730422,22.7034765379445,9.348346105947916,97.13716537794842,-95.19306113665058,314.3214740712179,-85.94716407086196,275.59855139538587,-5.680361356399833,-16.909098752483235,-499.99892188569976,-0.010952243827045129,-5.1632785936229695,-65.5885659677579,116.16053981552217,-64.46295755779049,-114.26804878008168,-28.204366488549663,-107.87876277792965,205.38835533585436,221.0794400667686,-116.95401041842646,83.77783798656964,-57.12491977762856,19.22464039491439,-87.34921438346157,-172.9340645855031,-14.686223903632861,-40.54581606631639,-44.3851430633524,-153.678025318011,74.07774289228234,26.576064811793607,83.50440909283543,32.02122179132737,-195.62601586106794,486.93162460257946,-33.790926600966664,-397.03591969318825,14.483013381572503,213.32930939278697,-449.77137023568037,98.538557543355,419.66674909651067,-0.010952243848873002,-125.25936285430892,-38.53624803615132,341.6125552498503,-373.89046673025655,443.74296299672403,-499.90950917561605,-499.9493773435362,136.89734171309163,182.59802351080177,-155.22436349587989,401.8486901535519,-397.5918263957069,-499.9999820471798,50.31526246885419,60.20559413896207,-269.5556213523485,-428.3527237430577,-42.41153128677468,-34.45313526994023
181,-0.004094053736388923,-499.9999999996645,499.995236220274,73.05463369060732,440.8471731880166,-0.00614466920857001,63.96362996095588,340.4817182286334,34.23785459247337,-61.28346376367689,12.578161521520288,192.5850734259907,332.79766947817654,-118.52067782603011,215.99943808936786,319.9345906457972,411.79089186848444,499.99976536751564,114.38310385415153,-472.06642923678476,282.7657474114074,500.0,131.274028429873,339.35217729240316,-154.47821093999138,-51.50710956260503,210.34232495623422,2.1939327288752897,-307.166913859583,-245.47080711336324,-44.02747466035678,-138.96881782335683,-84.18091281642475,-499.95345343406984,191.71916232260824,56.72741396444492,-25.64814760063915,-309.2260614347381,-60.85450351678956,1.1621232722065937,-104.19939176784642,232.90675929073183,-319.08633884884114,-385.38990775608363,-398.77217690190736,-201.52115866639105,-7.8926922856173265,-2.8014318562858778,105.36970927253262,379.38767731969534,315.73671847097984,-221.39267542911466,191.55251161128285,-262.33354833537845,-76.6554026912624,9.504175624864,76.92950563516952,182.54027637176603,7.508793098106838,490.3426636546323,-474.58603467932284,-217.1221606425417,-103.1283781818132,-370.14977260061715,-237.36561475091318,363.58452323101926,-45.87560056917884,-164.3407015492016,-461.81352801746635,34.92859444669132,292.50110477129493,-136.930509927909,499.9913403610063,-452.14396345857557,130.30789679849408,-411.8033608635847,236.42494360620168,475.2947747165477,362.1250183589788,-130.00326672461745,-21.338605104547344,353.76062955554653,-300.6972200054294,-172.81976625810483,-151.87954035717667,-280.51583348282304,-201.0134108288746,388.85817110606996,-261.27573898028317,-348.1274521425452,11.775009470613002,-85.49481435060412,-212.9796703600097,-102.15803244014587,-80.09088886255822,-162.12603444386642,44.5387919363154,334.8940264293821,382.1682133752923,-24.245519867140903,494.41706692229036,-330.9303530651938,407.097372462659,48.95493441656633,343.0169468413315,-0.047024073302791174,-10.190988961320594,-439.86138904599227,-221.90235248670737,-440.42247710536975,126.04523404597084,-133.11883158594847,3.155332952914179,-352.2577786511272,30.41632397779907,59.65376716432067,51.724217330096735,63.60725754527323,-153.23518075836026,201.33516660622524,340.76646250957793,456.8562209543225,379.52756083448674,74.3076202053583,165.6051008748939,235.66290473133378,-316.72277241627063,-27.59354177454598,147.08173521462527,35.67676695865212,486.71366113319726,302.13395006319655,181.94067420954167,-81.63081610710962,-499.99999997910317,449.5394478306885,-5.0956186487877595,56.99905101049358,187.51573236169648,156.22578191463603,53.61397907939221,0.10492045590422805,-17.82041178064444,21.844742096325284,-129.3683711112538,133.70930233902277,-7.458187798107983,80.28065874585054,499.83770783644377,-345.7112459119284,215.80229364373085,279.11170262706526,295.07194543767577,-59.77653577236791,64.66760176638513,86.99009817314523,463.53502277983597,385.3563563027719,189.3748090770495,477.72171999780664,192.94271119800948,29.534768466433025,31.191657221119645,-236.8130516671574,33.78016677552324,60.42827663038204,-242.31785508094495,79.55650965225321,-197.99235393905528,-13.206915375972772,245.72066505812992,-11.085526022447167,280.4015975957857,138.36175653188573,-42.716100096425514,499.99999999999164,499.9999999980167,28.582652575163724,-110.86576890324383,132.89638048559948,7.9633743713657354,-124.90369696688174,-4.511649752690502,-62.420818682599375,-27.03931896236886,-51.235741352079486,347.4942230962581,149.35504412011508,88.11244160165614,-109.49187418005423,-133.26550429312962,80.47590401867815,-431.9996090996471,74.27637577827157,24.293980899967558,-107.03766106539477,-490.4409106168269,-487.6951794768001,-75.80239966540333,-12.77567712697545,-34.06255182330909,-16.577776330572725,56.67090835477275,103.72865662470085,-35.82390515522967,-26.90651436198159,-3.580311848742267,8.418756143260687,-282.06625773816694,-166.59208619477266,380.78040959796044,-3.313042862900895,97.26995465235576,-28.768421202777034,-125.03628971794764,-78.05712535666859,23.50027515007385,10.164748156799618,97.53986271570696,-93.70052380045851,313.7482235053311,-86.96750517599722,275.2942767908497,-5.071914089164091,-15.21243911039983,-499.9989738638296,-0.010245900010361908,-5.099799685150318,-65.16306293388786,116.91560872724952,-63.09789654431944,-115.01199032977891,-31.541804646962593,-104.46649298712146,205.93597124652018,221.87694605415334,-115.62942374632021,84.55196426401349,-60.3507316719741,19.319352732539148,-84.95525701694193,-173.50012814171455,-15.253998149418582,-39.983583713270384,-44.133818715162725,-153.8808402271817,74.85842401577683,28.053373737505854,84.35770470606617,33.39444500949965,-195.67396122779488,487.01351576803717,-32.54759078462435,-397.73430953391824,14.472414113008584,203.57689398634025,-449.721927997751,99.10408969133324,418.5504476213942,-0.01024590003218978,-124.8154920752725,-36.94594772297987,341.67538885030876,-374.2361769504985,443.76589453799744,-499.9157621495948,-499.9494145838167,136.72017281538035,185.97441670574753,-169.56847787681482,404.5399138020365,-397.8558516902842,-499.9999820498414,50.3008580610792,60.11308850270423,-262.67618924494457,-439.7088122338716,-43.35752694667733,-33.84397410070175
182,-0.0038300154009608704,-499.9999999996774,499.9952907106928,71.30898340162375,442.54126578448717,-0.005748380277256304,64.51961961823723,344.1542003013358,37.50526010491929,-62.06436713468425,12.239029476045603,195.3230934462329,334.3064514504902,-118.33438205757687,217.47121643284316,323.7867969522626,411.6746552537297,499.99974932163093,119.50367031024714,-470.750102889628,285.9686616180516,500.0,135.1932909985084,342.21587300541876,-152.04086301786077,-49.358242412977376,209.70803041874885,1.4259951203271828,-306.99823371861663,-244.057632029852,-44.34663682658187,-139.44556143545933,-83.76169526526886,-499.95345366260136,189.90791286468868,60.849639945329834,-25.441044558224032,-309.4904997263174,-59.44377567471342,1.318523639566742,-105.8347421939348,228.75435130971698,-318.8570798838885,-385.0514994074956,-398.71910612991553,-203.06882540701767,-7.355748783209397,-2.9007426859576126,105.41004599278551,378.2598696592239,311.2662018801565,-222.5172110428002,192.75273523391303,-262.23555799270065,-76.29598056737495,9.242191193039412,77.24224676044547,174.85425892698433,8.097398195951481,490.6407168729714,-474.60156957818367,-219.29517698243305,-102.25209596072007,-370.18150991754624,-236.77473904794851,363.9257895003788,-45.876394626510745,-165.11872619578673,-461.94714471889296,32.510582172735404,292.4615584018605,-136.79405662100604,499.9918434061192,-452.11742949396387,130.64200069862204,-411.64398247342626,238.6588545079357,475.3302653275565,362.3190369399195,-129.8358476709215,-20.524216645434105,353.89372107368814,-300.29445318621026,-172.10595368175487,-151.20670365714412,-280.83843833821203,-201.78720593893007,391.3375677117693,-261.5744023345825,-347.50063965635843,12.242162411902076,-84.53665473935492,-211.8307674148398,-101.71100472537971,-79.73646039188009,-163.9032177497545,44.849944519348185,335.6075853012423,382.6735313008682,-19.188527899565425,494.412347229172,-329.2958841020082,407.0563163602509,52.150770022758365,343.309472446326,0.1554760372723986,-10.399216780019419,-441.12668266707357,-222.72190506078232,-440.39167637714536,121.95021792321958,-132.82392507816564,3.2049821232478566,-341.1431794246384,31.079896796013884,58.93053413137182,51.16843718805505,58.84923207747237,-153.47405014121844,200.4836518241016,338.8350408424117,460.34275803440215,379.293978257132,71.68124830839139,167.07646898916533,241.80283858294897,-315.7755240085341,-28.460241608976773,147.78230087695312,43.88542285675646,486.7065204830536,305.2386529202986,182.29012827709715,-81.57009378335898,-499.9999999792751,449.54051164772045,-5.810761045708663,57.31242471083638,188.22390740991278,156.37405913963096,53.91645999165973,0.3732264178113839,-22.43545437841009,21.716680172254403,-130.68404410563207,129.3703971898393,-7.559520450499563,80.56538021631397,499.8353657606135,-347.60574271642093,216.8485278406763,277.06589246785387,295.6262589204021,-61.13982103568655,64.20236902021051,88.12993100635265,463.901436885144,386.5754352784552,195.10559553666354,478.4375078021786,187.8330550356071,26.775160143982436,31.871093081266704,-236.4871301808855,33.62623839177918,59.853877343855686,-242.3297842931957,76.63508894977281,-198.43185425925662,-13.71754793143314,246.98856930268911,-8.863330276265918,280.89775404943305,136.8883098681724,-42.847477039433954,499.99999999999665,499.9999999988883,26.973426734504496,-110.16810485684809,133.04040119888637,7.895915415319328,-125.02363675602624,-4.004580212096764,-63.19389812088923,-28.651288079449216,-50.25345317972238,348.3737027004947,149.27422307250154,87.5846560947029,-107.35442647005597,-135.28110311009422,80.90712155508909,-432.73843309427406,76.49371903228744,25.208713483324324,-108.21641499666403,-490.73209582717794,-487.80464946480197,-76.17258250111276,-10.556256620436798,-37.7772377158817,-15.735185452126862,57.339901700306285,103.93029625891336,-34.545675056366015,-31.161136423772227,-3.605556438090312,9.384331890689916,-282.3180541063874,-164.12584330888683,383.0143352148337,0.1253655703326267,97.99901675951448,-28.225833035844357,-127.32027067882262,-80.1917248269305,24.28459808906448,10.947464586426225,97.92237589226454,-92.21433114157381,313.16754241150534,-88.03571494906737,274.96951329604354,-4.47447664155019,-13.522692075053254,-499.9990214438296,-0.009585109872849891,-5.042507559330292,-64.78188217048043,117.6311591299015,-61.73442428998446,-115.75764673291891,-34.82891584404942,-101.06658353619355,206.44965890075883,222.62997947339187,-114.33790909739056,85.31617783850511,-63.48580989787954,19.40993762217898,-82.57033326152126,-174.05899483524718,-15.855937852245834,-39.4433719432599,-43.8897700482857,-154.10970610001263,75.61936501519234,29.519832275976462,85.19356734773454,34.740492327660284,-195.72679601918043,487.088114972013,-31.31173604315339,-398.40317530932174,14.4516341187447,194.03996663995645,-449.67310082351713,99.65709528893629,417.44812662775627,-0.009585109894677764,-124.18944093649539,-35.38055434091316,341.7430512912337,-374.58330495009363,443.79052272228336,-499.92120559074243,-499.9494503889439,136.5429012467653,189.2357302808775,-183.00310730406116,407.09543344082635,-398.1030593671863,-499.99998205239814,50.28742439912224,60.00514804585318,-255.8363315529557,-448.9810750757806,-44.24476585238165,-33.1825751474407
183,-0.003583005120101521,-499.99999999968946,499.9953400191073,69.22786044040667,444.1355308656599,-0.005377648343503105,64.87629084316653,347.5378380743986,40.59806856891205,-62.90523966105421,11.882961497733092,197.82513743026084,335.71090059846654,-118.17097830298808,218.88450498362596,327.2565579100402,411.5041965351615,499.999731408658,124.08483741461451,-469.501687187243,288.8417491588216,500.0,138.98997084217578,344.96829677604853,-149.96620627767402,-47.36026024711773,209.23682907646327,0.7049314615421854,-306.84193613734374,-242.66599915329044,-44.345019311224696,-139.9135267517688,-83.37603323091105,-499.9534538492998,188.1413612737472,64.75342315745567,-25.289699768992968,-309.6738451557265,-58.11854387316502,1.477036220685757,-107.41431003798088,224.7368958001045,-318.6363953557281,-384.7483676516452,-398.6756824984954,-204.5578276224786,-6.744791275354563,-3.017071292459877,105.4491044216819,377.1322944197725,306.87426705065536,-223.57211527936832,193.88080022340165,-262.1219112277637,-75.94761271495754,8.95856100527242,77.57399338970309,167.35487727410168,8.690837620192958,490.9185980593848,-474.6180386777259,-221.3106732219539,-101.41084595487547,-370.199353427839,-236.1682025548488,364.22154005279816,-45.877311828568466,-165.8613274298264,-462.07502643709466,30.02970760905603,292.42936865761845,-136.65766802783955,499.9923024676385,-452.09204331847315,130.89428149167537,-411.49407715350685,240.7384425185293,475.36404175518857,362.5212862021839,-129.66702940291506,-19.79658037602143,354.02334202071785,-299.90399983823045,-171.38668571063104,-150.55305020545552,-281.1503972135316,-202.52984136582054,393.5388288348806,-261.8550012321693,-346.91015971413754,12.724799383196203,-83.61543788100123,-210.7132024716288,-101.30782902612162,-79.3684761561336,-165.9137537381081,45.09315498721527,336.25616949536993,383.1609790232904,-14.315412665724656,494.40784936098316,-327.8018675980632,406.8470523907396,55.15066642830383,343.5925880340009,0.30960392468146936,-10.564155878244812,-442.3253109358213,-223.5027534667694,-440.3629885779206,117.95557303913382,-132.52460870395555,3.2532709132521025,-330.326061006184,31.75350338166664,58.29306060736479,50.537844274228355,54.26657881674562,-153.80610556967162,199.6906319560817,336.95377444292745,463.35655464282087,379.07613637732806,68.98221260783936,168.55860722890543,247.53328789611228,-314.8840886986635,-29.327386094108345,148.50599496421518,51.85708913477204,486.70101915503705,308.04217061126036,182.63018768339174,-81.50389906758154,-499.999999979439,449.54235807977426,-6.626746689871449,57.61982496830998,188.8781379026866,156.5813813082949,54.2005867727636,0.628774324690981,-27.10290817896235,21.507442588322267,-132.0140300884657,125.01021768095345,-7.663411675779122,80.82917787134696,499.8331588049986,-349.38484012518774,217.86247044509452,275.14983664884755,296.12685344066557,-62.532192828995925,63.69588219268016,89.23463007660104,464.2223856095897,387.6719721436589,200.6350937305377,479.11908239530345,182.68047400433372,24.006090290675893,32.51082142684286,-236.16616499368877,33.3397266340689,59.23380761380236,-242.36515402912673,73.70204338027025,-198.99444239213676,-14.261046010924659,248.1774756356124,-6.650948951381052,281.3471804104539,135.40331162629818,-43.04612037019682,499.9999999999987,499.9999999993762,25.393095780305735,-109.49471459246514,133.10519826383927,7.835208207228845,-125.16237918295,-3.5274905413199913,-64.02303775185382,-30.262475917482536,-49.28187155375606,349.1608915089839,149.2095299537649,86.97644721715534,-105.25853851462449,-137.45944563612937,81.32618735997438,-433.4851911073644,78.64654209324729,26.142702814940485,-109.53239434209472,-491.01573885229664,-487.91573175998104,-76.54667022967305,-8.375417476034881,-41.661596242541805,-14.88734870477027,57.952997082340936,104.05584528749125,-33.308132771491266,-36.00145451151479,-3.63990932719866,10.331987226809057,-282.5656998377032,-161.77101378830258,385.13979730107224,3.5064672061269158,98.66040057467808,-27.706240054665027,-129.79118983413076,-82.53619347809368,25.0497792536831,11.681513944659326,98.27177610213097,-90.72971539570914,312.57746693435496,-89.15191167492354,274.626143673436,-3.891990685551725,-11.83525517979014,-499.9990650835606,-0.008966934640687223,-4.991467499372857,-64.45343381088654,118.28754047272339,-60.36731878299111,-116.50181836166881,-38.06175616642474,-97.67073998616942,206.91385398338042,223.32437951078762,-113.07412977564246,86.06929000429902,-66.52920849432999,19.501686884155077,-80.18583655572229,-174.6103028268198,-16.4954293290126,-38.92722132908208,-43.65719380588387,-154.36129732600045,76.35844680244253,30.978840300564663,86.01009777943332,36.056142511215924,-195.78370782679295,487.15490665528176,-30.082535983498683,-399.045389961804,14.418258876327046,184.68574786953246,-449.62515262286644,100.19565164810352,416.35220014939335,-0.008966934662515096,-123.36607805768709,-33.8833976930226,341.815358772568,-374.9318998960431,443.81674669823093,-499.92593654764,-499.94948481056446,136.3086643800583,192.38334816266303,-195.55443062697933,409.50959696558976,-398.34424612582654,-499.9999820548543,50.253557736168375,59.86811620416062,-249.0439213557014,-456.5716576782142,-45.09415831240379,-32.4789396857998
184,-0.0033519248863238217,-499.9999999997006,499.9953838052575,66.76926279040443,445.6336755671452,-0.005030825439292437,65.0194105691805,350.6297721698603,43.507908313625926,-63.808822645522994,11.505361132982467,200.07376009251757,337.0065987193572,-118.03401715915656,220.23884381170592,330.3279975492614,411.2789011414337,499.99971166975837,128.0841986104487,-468.35386307927274,291.3644798433959,500.0,142.66369401966668,347.6081560936054,-148.29197705525883,-45.539439655848305,208.9334241856157,0.026970583558057686,-306.7000351762976,-241.29824656654407,-44.008977231858616,-140.3706918198121,-83.03058916050212,-499.95345399688347,186.42032128430802,68.42548054709881,-25.208330299360004,-309.77473737208146,-56.88781912390579,1.634309268958034,-108.93941112166655,220.85470524251457,-318.42534734121926,-384.48428821803225,-398.64515496109857,-205.9938471838674,-6.068961261700203,-3.154329493156364,105.48692551568111,375.9945924941825,302.5625329898639,-224.55664094870548,194.93744455636622,-261.9940656806854,-75.61102110571888,8.650424179891411,77.93260447998749,160.00961438769423,9.286616947275874,491.1768205163619,-474.63625935583053,-223.16863361610027,-100.60467262257635,-370.2061478654417,-235.54937564073336,364.46807491612606,-45.893693255143624,-166.56812785190309,-462.1974380169324,27.48597653540711,292.4048411002128,-136.52158542281126,499.9927214695883,-452.0676104658063,131.06277679204186,-411.3535027007835,242.6522105915654,475.39526650594047,362.734839576188,-129.49846457061477,-19.168669825127232,354.1495747868617,-299.5231193664221,-170.67033851186062,-149.92198936645707,-281.45369886010053,-203.24003283748522,395.45448590025813,-262.1178424365831,-346.3552568602638,13.224641974755718,-82.72908082463202,-209.62937487183828,-100.94955868607794,-78.991182825956,-168.16104004450207,45.23574760520182,336.8308570927187,383.6312269364416,-9.653510207465528,494.4036346807419,-326.46862030091364,406.4609396087709,57.90948969930636,343.8666005687557,0.3974836959815082,-10.690633101199007,-443.4601021342017,-224.24594532598462,-440.33634515159883,114.07910023861663,-132.22166577103755,3.296265118484027,-319.9287923520484,32.43637028780326,57.76296526810299,49.77563092416333,49.86281010309844,-154.25296140750748,198.96121765557908,335.121640105966,465.9613408419965,378.87514614227035,66.20703676728418,170.0517425200207,252.8482137627952,-314.0466002076431,-30.196271176777415,149.26666971821984,59.58758883747197,486.6969960560256,310.539291101518,182.96177404056004,-81.43179770281132,-499.9999999795951,449.5437817368744,-7.553265227354995,57.92078082247827,189.4591679386187,156.84997961895934,54.462849416384906,0.8707995458731518,-31.85037054173044,21.2068686491362,-133.3772934006209,120.63123285747471,-7.772167682214677,81.06947415562558,499.8310939399566,-351.0503641441246,218.83272634609352,273.3701179098427,296.5612154601274,-63.97017345822224,63.120982920879904,90.30025884000385,464.495283394162,388.64170591296744,205.9704530330273,479.768872215836,177.49083395490317,21.233026713963334,33.10697472526088,-235.8504192632767,32.89603088245048,58.56945255621532,-242.42600613538823,70.75645862524004,-199.69215191173114,-14.83637675120682,249.2698290790221,-4.431162634247021,281.73679889364803,133.90931867537847,-43.31896911888636,499.9999999999995,499.99999999964945,23.850181208623862,-108.85311984670824,133.06370029378024,7.782749121970216,-125.3197842518155,-3.074194680449524,-64.91638098471397,-31.856237822023946,-48.30916652728038,349.82541219317926,149.16111522351707,86.27054345511579,-103.18801099475436,-139.811534690234,81.73498392422258,-434.24100190901464,80.69277057878121,27.094513394947647,-110.9774396245459,-491.29170439475075,-488.02826798845916,-76.91880453656502,-6.229112294385305,-45.70262835324842,-14.03475003486887,58.486484485232346,104.08783893479867,-32.1083904702554,-41.38757234225205,-3.68018432067807,11.26806738209145,-282.80563852779807,-159.51863876061708,387.1628686744344,6.801924233637145,99.23733657171644,-27.21211187339316,-132.4199176561466,-85.0947812890187,25.789509172440862,12.352510000397166,98.57517243403962,-89.23915835527217,311.973909725214,-90.3118507295277,274.2653812381203,-3.3295899229871835,-10.142851541194236,-499.99910518486905,-0.008388626410246262,-4.947890621519505,-64.18105307673648,118.86287827884098,-58.987838781103065,-117.2410768330865,-41.23524000348703,-94.26687398258838,207.31129590499646,223.94590048412886,-111.82983172134821,86.81304181634358,-69.47992100143202,19.602723913467067,-77.78938971762224,-175.1533782451654,-17.17228390030569,-38.43663940379946,-43.44018736549119,-154.63219710491057,77.07481573169582,32.43611297135064,86.80677407635054,37.33986288039842,-195.8434348142372,487.2132890456244,-28.856077246503705,-399.6642414170668,14.371831964770534,175.47097688627545,-449.5782991655166,100.7185554587447,415.2539685551711,-0.008388626432074137,-122.32986132797718,-32.511018372307895,341.892367470972,-375.28177103056674,443.8445460893867,-499.93003848585147,-499.9495178987927,135.94381083186528,195.41973398707327,-207.25822806332886,411.7724104231574,-398.59502504633565,-499.99998205721386,50.17011533870415,59.684225553195965,-242.30536336825338,-462.80851728673747,-45.928024362069024,-31.749494961414833
185,-0.0031357477418667234,-499.999999999711,499.99542176472283,63.91875024744914,447.03969317264296,-0.004706370229402795,64.93706643454072,353.42895812119406,46.22763408738626,-64.77490961798907,11.103713330127492,202.05495985586387,338.1917831281181,-117.92544193024297,221.53518653477065,332.988216654761,410.9995612462865,499.9996901456736,131.46448139977653,-467.3403540206908,293.5186316668056,500.0,146.21436662501617,350.1352732935988,-147.0516003047642,-43.919670836146324,208.8030258181371,-0.6107354117005558,-306.5741924011746,-239.95323835503288,-43.32687329156807,-140.8120641628928,-82.73097921397314,-499.95345410792805,184.74388632055224,71.85574966162855,-25.20774693837809,-309.7921046062201,-55.75946430566955,1.7876459507679214,-110.41156304584581,217.11193111869014,-318.22483680096576,-384.2626655530649,-398.63052109155876,-207.38235684925056,-5.337197381646425,-3.3133833153878034,105.52354895265906,374.83597446724656,298.33308688535277,-225.47055779197032,195.92968427569758,-261.8534065085636,-75.28651589299695,8.318525713297669,78.32942483035761,152.78455747447316,9.882291943329532,491.4158275216436,-474.6571222293464,-224.87015045263612,-99.83323078136428,-370.204424410408,-234.92145186859668,364.6634699117098,-45.941627867428764,-167.2395789541794,-462.3146305477391,24.882554737290647,292.3895204027306,-136.38590070258869,499.99310386557755,-452.04374069027006,131.15275897225627,-411.2218895269848,244.39054521051628,475.42314133640224,362.96474150957897,-129.330822356801,-18.648796952443607,354.272500179957,-299.14724940314545,-169.96330606792097,-149.31663747129326,-281.750154885658,-203.9148428503273,397.0785486158057,-262.36306744087324,-345.83433427130433,13.743141961683058,-81.87516425293516,-208.58145679611076,-100.6360054441832,-78.60822478718373,-170.6447352725676,45.24721238168657,337.3235527225536,384.08491798852276,-5.232821690518936,494.3998769498067,-325.31522296590947,405.8914572282533,60.380051408541625,344.1318066694234,0.40409780337586687,-10.782998378349127,-444.5332159313279,-224.95218957608446,-440.31159982150336,110.34704967017569,-131.91530695217904,3.3302865517400493,-310.0543221499764,33.127966819436764,57.37391113954399,48.82322447289478,45.64679352931955,-154.83512633207238,198.30446871000024,333.3378795611201,468.21308181501365,378.69356609493263,63.35612701220193,171.55654535635747,257.7452610924554,-313.2598458727921,-31.0652787293037,150.08580629937026,67.07372913251784,486.6942903322149,312.7283927122956,183.28771598547192,-81.35306777051841,-499.99999997974396,449.5435595865057,-8.59848213002846,58.2148556281474,189.94993940704802,157.1832359148501,54.701698631858655,1.0987717352812179,-36.70424004953221,20.804739678992252,-134.79398490462088,116.23848693051676,-7.887885906341501,81.28589948603408,499.8291741639081,-352.60250662078886,219.74951405671916,271.7357186208594,296.91989256350934,-65.46769976761503,62.44958897100271,91.32601426539505,464.71792730934476,389.48317057424055,211.11887599339045,480.3890329961514,172.27284484658495,18.46488626387632,33.65747405793714,-235.53933507545332,32.27417495549964,57.866146578490635,-242.51290918243552,67.80027103392788,-200.53327511120065,-15.43841282422968,250.2513119017551,-2.18185609510419,282.0569601945415,132.41198951205823,-43.67105229505467,499.9999999999998,499.9999999998026,22.35637303778202,-108.25023833269387,132.8921003900689,7.740509560438808,-125.4945097752923,-2.634540843539209,-65.88104422263481,-33.41222098555141,-47.31894830562474,350.3424976056786,149.12949469985853,85.45215935984474,-101.11838613519338,-142.3445963036034,82.13873423706339,-435.00735597839065,82.59987212779971,28.06745635461475,-112.53612589583133,-491.5598744814964,-488.14233215556516,-77.28178255386425,-4.107227555573724,-49.884160219976984,-13.17379346812373,58.91957495497694,104.0114298796752,-30.939614360429633,-47.24228706419418,-3.7225355304363905,12.203199905620048,-283.0341828573161,-157.35701640013485,389.09024585767315,9.993932215007337,99.71535794024176,-26.742380359257687,-135.159882583352,-87.86358325375186,26.500267288288985,12.949207274998836,98.82229342644366,-87.7315016927065,311.3536992870527,-91.50760940347745,273.89040262101054,-2.7929387184240353,-8.434543697096963,-499.99914210136825,-0.007847615080474024,-4.91206338274583,-63.96252823506295,119.33653012928224,-57.58324658326796,-117.97202094482167,-44.343293210292224,-90.83893470546445,207.62570435807044,224.48269878697974,-110.59302858340241,87.55317801881405,-72.33690163423438,19.724748143235004,-75.36433356439171,-175.68735551359376,-17.882993397930164,-37.972179067524586,-43.24118840886917,-154.91922601149855,77.76913646164374,33.90036269225245,87.58570437085082,38.59336736061251,-195.9043227594022,487.2625972187284,-27.624795124607342,-400.2627495947134,14.313741797195492,166.34788600654855,-449.53264177620986,101.22569829881367,414.1440966047091,-0.007847615102301898,-121.06286814120965,-31.321988380690737,341.9742779707775,-375.63222371634356,443.8739743180377,-499.933581880701,-499.9495497022533,135.37203158330666,198.34861598735247,-218.15413233278935,413.8718477073623,-398.87432336411166,-499.99998205948054,50.003998260456356,59.433303231909655,-235.62631033765504,-467.95591210588304,-46.768222898242634,-31.013439782140008
186,-0.00293351273645657,-499.9999999997207,499.99545363864655,60.68349277200055,448.3577044636931,-0.004402840455327238,64.62077010559504,355.93601485414933,48.752343641907544,-65.79948171799815,10.677720412143156,203.7595301270671,339.268017556026,-117.84441833672315,222.7753409456716,335.2272363897083,410.668300273454,499.9996668793158,134.19448658431813,-466.49434923848327,295.28902726074745,500.0,149.64199218226486,352.5505914458229,-146.27315909864032,-42.521806507348366,208.85155447776563,-1.2104890417823873,-306.4654374670041,-238.6257654528406,-42.29107293056183,-141.2289736902753,-82.48152059609629,-499.9534541848746,183.1109887423302,75.03751402348543,-25.291787613434213,-309.7255671209761,-54.738869333682864,1.935261014391825,-111.83154626630781,213.51716878219042,-318.0352824232415,-384.08639185341184,-398.6338657260967,-208.72804059592295,-4.558710080857392,-3.4888341869778463,105.55901315750407,373.64640781866217,294.18877651710767,-226.31406948546265,196.87284010647207,-261.70097273014136,-74.97386594588026,7.970015105879622,78.78037001212789,145.64938740084307,10.47606522681926,491.6361253423951,-474.6814405828519,-226.4172685860883,-99.09563375175624,-370.19590975964786,-234.28729946993084,364.8081760946857,-46.032019728085324,-167.87653374989102,-462.4268422146481,22.226140241990837,292.3867156520062,-136.25051903388558,499.99345273747883,-452.01979471922704,131.17892255070726,-411.098626197314,245.9468319283469,475.446950264338,363.2187606765923,-129.16353763331108,-18.23843199299116,354.39219752578714,-298.7694956511601,-169.267401655673,-148.73891628370328,-282.0411244416646,-204.54905861257737,398.4064781793874,-262.5904985651227,-345.34495311084623,14.281536407628867,-81.05113134764255,-207.5706197794945,-100.36528730789571,-78.22206962350019,-173.36077580789404,45.108836008183594,337.72734966628315,384.52266896437345,-1.0745674313126279,494.39690544481346,-324.3588229419737,405.1344003475045,62.531086281863864,344.3884929970929,0.3223057849822072,-10.8447320540085,-445.5464359125838,-225.62178001422245,-440.28852458631167,106.79655623584165,-131.60507244852042,3.3536996286498386,-300.78495762745445,33.829373052917916,57.17586751659047,47.63928715360858,41.63395681544689,-155.56207415074746,197.73489513802392,331.6021852542937,470.1604237935761,378.5359959994795,60.43387073847646,173.07306473128216,262.2256986744743,-312.5193680195254,-31.92934599431073,150.9951550139621,74.31270830510863,486.6927585282731,314.611399288279,183.61349965595093,-81.2664058087172,-499.99999997988584,449.5405199481735,-9.765751611220995,58.5019650547454,190.33924957168443,157.58526389177933,54.917946303787794,1.3127254174279597,-41.67765982719714,20.295291443215,-136.2786906236227,111.84157323158655,-8.012006405577644,81.48031687511026,499.82740089357867,-354.0395106029893,220.60675596580631,270.2583017866392,297.1986028846169,-67.03076437676607,61.65917766763817,92.31493519572348,464.8885964373658,390.19822715087633,216.08801104824357,480.98155156684777,167.03974477808313,15.715025160129484,34.16248659560428,-235.23138112678512,31.461090424659965,57.134965014997675,-242.624614115266,64.84108345480658,-201.52092666040966,-16.05645588727432,251.11363028211227,0.12297199949607847,282.3036716805061,130.92197993062013,-44.106951086017375,499.99999999999994,499.99999999988853,20.926510636708816,-107.69009900008649,132.5737038415508,7.7105452871030895,-125.68461601423853,-2.1931495026126067,-66.92353859862027,-34.90818693105362,-46.290204365660806,350.69350736006174,149.11515202888017,84.51294580511558,-99.01910669460294,-145.06173774460552,82.54760824912401,-435.78471594357046,84.34774171799593,29.069758549849475,-114.19016372967685,-491.8200415613118,-488.25805795784186,-77.62844654082417,-1.9934440756920668,-54.189492124420624,-12.295795107140158,59.23915716577588,103.81786657282031,-29.789698870004788,-53.47130155423042,-3.762757673604696,13.15293329819449,-283.247884104959,-155.27204126221918,390.9291196043947,13.076248201581814,100.08775884410055,-26.290117401348496,-137.95732056214013,-90.83443786482903,27.18475098694476,13.468025218697205,99.00920158933916,-86.19175024824582,310.7168428327682,-92.72934962613535,273.5069593533793,-2.287055218608946,-6.695496257341677,-499.99917614502516,-0.007341495772761769,-4.882379439409342,-63.78917658838476,119.69536226033975,-56.137292798101285,-118.6915595203145,-47.379436013448874,-87.36828538048287,207.8465374066901,224.92925883070387,-109.34782402367031,88.30033691916627,-75.09935054742243,19.883012258215548,-72.89078952616983,-176.21140942103196,-18.621692454924727,-37.53321775778755,-43.058723886913796,-155.21986588402936,78.44345308286357,35.38299860616725,88.35250162949794,39.82287861787045,-195.9645773555499,487.30210310630736,-26.3773340931167,-400.84283904532504,14.246597013080848,157.27357400407467,-449.488145481506,101.71807985207543,413.01386698545105,-0.007341495794589641,-119.54564116602947,-30.356009946917595,342.06132237820685,-375.9818607611178,443.9051154115521,-499.93662644463086,-499.94958026811344,134.54032562399652,201.17490324853148,-228.28110050387465,415.79908503435223,-399.2003680503822,-499.9999820616581,49.72625449031431,59.095542608202614,-229.01185480130036,-472.2237129055747,-47.632304496640565,-30.28693226528963
187,-0.0027443206708719116,-499.9999999997297,499.99547922795716,57.08256298152441,449.59148562756684,-0.004118886521516795,64.063767304584,358.15267251862997,51.07831628770048,-66.874148465625,10.228998845584757,205.18438997710518,340.2407207668499,-117.78626692511662,223.96072639259975,337.0375500302745,410.28819158159973,499.99964191815775,136.24862240614317,-465.84668634713114,296.66328408206317,500.0,152.946902694243,354.85548598210187,-145.9784994826001,-41.36315604832796,209.0853444883204,-1.7752277742543723,-306.374016382009,-237.30579537781668,-40.901050395213325,-141.6081548255671,-82.28514892922955,-499.9534542300353,181.5202333023407,77.96601107875694,-25.453772003762207,-309.5761193534018,-53.82851695834966,2.0762400744545273,-113.19941225918107,210.08287296582358,-317.8564727048408,-383.95763629601186,-398.65559956401313,-210.0346972785495,-3.7439721633796963,-3.6669938714191885,105.59335515623643,372.419734272197,290.1326506426505,-227.08832006404919,197.79274013187603,-261.5372556465801,-74.67223931132914,7.620272221223096,79.30699985810567,138.59296335262306,11.06693033343247,491.8384711385361,-474.7096810525169,-227.813982150491,-98.3903623507056,-370.1809485277774,-233.64942451463307,364.9058262644917,-46.1654977045161,-168.48063302217955,-462.53429915342116,19.528626954714074,292.40214661024453,-136.11516733384755,499.9937709162934,-451.9948275352025,131.16837784131968,-410.9828681277892,247.31928532139136,475.46609500478473,363.50823541760093,-128.9948275533179,-17.928216083401225,354.50874450963704,-298.3800726575185,-168.57703093498404,-148.1885090672187,-282.3273513571118,-205.13464957458305,399.43545959043496,-262.79962025844196,-344.88391125817617,14.840627594575542,-80.2535578371539,-206.5962661274279,-100.13364561256111,-77.83362097605043,-176.30180988604343,44.82300537085552,338.0369049207643,384.9450716575055,2.8157860223272673,494.39525699063813,-323.613897587857,404.18793507604795,64.35977454132443,344.636936608771,0.15693352396840962,-10.878356802044534,-446.50159938970876,-226.25480091133295,-440.2668101217832,103.47968577895736,-131.28989629517304,3.368435981406746,-292.182548963472,34.5440623642313,57.24016720915669,46.22356636370911,37.84746239176141,-156.4238762523406,197.2740849457213,329.9145480449594,471.8453328892342,378.4097643061195,57.44783484616436,174.5992202957836,266.2947112576874,-311.8196223051533,-32.77947306585561,152.03961975429897,81.30186285394052,486.6922844025524,316.1942480010468,183.94819746880788,-81.16964072766727,-499.99999998002124,449.5336030610052,-11.051110313235238,58.78271631474286,190.6256195980806,158.06004818996152,55.114713796914806,1.5145907446038918,-46.75344280041639,19.682767506335075,-137.83151556481386,107.45673055011346,-8.143255591399216,81.65643923507656,499.8257733984389,-355.35786078207474,221.40405181698927,268.9510160711316,297.40028166538247,-68.64894849806865,60.742758549439344,93.27449334407324,465.00627684130757,390.7930881558236,220.88562562680838,481.5482125818231,161.8107483157388,13.001396454109555,34.624746208524606,-234.92407811963932,30.456006984108285,56.39380693800216,-242.7578074303065,61.89510039425413,-202.65161761959092,-16.673521532216995,251.85726318378542,2.5107725635670395,282.48076962784745,129.4565102357826,-44.631602677042764,499.99999999999994,499.99999999993696,19.577325286652133,-107.17133033380324,132.10352697988117,7.6936196866784945,-125.8884139056933,-1.7290844624762847,-68.05012112317785,-36.323945156726005,-45.198591286428965,350.86761685975705,149.11720874369257,83.45537083911665,-96.85802926286102,-147.9616633645019,82.97719720543125,-436.5712055737823,85.93336362776571,30.113543822462987,-115.92483287531847,-492.0718656426835,-488.3754433399529,-77.95448987121182,0.13315862189951302,-58.60605931980943,-11.386890225840753,59.44475569421674,103.5078321730974,-28.64107521979339,-59.99585285620759,-3.7971248248829923,14.136920270872341,-283.4445750658145,-153.248837417301,392.686882472704,16.056547344253687,100.36042770717447,-25.84148919645676,-140.76947505823998,-94.00189987780517,27.853787455910854,13.916752857016544,99.14165013340092,-84.60216280027743,310.06729586078507,-93.96855472074573,273.1221828139964,-1.8146445217911127,-4.908262732317638,-499.99920759174046,-0.006868018106183687,-4.85534723661047,-63.64634971658473,119.94025510423282,-54.632172026956475,-119.39743691869998,-50.33842270421686,-83.83634571521873,207.9742999884929,225.29021812818974,-108.0753822767107,89.06982521367321,-77.76728274371365,20.0949434114014,-70.34814641791661,-176.72513551426195,-19.38196020474189,-37.11806586262775,-42.88560370787234,-155.53287110420803,79.10063605403975,36.8965143060079,89.11607421950978,41.0398138756719,-196.02278099621367,487.3309770413134,-25.099533015364642,-401.404790083836,14.173041042043188,148.24274567734537,-449.4446609230778,102.19750914586322,411.8586342633668,-0.006868018135287517,-117.76087743902046,-29.617743656781897,342.15368195469256,-376.3284723253665,443.9380421368331,-499.939224934694,-499.94960964217165,133.44157221014135,203.904096828126,-237.6778494012605,417.55420397268927,-399.58485738504334,-499.99998206374994,49.32224555954546,58.65495683235524,-222.4674106857389,-475.77929714754106,-48.52626126941658,-29.576956783209013
188,-0.002567330258875875,-499.9999999997381,499.9954984133116,53.140946542438854,450.7441627162163,-0.003853245769201865,63.260669430404604,360.08138666642327,53.20179617247863,-67.9867108947995,9.760501394149271,206.33343913957296,341.1196492485053,-117.74258142821361,225.0922420073112,338.4148587374226,409.8627386257566,499.9996153153377,137.60875540687096,-465.42372363023344,297.632280171792,500.0,156.1288951217632,357.0515339833471,-146.18169587776995,-40.45640579104862,209.51001030932508,-2.308203356087243,-306.2993068230708,-235.97764150925457,-39.16602141299918,-141.93094562736928,-82.14333407542338,-499.95345424559997,179.9696279777174,80.63835631597054,-25.678106199104832,-309.34671818803514,-53.02773705044138,2.210353404207835,-114.51472698366986,206.82481739119893,-317.6874314302447,-383.8775879846845,-398.6940676671512,-211.30549493410052,-2.905397212261882,-3.82888382614466,105.62661061450771,371.15448230979945,286.1672944316468,-227.79573451900538,198.72748481448943,-261.36220347463194,-74.38015617708567,7.289170735373803,79.93760381499514,131.61510281875448,11.654412971882559,492.0239315560034,-474.7417485398766,-229.0671793063386,-97.71523087351221,-370.158215776596,-233.01000294300434,364.964110417317,-46.33211752359506,-169.0545586023322,-462.6372161456898,16.807054033372413,292.4446560723519,-135.97943318145934,499.99406109013034,-451.9675358046783,131.16292790853112,-410.87357677356664,248.51237306973903,475.4801193001495,363.84892692445004,-128.82151942776568,-17.69661333556919,354.6222170560583,-297.96582050890726,-167.87924469231365,-147.6621894524257,-282.60896214731974,-205.6605797846607,400.16520736840823,-262.98962782289505,-344.4474701996782,15.42099500027312,-79.47832022443818,-205.65536953990954,-99.93553612940288,-77.44265951846185,-179.45771902650097,44.41225776318589,338.24881181687834,385.35269401354554,6.4565215354016425,494.3957275568129,-323.0913539683945,403.05283324183824,65.90116789873738,344.87740530541674,-0.07583948229787295,-10.885779442461136,-447.4007862234759,-226.851312624376,-440.2460790377632,100.46498745121404,-130.96829584253305,3.3797599494880375,-284.2908244298495,35.27746081341972,57.66316851932043,44.612575349232884,34.31763040512492,-157.38856491632453,196.95226909009773,328.2749486183739,473.3037714540595,378.32564483287234,54.40751701168195,176.12949118483922,269.9620445564628,-311.15456223221355,-33.60256650717123,153.27972820137052,88.03734530214955,486.6927787887009,317.48718060156585,184.30533819362577,-81.05965522683776,-499.99999998015045,449.5219071344446,-12.442394842146326,59.058520365110645,190.8176918063725,158.61072591463565,55.297110647755844,1.707845398876552,-51.89325193201055,18.984371248774284,-139.43427673994188,103.1050857573034,-8.278701804001106,81.81943073134046,499.8242900003081,-356.55225657181836,222.14710023305173,267.82693835756,297.53457713001376,-70.29483120331616,59.71200143845823,94.21712995956592,465.0708820634004,391.27851790270984,225.51992424133707,482.0906275293095,156.60919448925597,10.343952025961118,35.049423655996044,-234.6140024776022,29.271832033341656,55.66468917527189,-242.9070286747184,58.98345219389693,-203.91446602019806,-17.26831491819582,252.49163279169363,5.004759230158078,282.5987679162286,128.03585797711264,-45.25237760599052,500.0,499.9999999999642,18.32347563134809,-106.68645321782013,131.48905921738128,7.688568749528944,-126.10475015828199,-1.219277126540294,-69.26670262135373,-37.647258085771035,-44.02155853401859,350.86008527972945,149.13289422321475,82.2923131849291,-94.60885256812388,-151.03917048181532,83.44502692112043,-437.3620116351032,87.36556741188046,31.20928333578966,-117.72879621556334,-492.3149035094801,-488.4941879509429,-78.25861206939983,2.2926481424694467,-63.123850085082644,-10.432454473988255,59.54841788543722,103.0903271356146,-27.473855445464956,-66.74410375615228,-3.8231362184197986,15.173889223097666,-283.62399082795963,-151.27368204096393,394.37057427443733,18.9496682267265,100.55146743057166,-25.37923585362669,-143.5547404131768,-97.36178538118357,28.52328107112158,14.313359278146232,99.23339536300539,-82.94758161337792,309.41176728337933,-95.21773187895451,272.7425662847398,-1.374614104844044,-3.0589187240530293,-499.9992366860887,-0.006425076673268594,-4.826853470076357,-63.51631145389768,120.08712197472428,-53.05425746585344,-120.08804529625638,-53.215516001264135,-80.2314333335071,208.02170652348903,225.5799451932473,-106.75823154237138,89.8774174350837,-80.3410802392005,20.374537950299,-67.7217451469871,-177.22860273491062,-20.157044876483713,-36.723901981081475,-42.71041260048111,-155.85848301482594,79.74374500252615,38.44842790318723,89.88517859030728,42.25862493746208,-196.0781283134072,487.3481586799701,-23.778320245492218,-401.94742693451366,14.095157085717096,139.25638485680477,-449.40197380035266,102.66615514961704,410.67771386882816,-0.0064250766950964665,-115.70101352629484,-29.072483006075867,342.251471287857,-376.6689616521402,443.9728012863416,-499.94142708780316,-499.94963786892123,132.11810852627957,206.54212530148152,-246.38276998072112,419.15016930501815,-400.02842353632633,-499.9999820657596,48.79731471557989,58.10064401929503,-215.99942136678462,-478.75468039128276,-49.445005851036754,-28.878905374869195
189,-0.0024017545256171517,-499.9999999997459,499.9955111768052,48.885135934206076,451.81828020307967,-0.003604737037613933,62.20927705907885,361.72494537962734,55.1189975225242,-69.12325753952432,9.275668340813542,207.2170530519426,341.9193873860711,-117.70303719821027,226.1709943379049,339.35902283007033,409.3953229613288,499.9995871302264,138.26723298853574,-465.2450805258932,298.19152517280554,500.0,159.1852933171611,359.1407331766535,-146.88734690179754,-39.80882031417517,210.12826423347343,-2.812872133432209,-306.2397687411661,-234.61940466968534,-37.1071335209881,-142.17276727056102,-82.05600706341811,-499.9534542336413,178.45732248276568,83.05499737858663,-25.94552359311092,-309.0426568126103,-52.33261249970061,2.337735189413432,-115.77662595349372,203.76119902753408,-317.5267341328959,-383.84623706611643,-398.7459281703062,-212.54282835891206,-2.0574221723115804,-3.9566844733180133,105.65881385843554,369.8552024374076,282.29394530096073,-228.44003079674766,199.72829114646194,-261.17560232197997,-74.09554007001945,6.9950729670321765,80.70733772898386,124.74318903246011,12.237590259541133,492.1937999381447,-474.77693987878746,-230.18647834239445,-97.06754933350268,-370.12508545921236,-232.37124507017998,364.9954930043894,-46.51671897288548,-169.60185641079957,-462.7357973017421,14.082137714357247,292.52684968170473,-135.84284749619866,499.99432585265095,-451.9362267988874,131.2204575715314,-410.76960088197075,249.53704951505853,475.4887136332782,364.26159204200684,-128.63937972958612,-17.50869822898295,354.7326892682266,-297.5100221022109,-167.15700449891156,-147.15432364158264,-282.8856990755051,-206.11289140631686,400.59857879146944,-263.15946156421296,-344.031761347078,16.023701210254913,-78.72080036346287,-204.74302008846763,-99.76461320779093,-77.0490142168747,-182.81607472125472,43.91117741252452,338.3617874149862,385.746081182239,9.882324998141712,494.3994126979864,-322.7976908417102,401.7329829805957,67.2115673634316,345.110157970007,-0.3540942842944985,-10.869076710880755,-448.246487386008,-227.41179916892614,-440.22591246396183,97.83965195724439,-130.63876319752882,3.3940814643684303,-277.139296890879,36.034406996239504,58.5685218296547,42.87583030854173,31.082157259069415,-158.41116815636792,196.8094947659838,326.68299071169804,474.5663282383162,378.29847922707836,51.32303542427993,177.65371888045482,273.2410844503726,-310.5184434288797,-34.381514560023994,154.79217623075525,94.51152256746244,486.69416658913786,318.5040445736227,184.70332869144397,-80.93266420056133,-499.99999998027374,449.5047174041691,-13.921995633961458,59.33125978728312,190.9304860234351,159.23891318917074,55.47119405283868,1.8981155265487286,-57.04082689574468,18.227333526797356,-141.05306085222185,98.80877127235176,-8.412161782440023,81.974731038495,499.822950758262,-357.6159218268965,222.8452117199387,266.89700376026025,297.61486897262154,-71.92412971364982,58.59636827936966,95.16015146519156,465.08340446797644,391.6700727896015,229.99999651729357,482.61029647818754,151.45866335586385,7.760453199631973,35.443391025998395,-234.29686186867195,27.93254551099369,54.96850753463318,-243.06462238243256,56.12737665933804,-205.2903661858676,-17.81912209990613,253.03182705714948,7.617283149226714,282.6712496426821,126.67769902031287,-45.9793123482523,500.0,499.9999999999796,17.172558270216047,-106.2238631345529,130.74644877023374,7.692511276176563,-126.3332269094788,-0.6449204310181424,-70.57807186341736,-38.879277589097576,-42.74496998603944,350.6697264507369,149.15788760761623,81.04290830114205,-92.25857146476869,-154.28320114119552,83.96425773832262,-438.1500815416638,88.66073682381631,32.35946621465477,-119.59760184865992,-492.5486980831006,-488.6136318586534,-78.54334369801761,4.497406933295356,-67.73747301978203,-9.423400790893654,59.56962226818567,102.57807775924091,-26.27181698404688,-73.67488503812862,-3.839816602854289,16.274875634481948,-283.7878578427306,-149.33465904267982,395.98618043500943,21.77191779820246,100.68441784174405,-24.88929630458899,-146.29475121799024,-100.9141344655357,29.20678541870247,14.678955530247533,99.300440566394,-81.22178933786635,308.7570319142129,-96.47281787576651,272.3716501084468,-0.9617290821119221,-1.1439702260821694,-499.99926364537066,-0.006010701945053045,-4.794399195263422,-63.384933740242204,120.16059765828795,-51.40040731775548,-120.76284988856571,-56.009160088904345,-76.55498768292856,208.00908776117794,225.8173865223802,-105.38629018572087,90.73284042149182,-82.8226056693621,20.726395522229684,-65.00934138087602,-177.72252857600472,-20.941449483761367,-36.34732262726512,-42.52243358545528,-156.19843265075136,80.37504883838375,40.034747880956495,90.66331354715851,43.49166205148842,-196.1306478170861,487.3521301534613,-22.407630730933896,-402.46879216550536,14.01317598683585,130.37237100199184,-449.35986820016643,103.12594141057778,409.4764969648062,-0.0060107019668809184,-113.37507566906463,-28.667381550701737,342.35480840834083,-376.99930276756317,444.00942950082634,-499.9432817530819,-499.9496649915634,130.6409520863091,209.09482160734032,-254.43422574575268,420.6101319651686,-400.5205640546996,-499.99998206769015,48.17240606497272,57.423350817034155,-209.61152768043198,-481.25436443921444,-50.37158482195363,-28.182106125852265
190,-0.0022468572533247163,-499.99999999975324,499.99551761546394,44.34371954422184,452.81595095640137,-0.00337225534889856,60.91291122135218,363.0867704307047,56.827137740671645,-70.27109676106693,8.777554708459663,207.85059876451285,342.65930718588834,-117.65833262242408,227.19926604515095,339.8753424642966,408.8887108909058,499.9995574286474,138.22989175088819,-465.32147074842777,298.34308176759276,500.0,162.1093266824122,361.1256598143077,-148.08892846242176,-39.421438596064355,210.9375913951149,-3.291671787498257,-306.19292402765905,-233.2030382114321,-34.75768993619936,-142.3033713372461,-82.02152218350625,-499.95345419612096,176.98229993971367,85.22127121265952,-26.238858910382636,-308.6714798209289,-51.73629458970272,2.458415799978177,-116.9842016094038,200.9120549378677,-317.37306505400505,-383.8623226754286,-398.8071949047819,-213.7485823779643,-1.2158095691811481,-4.040091203782471,105.6899977586891,368.5298203084769,278.5120951555207,-229.02599839751178,200.85818938630376,-260.97774130456304,-73.81595767855593,6.74841223975345,81.65728862561332,118.00638226578903,12.814119269926465,492.34939104263196,-474.8141391682903,-231.18341520783997,-96.44450220604111,-370.0785905234937,-231.73595449750758,365.017399102811,-46.704895619801356,-170.12697039529633,-462.8302367121828,11.374354120629706,292.66542647737185,-135.70500928914535,499.9945676759881,-451.8988357370159,131.41379854937324,-410.6697992728736,250.40927259423546,475.49169839108794,364.7719155456633,-128.44375430037363,-17.32033060089724,354.8402333252231,-296.9927606554815,-166.3934507728292,-146.658542688783,-283.1574173539562,-206.4756950612289,400.7420455250692,-263.3078881788918,-343.63330614788225,16.647497311078695,-77.97771852539431,-203.85393329494372,-99.61509930786565,-76.65399953710781,-186.36240754395294,43.35405457848809,338.37660521379564,386.12575652929877,13.128705570186195,494.40771499928263,-322.7343317459789,400.23581883999896,68.34828976243871,345.33544493948915,-0.657841411136236,-10.83126247418491,-449.04151020624636,-227.93745794475427,-440.2058869472173,95.70767134756775,-130.30023501269594,3.4162166835254566,-270.7480368918841,36.816551374922746,60.10480375265155,41.086960684936194,28.184467230821863,-159.44614967336253,196.89571037203137,325.13764763394977,475.6587621137284,378.34745805293335,48.20408506836585,179.15664203930362,276.14806218501656,-309.9066656893727,-35.09578608981534,156.66727520893298,100.71040995164782,486.69636377873826,319.2613292868995,185.16500451370428,-80.78475198714496,-499.9999999803914,449.48151227312985,-15.472117254465166,59.60270773053164,190.97950099756517,159.94442529907312,55.64291293128902,2.089760490697363,-62.143915327897474,17.441407814785872,-142.6484976665144,94.5853048291903,-8.53881848816937,82.12717809314128,499.8217560512662,-358.54115903695856,223.50761540871324,266.16807874450836,297.6545601549737,-73.48790824333815,57.43355758071251,96.12487346354884,465.0458537558144,391.98686435589394,234.33539287175634,483.10855454919584,146.37770881945747,5.2623524944264375,35.81421006226581,-233.96744943488437,26.467862734737583,54.32016642804172,-243.22072284517847,53.3412046428854,-206.75197870508234,-18.307608613200205,253.49379644488928,10.346069828918823,282.7108370917253,125.39138287330556,-46.82298219645774,500.0,499.99999999998835,16.12191931554635,-105.7715740242071,129.89404673292356,7.702205973564112,-126.57358464633286,0.0029709724830914233,-71.9860963354732,-40.03576076336368,-41.36748423670127,350.29507344746224,149.1877130528018,79.72672621436968,-89.81142081666745,-157.67540736798733,84.53836166123503,-438.9277849944348,89.83420529597619,33.55509993926747,-121.52897437195335,-492.77292941991436,-488.73283717016176,-78.81249712459409,6.747713779325888,-72.43971112865391,-8.361130237038592,59.52760647198782,101.98246091451118,-25.027773111245644,-80.74871425695157,-3.8476606305900716,17.438772998755454,-283.9391327185669,-147.42428806752167,397.5380577030903,24.53504769002463,100.77999426853381,-24.36633881166474,-148.96993427617247,-104.65525792938716,29.909534464107036,15.029969614401477,99.35466535150307,-79.43097292550225,308.10755715518684,-97.73101577883197,272.00930903065597,-0.5679104804929178,0.826591789031397,-499.9992886630859,-0.005623051438068935,-4.759125042726057,-63.246024063535494,120.18490375374246,-49.6812034932966,-121.4220990541407,-58.71962163921398,-72.82389186249034,207.95692677186818,226.0196645326787,-103.9611371201907,91.63518884572419,-85.21448719766052,21.142462355971364,-62.223539526408274,-178.20811318396935,-21.730376328671184,-35.98511793930781,-42.31727814366103,-156.55558764645446,80.99531471000357,41.637279920153155,91.44490475666785,44.74408127278958,-196.1812350344997,487.34066302727194,-20.9926302200459,-402.967209781528,13.925273464360533,121.62885652044935,-449.3181958085952,103.57794210670642,408.2625627180142,-0.005623051459896807,-110.81151029517274,-28.352221941065324,342.4636588050702,-377.314580431551,444.047938114522,-499.94483776042694,-499.9496910519967,129.08234443454086,211.56701699475846,-261.87476664147727,421.9601629874417,-401.0442813692489,-499.99998206954484,47.471659373067745,56.608385749688985,-203.30744206938854,-483.3631976615172,-51.28729998322134,-27.48020617804527
191,-0.0021019498271802016,-499.99999999976006,499.9955179398497,39.54751553356478,453.73864047497847,-0.003154767196932853,59.38225424395592,364.17068950810653,58.32519088138739,-71.42060632368911,8.268247555917371,208.2531802041132,343.36272760493597,-117.60230143488921,228.1809792448591,339.9754308655058,408.3446944792002,499.9995262826187,137.51761672770883,-465.6531337568125,298.0968443695842,500.0,164.88792989173297,363.0092786439479,-149.76782953779275,-39.28853375776418,211.92933953945112,-3.746561855756811,-306.1552667024845,-231.69538692347876,-32.16168128596822,-142.28816281957688,-82.0366314778667,-499.95345413489446,175.54450116282464,87.14731658047154,-26.546575426590202,-308.2424935161777,-51.22991871343901,2.571896395931746,-118.13691256861162,198.2982219097564,-317.225637060903,-383.9234601614142,-398.874312631705,-214.9242691147795,-0.39637137554636626,-4.077835775140593,105.72019366781575,367.1885839362052,274.819523646953,-229.5592432316523,202.18828648127126,-260.76986872944883,-73.5389454039292,6.550406698415614,82.832152334505,111.44657486075762,13.380143122628631,492.4918314226736,-474.85211063263097,-232.07067057886158,-95.84354794981601,-370.0163553441066,-231.10785292586553,365.0516189834962,-46.886637772703416,-170.63547874602153,-462.9207190389915,8.699997152199872,292.8809410128608,-135.56569271700576,499.9947888364551,-451.8530077880018,131.82649476143212,-410.57317659228664,251.14770163853427,475.48900222767645,365.4094893482403,-128.23011889557023,-17.081792245802163,354.94491939152175,-296.39190532225336,-165.57490144481662,-146.1694243777604,-283.42442828418746,-206.73335079182033,400.6056493092478,-263.43363837907094,-343.24952052685296,17.287306449985184,-77.24843605646629,-202.98392256272737,-99.48273114479535,-76.26116823091724,-190.08007005107524,42.76768698955244,338.2958649281262,386.4922225846916,16.224554428960634,494.42229582184,-322.89728785429213,398.57257727549376,69.35905542405784,345.55350847582764,-0.9732422699483821,-10.776386531668438,-449.7887137650699,-228.43021098738942,-440.18561616128505,94.18392636012996,-129.95237805962856,3.448056842853103,-265.1311136444896,37.62151170338176,62.437503606307416,39.30981789387934,25.670788418418503,-160.45630326842885,197.2691112341586,323.63721441462246,476.60254341475564,378.4957451556387,45.05952690549718,180.6185333443515,278.69996247480884,-309.316540851968,-35.722659124271935,159.00294277048934,106.61051369055417,486.699259445485,319.77654389888596,185.716270667669,-80.61233228432407,-499.9999999805038,449.45194943618384,-17.078091913563753,59.87411951998226,190.9768112039304,160.72533939928812,55.817503286779534,2.284651175940508,-67.16238105140681,16.651880363384993,-144.18564967072734,90.44498158061714,-8.655481115962218,82.28049264158318,499.82070288166005,-359.3200755060864,224.14100139629076,265.64197581280587,297.66432934122236,-74.93811593671495,56.26093511644982,97.13520929720775,464.96109179348764,392.2504938083977,238.53532334122553,483.58647112857193,141.37758149018455,2.8538658232301235,36.16929810104714,-233.61952723954477,24.908349540134967,53.72736390431468,-243.36340141655148,50.63043105063492,-208.26505043026475,-18.72035298817386,253.89071707295503,13.17594998683183,282.7266395778132,124.17664640342414,-47.791476553479924,500.0,499.9999999999933,15.159886124124602,-105.32013512294489,128.94765478950887,7.715183366403392,-126.82517727612985,0.7227381610558193,-73.48798512893472,-41.1429830288029,-39.899710607849556,349.73311515982755,149.21879865159778,78.36005768038557,-87.28717251352208,-161.18909392723626,85.16068200762768,-439.68845319434814,90.89767717309407,34.7776379349969,-123.52213395876522,-492.9875589484744,-488.85076447283046,-79.07054579472644,9.032460964412532,-77.22065921513924,-7.2570970046708805,59.436761676458104,101.31126402726458,-23.744730306160626,-87.93246894053534,-3.8484605575503195,18.653236220882444,-284.0812170420261,-145.54172463431792,399.0286464436892,27.244307887099176,100.85178468121705,-23.814432723626744,-151.57647014533444,-108.57555672189969,30.627569477791283,15.3747954221603,99.40110716516077,-77.5920727429169,307.4653429372899,-98.99110754401944,271.65303865927996,-0.18440869101819804,2.831736382188675,-499.9993119119092,-0.0052604018344814905,-4.726105459012205,-63.10188884200062,120.17826573444597,-47.918737165181,-122.06659007484959,-61.34992136842951,-69.06722069378718,207.88067256044025,226.19825777330018,-102.49559085505372,92.57327657964802,-87.52048221170153,21.6041504067096,-59.38897968828599,-178.6868222086923,-22.519929390245544,-35.63488433890835,-42.09901859469443,-156.93320649808524,81.603628793555,43.226203054120155,92.2152023816995,46.01210732884851,-196.23140446557045,487.3106668385535,-19.549208825487263,-403.44200500103597,13.827598092015227,113.09515401092459,-449.27692659103855,104.02206414611832,407.0457050494017,-0.005260401856309363,-108.05514698312119,-28.090176898422282,342.57753541062124,-377.6091659583107,444.08823478019747,-499.94614359727615,-499.94971609081665,127.49901785946949,213.96191102356843,-268.75532438691033,423.2229983069443,-401.5818499168108,-499.9999820713266,46.71121944195552,55.63006200122989,-197.09441242429904,-485.15168413966165,-52.173824789623716,-26.778534751094725
192,-0.001966387986602834,-499.99999999976654,499.99551245741605,34.5281947945398,454.5865233570267,-0.002951305610588237,57.63732702908633,364.97996042046566,59.613778538548104,-72.56556139388324,7.748728209881676,208.44691330420204,344.0548246898623,-117.53264490734023,229.12240116529662,339.6772444534948,407.7637910107351,499.9994937704844,136.16622337302314,-466.22913644710985,297.4708094843356,500.0,167.49889931227398,364.7943915962835,-151.89320496714964,-39.39740273427768,213.08951793160347,-4.179541523622962,-306.1219070861045,-230.06043654096476,-29.371074006731778,-142.09074751336667,-82.09648731762628,-499.95345405171656,174.144468195451,88.84608196579534,-26.864040015019796,-307.765913249534,-50.80412992067609,2.6769194052825216,-119.23485521627074,195.9400070361606,-317.0842295912708,-384.02643279376764,-398.94497621852383,-216.07111810467356,0.38679514218137545,-4.075747523518358,105.74943152461334,365.84033359045713,271.2129698626679,-230.0458207676318,203.79077824452844,-260.55425995095845,-73.26229222270567,6.395048439622555,84.27618290363283,105.09088921973532,13.93102161308691,492.6218698869989,-474.88979976354483,-232.86111866411477,-95.262705601814,-369.9372362693642,-230.4915205288114,365.1227379615524,-47.057911970375336,-171.13458877583642,-463.0074200517419,6.066838380279633,293.19683370020283,-135.42490656898212,499.99499132586004,-451.79626159559655,132.54455298386642,-410.47903460562907,251.77029471545714,475.4806476953868,366.20561218891584,-127.99434688681511,-16.7459725469739,355.04681565649,-295.68489372888087,-164.69236185877344,-145.68351038563742,-283.68759363762354,-206.8742099019095,400.2023256426287,-263.53562016801,-342.8792302277981,17.93480220168714,-76.53552488647021,-202.13065917513907,-99.36510930999631,-75.87640367296224,-193.94969215220152,42.16847054102518,338.12363512276994,386.8459619805015,19.190176811266223,494.44495570125287,-323.27715377020814,396.75812172151194,70.27696830031773,345.7645835424342,-1.2936814109106853,-10.708961274725105,-450.4906050518687,-228.89233395288085,-440.16480132432133,93.38377779437731,-129.59566070780235,3.4885471036488482,-260.2978073353174,38.44368869131792,65.73409815455224,37.58780360460284,23.58572925357603,-161.41808619937717,197.99235855965188,322.1794942357798,477.4154032308172,378.76923702786047,41.89765400918653,182.01748366769408,280.91049996421197,-308.7480357427805,-36.23909411281946,161.8944734236715,112.1744517097663,486.7027121149635,320.06522388624245,186.3836634088188,-80.41249588825409,-499.9999999806111,449.4158443018858,-18.729371175953194,60.1460827793007,190.92940307616337,161.5783086727371,55.99926537169848,2.4806763731439885,-72.07237838800542,15.875006523855925,-145.6409170033455,86.3912964644448,-8.763550430707937,82.43749235382177,499.8197831804559,-359.9451455735808,224.74860508744226,265.31575212831245,297.65055426431866,-76.23932446043885,55.10724897598353,98.21558763581035,464.83249722849877,392.4823376886491,242.60807832066757,484.04481398034227,136.46294460111125,0.5336072345080901,36.51527595235518,-233.24577113581805,23.28155429978997,53.19225743470201,-243.47893460092646,47.99309952013536,-209.7912536381609,-19.048759702739954,254.23092153367438,16.084845595983023,282.72314527867485,123.02596193305577,-48.88772655693897,500.0,499.99999999999613,14.269930964254554,-104.86407066606957,127.91795929792984,7.730839460101678,-127.08640145757383,1.505224408053927,-75.07500704166239,-42.230589017403126,-38.35952832183731,348.9786345734862,149.24938645346464,76.95441911948672,-84.71500375252988,-164.78987489500994,85.81776887386738,-440.4274583709379,91.85714731370827,36.004128196685365,-125.57393805201913,-493.19290129453776,-488.96647767452157,-79.32028495999624,11.333591278418615,-82.06332298065108,-6.128894134373045,59.30500364332867,100.56897737822993,-22.433476326220887,-95.18049380149219,-3.844834957656052,19.899321918786853,-284.21699269168175,-143.69233382508386,400.45867227152087,29.898932939182895,100.90565882744946,-23.244123158904877,-154.1057987239614,-112.65303961846723,31.350686554306943,15.714208725644884,99.43838132626145,-75.72772143986238,306.8317574349713,-100.25047250772724,271.3010395765589,0.1959950237255027,4.845196577501053,-499.99933354626006,-0.004921140760257261,-4.7025645807790575,-62.95999573580261,120.1508943676266,-46.14070568169086,-122.69700168706609,-63.90309842841428,-65.31924674738408,207.7885864002709,226.35790334121745,-101.00966502741345,93.52962067413364,-89.74408116293478,22.087689006340117,-56.5362224978183,-179.15988418070177,-23.305969673588802,-35.29505645077673,-41.878925017304226,-157.3339600732378,82.19789422080629,44.765894756797344,92.95299083834598,47.28439384468287,-196.28274649347244,487.2581633147844,-18.099631411137416,-403.89369906308394,13.715556736973598,104.7990442937294,-449.2361656184077,104.4571333467397,405.8333606231976,-0.004921140782085134,-105.15957540411259,-27.860979207260435,342.69531145916216,-377.8770539832919,444.13003317961886,-499.94724575532985,-499.9497401473262,125.92546052975484,216.28130963657512,-275.1341946841587,424.4146285578032,-402.11952094915864,-499.9999820730383,45.89290861811469,54.44992233332972,-190.9835720821315,-486.6782927900629,-53.02102255425908,-26.09633175197602
193,-0.0018395690021778808,-499.9999999997725,499.99550153954954,29.316858155439775,455.3577107547143,-0.002760965966416866,55.711303302930155,365.5153578194775,60.69441205608344,-73.70156672886075,7.2191568906843795,208.45681789825863,344.7596672876406,-117.44970422763286,230.0349466771786,339.0035830687552,407.1450300872635,499.9994599762228,134.2246744740838,-467.028037717901,296.48983005951067,500.0,169.90776667502016,366.48308186016686,-154.42327675234176,-39.72894941373545,214.40132221982606,-4.593164341068391,-306.08558242610326,-228.26266708615773,-26.442793630347104,-141.6764751867239,-82.19480126673855,-499.9534539482462,172.78264318981502,90.33051193718715,-27.19155441636702,-307.2518782374506,-50.450576971157425,2.771626444759348,-120.27884653097847,193.85555271956918,-316.9489084567223,-384.1675910797616,-399.01822754767574,-217.19003247320623,1.1229408698939876,-4.042086364246534,105.77774016416471,364.4922826621311,267.6892936098192,-230.4919053908449,205.7299633055185,-260.3338279973194,-72.98414775025422,6.273872895249327,86.02817781200015,98.96146633095067,14.462409148863387,492.7397679770247,-474.92647021008855,-233.56707722196347,-94.70058112986214,-369.8413082088752,-229.8918799281902,365.25559610421396,-47.219552785414834,-171.63387227880546,-463.0905070339288,3.472632622737913,293.6375667989598,-135.28287947383268,499.9951767838937,-451.72622724006106,133.64540972082426,-410.3870971502374,252.2908033797247,475.46674786085316,367.189981240617,-127.73279305874426,-16.274430476908353,355.145988607644,-294.8510831775812,-163.74064097894788,-145.19906181246208,-283.9481544055812,-206.89532819994332,399.54639325338684,-263.6131947555871,-342.5230254230868,18.582195888711738,-75.84223103952152,-201.29336653326897,-99.26142178292756,-75.50739669692094,-197.94856410845154,41.565461032193966,337.86494510678307,387.1874383201339,22.0398205848568,494.4774410292808,-323.85965728530937,394.8103324811466,71.1231768624006,345.96889944787756,-1.616955065719568,-10.633011586095117,-451.1489613050242,-229.32590790377478,-440.14327717705197,93.40985001800965,-129.2312526451368,3.5349684781174857,-256.2510812269384,39.27624773966022,70.14426318946018,35.946350945405456,21.967081220509925,-162.32071217310073,199.12671861041326,320.76223869375093,478.111996161064,379.1943038956227,38.727233758799876,183.3319742295422,282.7842800783712,-308.2041569374807,-36.62405379880308,165.4222309011518,117.34534690600996,486.7065685360069,320.1369394151112,187.19121179699096,-80.18317350783026,-499.99999998071365,449.37315224651826,-20.418067972080323,60.41869355967017,190.8406669845303,162.49867974328984,56.19141463420101,2.6751381339086655,-76.86062483590169,15.11843454238202,-147.0020581202537,82.42471679997242,-8.865181219438567,82.60038022205693,499.81898631970057,-360.40944859768354,225.3311919455052,265.1835462132524,297.6161310856742,-77.36988316536274,53.99121767261217,99.38846768803879,464.66357431823246,392.7013423766976,246.5612274265986,484.4841855072047,131.6357163218081,-1.70163263968904,36.8575170321654,-232.83801115072586,21.610763713783715,52.715291669781884,-243.552330784026,45.424625565490196,-211.29196558679692,-19.28750215790402,254.51849665738123,19.05169779228613,282.7015653832044,121.92984540091567,-50.108927317098306,500.0,499.9999999999978,13.436067036952245,-104.40100740262889,126.81164438252634,7.750420195582175,-127.35479997006682,2.3396406947261923,-76.73299733756984,-43.32452025474865,-36.76548622718694,348.02578623255613,149.2793203425328,75.5182222060423,-82.1252526164175,-168.43904912200676,86.49504211985966,-441.1423014850773,92.71525211093103,37.213289350264745,-127.67910363732987,-493.38953726639284,-489.07928219034477,-79.56296014688503,13.63230868662386,-86.94553536908062,-4.994376892150303,59.136211255069696,99.75980699396935,-21.107257766133632,-102.43962184186198,-3.8392794128669623,21.1578519571063,-284.34836794789544,-141.8843252568337,401.8280165978204,32.495303931695666,100.94319303439099,-22.667280057428716,-156.55376071205535,-116.8547216656814,32.06767707282521,16.04536341551167,99.46245573770871,-73.86007350994169,306.2106466471223,-101.50502252665424,270.95551729647144,0.5779883068985788,6.841995755439234,-499.99935370451226,-0.004603759807520832,-4.694418821779906,-62.82836769113779,120.10759625654183,-44.37353249517808,-123.31349647943443,-66.38131319006041,-61.61194692682945,207.68383598395164,226.4992088117985,-99.52456779736195,94.48623193645567,-91.88794794129203,22.570437507654244,-53.695025850928616,-179.6280072716562,-24.084015630542726,-34.96470385238677,-41.67108225227727,-157.7593181223498,82.77548985200202,46.221593245036296,93.63541838205228,48.54617072912755,-196.3364723240013,487.17843754073084,-16.666317827236355,-404.3234171727667,13.584873236881617,96.76774009739655,-449.19611765557863,104.88134212171515,404.63147877624334,-0.004603759829348704,-102.17690331919066,-27.655466743316673,342.8154615877467,-378.11234433395083,444.17285717437653,-499.94818556906324,-499.9497632595491,124.38029457770254,218.52636496176967,-281.06866931659437,425.54533330666203,-402.6486506818264,-499.99998207468275,45.00681372708119,53.02102492421431,-184.98451469021356,-487.98998269405445,-53.82370564945005,-25.461653612948695
194,-0.0017209290017422322,-499.99999999977814,499.9954855778733,23.946261307471314,456.0478160894128,-0.002582901975961011,53.65971880391275,365.7728853079841,61.57007269906111,-74.82427707287611,6.678995049514155,208.31021226680068,345.4970342642224,-117.35484489758974,230.94241026649888,337.9795602754014,406.4856398526318,499.99942498842705,131.75349738574522,-468.0198284023333,295.1838277823396,500.0,172.06429456992356,368.07695489357025,-157.3079778895115,-40.25928279626276,215.84748647532666,-4.990033735499448,-306.03442096115435,-226.2709904288215,-23.43681332853895,-141.01639173589413,-82.32435558436575,-499.9534538260512,171.4589566536889,91.61189404059834,-27.531422516698473,-306.7097089478237,-50.162101623913145,2.8538750982309504,-121.27051966571092,192.05856368515938,-316.8197641499319,-384.34331449937775,-399.094042690453,-218.2815672790077,1.8054434952712266,-3.984026981838149,105.80514769861027,363.14997141438744,264.2464094459356,-230.9036404358029,208.0529066254097,-260.1117209472437,-72.7030389304816,6.179429526133344,88.11654525024473,93.07396822144243,14.970856249667357,492.8452235322647,-474.9616917995968,-234.19982584214284,-94.1562728765132,-369.72951404703934,-229.31369958294027,365.47213258195995,-47.375706332287265,-172.14614223919236,-463.1701391456419,0.905335721953701,294.2260846960432,-135.14005486304666,499.9953464651252,-451.6409248202291,135.18587886260144,-410.2976028415919,252.71513366584003,475.44749007297446,368.3868457903506,-127.44253383486989,-15.643919050158225,355.2425034206059,-293.87427760511576,-162.7166118985782,-144.71527154024145,-284.207631709474,-206.806707613201,398.6514012027675,-263.66646374846056,-342.18345488787065,19.224683634315795,-75.16965393793217,-200.47207136452505,-99.17214982273966,-75.1634448730832,-202.05062508322146,40.96443460371609,337.5250117296165,387.51709700849665,24.783242118997126,494.52120898983003,-324.626785482234,392.7490000642972,71.91189125205167,346.16668327114087,-1.942304115538433,-10.551689990144016,-451.76464140474275,-229.7325206693226,-440.1210508258108,94.33867336701174,-128.86113858943784,3.584056363268532,-252.98592382933515,40.11264100982694,75.77887480680755,34.39950336292994,20.840426479274136,-163.16330099599318,200.7249824180419,319.3836068532274,478.7045697371272,379.7948097280006,35.55866017607563,184.54269476494565,284.30990098209816,-307.6910498583348,-36.86123075626375,169.63961041836743,122.03975967473502,486.7106886202117,319.99044787615253,188.15712418953262,-79.92330964747393,-499.99999998081165,449.3239548948725,-22.137626411306407,60.69175173022911,190.71246313445522,163.47979442017692,56.39521909268637,2.8674984772005043,-81.51780832789264,14.383927570007627,-148.26481895746448,78.54610251439826,-8.960691947803618,82.77052282108781,499.81830323317257,-360.70698331753334,225.88826567654795,265.23859200455604,297.56262639365707,-78.323113345275,52.92296999013013,100.67151494907655,464.4574678569677,392.9215591102148,250.40254723359863,484.9052504687598,126.89848080057983,-3.8539935676328945,37.1995363449103,-232.38762508637822,19.915134399334097,52.29796042831386,-243.5679255743835,42.92156274728216,-212.73151617802577,-19.433252063188483,254.7547766707925,22.06181150619567,282.6622585825593,120.8809019222066,-51.44784579376572,500.0,499.99999999999875,12.645997602012784,-103.93006190401694,125.63369231431024,7.776405696142582,-127.62747683876219,3.2177964784999737,-78.44437853005199,-44.44362325241453,-35.132450611508006,346.86991019279884,149.30931902631067,74.05913524971139,-79.54375099119767,-172.09785067008818,87.18059284072785,-441.83216868706256,93.47358549684682,38.38874276480282,-129.83051665373716,-493.57812833070767,-489.18875763399603,-79.79856960869675,15.912916110943673,-91.84285249151795,-3.868073301349206,58.933108590153964,98.89041709712717,-19.77737147230329,-109.6549617386999,-3.833095609531445,22.413356105262846,-284.4761634505459,-140.12600826597625,403.13680894911687,35.02909103607484,100.96505341485984,-22.09366354064124,-158.92012350012467,-121.1401318788256,32.76987384596556,16.365264857893052,99.47032945895785,-72.0071981705338,305.61012535367746,-102.7493333392243,270.6241340770845,0.9640710480274445,8.802123575159516,-499.9993725109058,-0.004306847840673876,-4.703476927879092,-62.712750566676256,120.05093320563365,-42.638526850149404,-123.91580151378376,-68.78586138219227,-57.97100161480951,207.56750526984902,226.62209687835696,-98.05862487996137,95.42831550650948,-93.95413468756006,23.034393403828805,-50.89037163399647,-180.09149908359944,-24.849801005267757,-34.64358813501421,-41.48854489303689,-158.20961485077515,83.33339578865828,47.56362417207082,94.24202334539685,49.78300362037915,-196.3933691166144,487.06627495881975,-15.26787074783801,-404.73211274960414,13.432032000671256,89.02614155501918,-449.1570392149966,105.29256139949426,403.44466667689096,-0.004306847862501749,-99.14953790796491,-27.46955664763288,342.93656023233603,-378.30983549702233,444.2161773371561,-499.9489961492467,-499.94978546422516,122.87432117346556,220.69810022934593,-286.60602725002957,426.6222104698084,-403.16434133820604,-499.9999820762626,44.03768638665017,51.29499706479587,-179.10166447183,-489.1233868658221,-54.57936696509892,-24.904048616657747
195,-0.001609940500196792,-499.99999999978337,499.9954649301973,18.456601100505054,456.6498151147563,-0.002416321938634899,51.57712505207295,365.74203618450855,62.24892708286188,-75.92856646161802,6.126662836484465,208.034971478905,346.2795954958507,-117.24967145657115,231.89288991785546,336.6298476312862,405.7805438564057,499.9993888991636,128.8240522069606,-469.16880248680803,293.58618538823805,500.0,173.89888374766392,369.57851199042983,-160.49263535488382,-40.96226035288994,217.41116736206124,-5.37166105752217,-305.9477873795476,-224.06259950447253,-20.41601011546856,-140.09091217578555,-82.47791897079802,-499.9534536866125,170.1732468289286,92.69865594038527,-27.885915768815114,-306.1476699129912,-49.93034560999534,2.92135211327994,-122.21241684202961,190.5554195526418,-316.69684950628573,-384.55054094079844,-399.1727853080125,-219.34601696121047,2.4312651619144034,-3.9065532834367307,105.83168185076075,361.81558608176056,260.8835403609407,-231.28716035336944,210.78180884883184,-259.89121680653795,-72.41794886769205,6.1061867523588536,90.55551898539437,87.41719995163314,15.453982540922823,492.937288041939,-474.9952923991031,-234.7693235422436,-93.62931953113791,-369.6033726578243,-228.76153956685462,365.78808865758555,-47.53265060975407,-172.68814163594195,-463.2464678152332,-1.6566550668796611,294.9809729996878,-134.99718729972702,499.9955012249813,-451.5390324927124,137.19121490113923,-410.21135228414846,253.0375862907275,475.42307885988976,369.8113887319191,-127.12181950292026,-14.853474456667318,355.3364242246727,-292.744920097211,-161.6178679606584,-144.2317254248355,-284.4679265814444,-206.63293117429697,397.527581429906,-263.6964312627482,-341.86502777721944,19.859535394294696,-74.51682440502658,-199.66706367565422,-99.09891586645604,-74.85598160330309,-206.2273666123339,40.37004680574581,337.1081453769384,387.83536604241715,27.428667436684222,494.57719837261766,-325.5584428268778,390.5942672027842,72.65494910383289,346.35816803725294,-2.269145355778664,-10.467804080918036,-452.33761048942654,-230.11329536407507,-440.09832713678713,96.2099603677966,-128.48865920555733,3.6325002044344523,-250.4895813338724,40.947192956818164,82.69245482023166,32.952699122475856,20.214373196603535,-163.95239345288587,202.82435381041194,318.042397731991,479.2035118363273,380.5889043663637,32.40460282393903,185.63337570882308,285.4529888500315,-307.2178035138947,-36.94197111057708,174.56393902682262,126.14007774717581,486.71495448934263,319.60863923384574,189.29090367609533,-79.63306517255755,-499.9999999809052,449.2684253813071,-23.882269369352414,60.96483092590864,190.546205258688,164.51141711566828,56.60821014040351,3.0582138503177374,-86.03688332163516,13.669694496507239,-149.42998661468962,74.75774876172508,-9.050663437224427,82.9476218059794,499.8177284071919,-360.83342626560795,226.41844344659384,265.4741701322455,297.49191411781743,-79.11131626970658,51.904293041091094,102.07493981879081,464.216360504855,393.14946147887656,254.14103404623518,485.308876036796,122.25554382696193,-5.923842158946968,37.542261777903086,-231.88583102978077,18.210066447415517,51.94355302953002,-243.50981733051913,40.482392705040134,-214.07890737708578,-19.48409317058875,254.9393459015571,25.108390132545182,282.60638054169317,119.87496429684002,-52.89481567555265,500.0,499.9999999999992,11.891340434871736,-103.45072821415458,124.38902023315414,7.811727163797277,-127.90150172264364,4.1353828947470745,-80.19071805918661,-45.60001726179519,-33.47046260498482,345.50839067388904,149.3402015281537,72.58527631476403,-76.99018794268007,-175.73095504483604,87.8661064677285,-442.49745077752107,94.13276574777473,39.51903300263245,-132.0182929824937,-493.75927011798206,-489.29471966928156,-80.02576616170849,18.163500418724208,-96.72954129190266,-2.760676880168958,58.69858923522772,97.97044425760357,-18.451534971040942,-116.76497534538365,-3.8260974829782914,23.654790286570908,-284.60030218333725,-138.42548134551578,404.38610867791436,37.49558044428811,100.97249120376163,-21.530130341784783,-161.19274013961146,-125.4638777307725,33.45196505911121,16.672134117476574,99.46151352855996,-70.18250419549305,305.04145748255877,-103.97620111952922,270.31838433958467,1.3555065919699396,10.711029311332409,-499.9993900772047,-0.004029084731795695,-4.72713695884149,-62.615987283709444,119.98279034097195,-40.95146435655141,-124.50354607668936,-71.11693299113578,-54.4156701573607,207.44041393285838,226.72772121104046,-96.62602627173082,96.34508152086592,-95.94437095161584,23.466466451386033,-48.14152883437249,-180.55065662625947,-25.599997012238784,-34.33271162755495,-41.34156229405997,-158.68452098570532,83.86760953925808,48.76879642627834,94.75657099034964,50.98276333988339,-196.4541088962384,486.9162106923713,-13.918220986149391,-405.1202306146293,13.25422643118696,81.537090836087,-449.11923062269574,105.6881591540466,402.2736270393534,-0.0040290847536235685,-96.10689416153024,-27.300761279078557,343.0575788088432,-378.46570971319807,444.25956698068535,-499.94970161575696,-499.9498067968203,121.41503450811832,222.7973215647461,-291.78141485753054,427.65101582576494,-403.6636545775706,-499.9999820777804,42.97027134458438,49.228420110723825,-173.33626319937852,-490.107173829529,-55.29093253608568,-24.449014713412396
196,-0.001506110023906323,-499.9999999997883,499.99543986252144,12.898889802078862,457.1540626057611,-0.002260485209247296,49.61998504915804,365.4064291180319,62.75144581029096,-77.00865181445037,5.559000945356186,207.6573377886444,347.1112117862072,-117.13612407252428,232.97284068320562,334.9773866313151,405.0218738881124,499.99935180317414,125.51913801189271,-470.4367235156626,291.73256094875006,500.0,175.32139625493718,370.9933706885198,-163.92164620487472,-41.81195347349198,219.0755259176731,-5.738323067832694,-305.7903685409215,-221.62573015717703,-17.44697466855927,-138.89246488014516,-82.64920956390738,-499.9534535313283,168.92650748778985,93.5939082196311,-28.256756533577917,-305.5731610966134,-49.74058189940504,2.971349385305115,-123.10823342775717,189.34258763891447,-316.5804275798378,-384.7872525522669,-399.2548458294017,-220.38361623927045,2.9995308229093336,-3.812965981419194,105.85737019160045,360.49187933233685,257.600861196582,-231.64872277825873,213.91083181259532,-259.6759173842044,-72.12848557623174,6.050259041384429,93.34421524982473,82.00919223501187,15.910497647098017,493.01431854216383,-475.0273241483502,-235.2842899339798,-93.11972761551574,-369.46492728791344,-228.2401074800238,366.2103452494695,-47.69793327610602,-173.28078756306692,-463.31963718497406,-4.242848240078217,295.91389680695687,-134.85553761769972,499.9956415162066,-451.42007935220425,139.64877906184017,-410.129699053824,253.23876868075612,475.393642381131,371.46730046377775,-126.77057818495224,-13.922781217560743,355.4278141248432,-291.4613066826724,-160.44226988612226,-143.7484230999669,-284.73149790751626,-206.4107767169861,396.1799159073583,-263.7049066978741,-341.57400072603537,20.48531732178,-73.88180441099661,-198.87903142685968,-99.04443783256417,-74.599345659866,-210.4492111789036,39.78588335831106,336.6166381588412,388.1426567584512,29.98423204891256,494.6456640373946,-326.6342393966939,388.36530270812443,73.36133966991886,346.5436110936811,-2.5972923929451914,-10.38476059375491,-452.8670793502373,-230.46908644388617,-440.07551229731047,99.02022905835499,-128.1192455369283,3.6770725265295376,-248.74355172958667,41.774814999385605,90.87428980455553,31.605074615306478,20.077214649637227,-164.70004250132473,205.4409140048389,316.7379672649709,479.61769460566813,381.5862720246098,29.279989895116906,186.59014556226987,286.1531382891354,-306.795854205907,-36.8675112312915,180.17414314706338,129.49001726419002,486.7192552828184,318.956282538012,190.59181644162408,-79.31390863690571,-499.99999998099463,449.2067492313695,-25.647137366292114,61.23727417856367,190.34285881961338,165.57818350093504,56.82228930932359,3.2499161950662843,-90.4117710278352,12.971395384190659,-150.50196337784774,71.0627879354732,-9.13150086212762,83.12831886812711,499.81725923681546,-360.7872126562107,226.91873767067426,265.8833557782941,297.40586898017415,-79.75450214134267,50.9304697496796,103.60029334894242,463.94103101541333,393.3842963046304,257.7866607383205,485.69605526859675,117.71220336947512,-7.910611798749159,37.88377355314351,-231.323954131721,16.50717010043817,51.656644713639686,-243.36219083168373,38.10696236458007,-215.30811810641205,-19.439325181410904,255.07028623011234,28.19147233448992,282.5355168116881,118.91040741697796,-54.43924800218114,500.0,499.99999999999955,11.166397667301542,-102.96269724832027,123.08307856367823,7.858482801819491,-128.17466436613793,5.091311586171474,-81.9554621752129,-46.80111936125317,-31.7855862864376,343.94260307950293,149.3717310380429,71.10469659816329,-74.47921191462639,-179.3103732680653,88.54604934808836,-443.1394848203612,94.69538470905607,40.59633121099947,-134.23442610289928,-493.93346566764194,-489.397167657877,-80.24527167301828,20.37517783235929,-101.58697529839296,-1.679660647808286,58.4357482507286,97.01069303923505,-17.134896978714938,-123.73024379961821,-3.8174305028029587,24.874437361660117,-284.7206987291905,-136.79103658095255,405.5778711681273,39.89144197242097,100.96692447105156,-20.981511031205965,-163.3876544183071,-129.78735750396177,34.11066693465031,16.96488896127086,99.4370234707374,-68.3957704352886,304.5152581255989,-105.18160793347438,270.04904204741405,1.7530513145875333,12.558367515278709,-499.9994065041373,-0.0037692355034973793,-4.761008144790973,-62.539874228392314,119.90432118245789,-39.323925193871695,-125.07694156602065,-73.37756089901836,-50.96034933180964,207.30335726552246,226.81796778881187,-95.23729745809857,97.22874857414918,-97.86222632564414,23.857359399894218,-45.462914074827125,-181.00641394030484,-26.334720878429142,-34.03547585869713,-41.23742358100884,-159.18350825815077,84.37202383830754,49.82003455442781,95.16706597478473,52.135807874858166,-196.51975642977337,486.72273989671515,-12.627732471500318,-405.4879124898777,13.04808453925684,74.37265254393267,-449.0830911555504,106.06434138497937,401.1222398864924,-0.0037692355253252526,-93.06663137232215,-27.147923803879216,343.177873741583,-378.5782097147223,444.3027534841438,-499.95031902946164,-499.9498272915397,120.00740023437375,224.82341452660287,-296.62228755493993,428.6365135948319,-404.14463662766286,-499.9999820792384,41.79179558335674,46.7869814537336,-167.68788844694112,-490.96449376957776,-55.95532809880717,-24.115749363779656
197,-0.0014089759242741815,-499.9999999997929,499.9954105008619,7.331683598415886,457.5490337728887,-0.002114698916544636,48.021362683725656,364.7481499901053,63.11850399788593,-78.05834921483617,4.971386380551398,207.20043595962483,347.9864403346375,-117.01665413354688,234.31470573640746,333.0445088813651,404.1991301950341,499.99931379745595,121.9345728740636,-471.7856838193734,289.6601200511457,500.0,176.22621489926274,372.3327708150717,-167.54111513460458,-42.78409847768447,220.8231725565025,-6.088763625169595,-305.5079416042082,-218.9605446918501,-14.599657197094041,-137.42630433913664,-82.83340456182148,-499.9534533615186,167.72234724724225,94.29313842833577,-28.645262815136615,-304.99299230568374,-49.56588078078381,3.000504037831698,-123.96303778372936,188.40579843255725,-316.47109857892497,-385.05274402302024,-399.3405360976047,-221.39470584084177,3.5102401233200635,-3.705473669508872,105.88224024003667,359.17932236745486,254.39895078262447,-231.99478748128197,217.4073164824112,-259.4698870613754,-71.83497503223191,6.0088850208995925,96.46817401633014,76.83282734639667,16.340421778319566,493.0740565623163,-475.05806798132556,-235.75248066702557,-92.62795482294891,-369.31677205387524,-227.75456328072877,366.7357015849881,-47.87935500334287,-173.9482852066477,-463.38978455772065,-6.888966424300708,297.02791530188875,-134.71702384548954,499.99576741000703,-451.28450812570173,142.50848664696295,-410.0544686902052,253.28636703459472,475.3591482225515,373.3461300549025,-126.39034637985041,-12.893092634276346,355.5167350863441,-290.02950601947714,-159.18779493759573,-143.26598961600547,-285.0013910084904,-206.18310454412617,394.607777250028,-263.6941212818326,-341.3179010745712,21.09950625241481,-73.26439190064238,-198.10922327791084,-99.0121265484505,-74.41066982588096,-214.6865504050138,39.214036289518965,336.050208088051,388.4393645401568,32.45309407617512,494.72611710622687,-327.8348595573905,386.07964308494815,74.03430314085622,346.72333565936685,-2.927620548601953,-10.307052878895199,-453.3515883282247,-230.80059086700584,-440.0531862869061,102.72277350994277,-127.76067325744755,3.714784294034384,-247.72572638008893,42.59097752301037,100.2487420336885,30.349848973195133,20.39674093545544,-165.42254933793865,208.5669973324572,315.4699811821049,479.9546539133743,382.78650138180717,26.201790271309434,187.40167451474375,286.3286230325642,-306.43795170164157,-36.64923281761202,186.41413389044934,131.89888358082726,486.7234620977763,317.9828014625436,192.0490726215442,-78.9685129838939,-499.9999999810801,449.13901238314304,-27.428689625229552,61.5082230603885,190.1025832633104,166.6596320900937,57.023711772653556,3.4422568506911153,-94.63827306039131,12.282523238502671,-151.488157202875,67.46426531032414,-9.204376739737569,83.30624031517893,499.8168933305741,-360.57029010474696,227.3839517061438,266.45850792009423,297.30507418240717,-80.28855852457706,49.98900455744818,105.24113288868968,463.63066839748876,393.6178412881333,261.3484828896216,486.06763468098063,113.27363941250674,-9.813883488372904,38.220283269494125,-230.69345848686203,14.814157014974443,51.44254339237308,-243.1091428237051,35.79554197740137,-216.39731943802815,-19.299102915086827,255.14416884038116,31.316214595624594,282.45037670246643,117.98712876371283,-56.06991511744707,500.0,499.9999999999997,10.466865119719651,-102.46608357845945,121.72174798827449,7.917699698002748,-128.44550898995902,6.086766577840759,-83.72521074980074,-48.05145764993134,-30.081088638759613,342.1783437468552,149.4024842457954,69.62423343465296,-72.0219403380419,-182.81583802644215,89.21671548733784,-443.7604433789475,95.1661754780232,41.61527773544712,-136.46851019212434,-494.1011760000563,-489.4962506194246,-80.45767465614632,22.541660710534238,-106.39896966515246,-0.6301455503919373,58.1472841121209,96.02087387120864,-15.831675514868401,-130.50810847402676,-3.8068694191836308,26.066733999222965,-284.83773615567577,-135.23172821040416,406.71459254984524,42.21670586774229,100.94914152900074,-20.45148321971179,-165.49124522871222,-134.07540657911164,34.743537011018965,17.242370758640075,99.39767326117621,-66.65411775806444,304.0379983141894,-106.36135957703667,269.82263906012025,2.1571600357267084,14.33676738132142,-499.9994218826518,-0.003526144835573837,-4.802358740335591,-62.48545512844272,119.81544886343181,-37.764594770283914,-125.63687516146238,-75.57128325670378,-47.61541898368208,207.15673577134902,226.89410485742985,-93.89996452985856,98.07354963732087,-99.71248427806306,24.200439984471117,-42.865203898296244,-181.46049602413493,-27.05669949133668,-33.75789366258094,-41.18063570094374,-159.70599054426165,84.83818857951279,50.70576680212568,95.46561366067128,53.23431880713909,-196.59199952976385,486.4804759227552,-11.4043525924814,-405.83528924809656,12.810108173784263,67.47909804257029,-449.0491945263365,106.415641009255,399.9903042855447,-0.003526144850125752,-90.03723710269958,-27.01176310829635,343.2969220528042,-378.6480677727229,444.34555134377234,-499.95086141329614,-499.9498469812535,118.65296576666066,226.77332959719052,-301.1539348369346,429.5819114465499,-404.60618269385276,-499.9999820806392,40.4925986599711,43.94781189194623,-162.15966995693844,-491.7147211989915,-56.57449052401128,-23.9171312776593
198,-0.001318106329560253,-499.99999999979735,499.9953768095359,1.815940966612239,457.82344894796347,-0.0019783148745670127,47.05968597322743,363.75301234409807,63.41265778703992,-79.0710007153593,4.358985815371475,206.6835872900174,348.89133467645655,-116.8939157098702,236.07765831817392,330.85361868346797,403.3006645208088,499.9992749800618,118.1759762781086,-473.1804022724204,287.4067889928125,500.0,176.50480642050496,373.613879657185,-171.3006826951581,-43.85716397634382,222.6362144778793,-6.420493430439908,-305.03379899085695,-216.07855899889265,-11.943906038109867,-135.7090251106494,-83.02711799480045,-499.95345317842845,166.56859121356104,94.78594431842123,-29.05259782465347,-304.41344181486704,-49.36644409622235,3.0049532819867077,-124.7818769967217,187.72172315694652,-316.369636638749,-385.3475413349719,-399.4301205375205,-222.37918660659025,3.9636552455611582,-3.585514555322422,105.90631938389612,357.8753457758035,251.27891095305372,-232.33127741654417,221.21538949694337,-259.2773591358375,-71.5383241287132,5.980228175900377,99.89926445935,71.8748367679587,16.74539517322158,493.11389256087085,-475.08803858310995,-236.18001549529274,-92.15467220437367,-369.1618833117387,-227.310412264182,367.3514675921614,-48.08316985136556,-174.71395703438105,-463.4570407478593,-9.632309674280572,298.3169471878212,-134.5841451759218,499.99587866597113,-451.13360076448697,145.68983196980236,-409.9877665121651,253.1388725443559,475.31938274561026,375.4279664592657,-125.98373452860048,-11.822624662546062,355.603247899328,-288.46242372371614,-157.85200332598438,-142.78556235772385,-285.2808033297136,-205.99027008201662,392.80569444637837,-263.66612467236644,-341.1045697527838,21.697712818345686,-72.66636657563261,-197.3591661417819,-99.00491287290077,-74.3081310617021,-218.91029479349615,38.6551847439354,335.406352360622,388.7258695212693,34.835738799299484,494.81737343919906,-329.14277781131716,383.75330811988266,74.67486994080666,346.89781980291986,-3.2616103094734683,-10.239804798303759,-453.7889632574631,-231.1081713069944,-440.0320238716483,107.23657560103206,-127.4223323367768,3.743357551137196,-247.4112647379364,43.3921917065091,110.68138988444065,29.17509025918447,21.1252859540688,-166.13689168139018,212.17165594270634,314.23831813896396,480.2207212053737,384.1788838045043,23.18917322948044,188.06048823152207,285.8857564008617,-306.1559824952312,-36.30658904712071,193.19636965318657,133.1578351988486,486.7274169283298,316.6290572272905,193.64286222180505,-78.60051646216499,-499.9999999811617,449.0651085603653,-29.22424847493451,61.77673132019429,189.82464526878167,167.7323151427911,57.19552345518996,3.6328908953800947,-98.71531195547186,11.595290189805743,-152.3980359567142,63.964661907292125,-9.271231986587358,83.47329070600071,499.8166266436457,-360.18778549702154,227.80720077434955,267.19161011762446,297.1884530330922,-80.75632178561678,49.0603315529264,106.98424832815027,463.283085424369,393.8357187417697,264.83457378890216,486.42431739721087,108.94438499132512,-11.63352143165016,38.54770400650408,-229.98575919008033,13.135462843151668,51.30707150385854,-242.73408925951176,33.54827340398207,-217.32715434818797,-19.063681777909853,255.1557270573277,34.49133344050443,282.3502709907893,117.10576810536026,-57.77493897272771,500.0,499.99999999999983,9.789166726015734,-101.96136879374981,120.31077642542262,7.989632902288461,-128.71349415243014,7.124618298368877,-85.488227908346,-49.35353725493667,-28.35830002713515,340.2239529864125,149.43021141500668,68.14890531450156,-69.62685758139777,-186.22923422611265,89.87570552188869,-444.36301599176005,95.55045590852481,42.5717525960591,-138.7115888485868,-494.2628663732903,-489.592240839951,-80.66531254574988,24.658603561025565,-111.15129848104637,0.384021114263695,57.83508529202344,95.0087350115126,-14.545600000522422,-137.06960986644629,-3.795635466042745,27.227542967162194,-284.9524468953557,-133.7564486487469,407.7991953020243,44.47224552911943,100.91927533268556,-19.942966089294902,-167.5192009318533,-138.29821065090707,35.34842696141785,17.50324528365112,99.34353718020914,-64.96300357617126,303.6122791739141,-107.51362063443968,269.6417543489693,2.567931279600807,16.04062904146604,-499.99943629500854,-0.003298731906349873,-4.851144861186655,-62.453686508191815,119.7149574748855,-36.280286532493044,-126.1844144665867,-77.70177678705683,-44.38918292800135,207.00051857045335,226.95649653308107,-92.61892214167156,98.87503586155252,-101.49976302728437,24.490719448265978,-40.356534115969936,-181.91504436741587,-27.77003525056645,-33.5073886308713,-41.17275359556875,-160.25107249255427,85.25648986391474,51.41930252949496,95.6492104241951,54.271544928230924,-196.67281445627583,486.18425611993194,-10.25421063962157,-406.16241027229205,12.537887853397526,60.8846822533087,-449.01830023131123,106.73525651527342,398.8765390654955,-0.0032987319209017885,-87.01941510621582,-26.89390796375465,343.4140265178648,-378.67846847039306,444.38775130812934,-499.9513398650345,-499.9498658974991,117.35048368277911,228.6425088454123,-305.40117902834965,430.48936025940196,-405.04812074787463,-499.99998208198497,39.066573705568054,40.70065528460273,-156.75747224803536,-492.37411307608954,-57.1513472097176,-23.85991394991727
199,-0.0012330972240281437,-499.99999999980145,499.9953386165368,-3.586146754720017,457.9695055091456,-0.0018507267013689731,46.96169764880124,362.41549249997246,63.70247006239072,-80.03899503053822,3.7190962703712533,206.1230841363266,349.8057934503949,-116.76998154216292,238.38215288897504,328.4300294240678,402.3169383958479,499.9992354490335,114.34603070489564,-474.5896148313622,285.0102634126791,500.0,176.07046662543664,374.8541115979894,-175.15348455423114,-45.01132298097404,224.49711730030876,-6.729932817067498,-304.31334676960387,-213.0002722605226,-9.54174041426584,-133.76644962825438,-83.22781408963509,-499.95345298323207,165.4758950299327,95.06199336973526,-29.47905925281314,-303.84003204986936,-49.101956602709016,2.9811619396395703,-125.56936768924207,187.260310983412,-316.27661873999995,-385.6728319771524,-399.52379424583546,-223.33674898396396,4.360572141938017,-3.4529783043806557,105.92963454819854,356.5708422493213,248.24224893720833,-232.66303780904258,225.26164970839184,-259.10203093790983,-71.2396751335686,5.96422517168746,103.59861957190653,67.08106652318993,17.128337441727446,493.13143563772473,-475.11793593435834,-236.57185736763938,-91.70032881031105,-369.00301899427694,-226.91265127275537,368.0377144935916,-48.31290363788032,-175.59551599129705,-463.52153041114497,-12.505006776876408,299.76638304803004,-134.45958753620255,499.9959748975476,-450.96929810833484,149.09311319549298,-409.9316474028116,252.75500034203202,475.2740294853403,377.6833222083473,-125.55368599644024,-10.779097136178297,355.6874122541803,-286.77806967705277,-156.43115497797396,-142.3082423658118,-285.57233975851153,-205.8630664731532,390.76821162866383,-263.6222512085189,-340.9407121152084,22.27477283568162,-72.09059348866896,-196.63002169324628,-99.02393434338147,-74.3071875410142,-223.09215851735865,38.11044557958939,334.6820540207824,389.00253722038946,37.135074202813186,494.91768367468103,-330.5417912737091,381.4015772535092,75.28533616605736,347.06786740394205,-3.5998647274296527,-10.187565633676606,-454.1763705763381,-231.39169916387556,-440.01267546286874,112.45006360197051,-127.11341165772805,3.761764071433458,-247.7704963922211,44.17640935859065,121.98937682807022,28.071068829813523,22.202317504514586,-166.85711888294517,216.20350055211128,313.0430801440483,480.42122294152176,385.7434735322881,20.264211328060707,188.56417444628386,284.74641033957096,-305.9583746086928,-35.864126425171094,200.41019779110985,133.0767013473081,486.7309494448085,314.8439043577403,195.34662065411962,-78.21422304569111,-499.99999998123945,448.984729793862,-31.030595235511196,62.04191343175326,189.50837982269044,168.77387046409376,57.322173199087715,3.8165077093237687,-102.64152954701498,10.902476545911554,-153.24029875899757,60.566511337436665,-9.33923455497847,83.62167351289607,499.8164551968329,-359.64723941752555,228.18181985921015,268.0758278773885,297.0545228472485,-81.21027996714673,48.12032177106055,108.81228530714158,462.8955952427831,394.0200407740047,268.2533924378993,486.76687250369025,104.72876701701507,-13.369054223199827,38.862999947151636,-229.19201173636404,11.473798160859605,51.25683987094395,-242.21951460335998,31.36593441872876,-218.08051436758475,-18.732597436924298,255.09750472676262,37.7278289526024,282.2342302741933,116.26786266038057,-59.541826384861345,500.0,499.9999999999999,9.130330740385508,-101.44873841677634,118.85611324693733,8.075220074024475,-128.9791680326643,8.209305814540745,-87.23686033293544,-50.70858938211808,-26.61692218941162,338.09026695293403,149.45320761672184,66.68283069017644,-67.30043428777765,-189.54339366652712,90.5221435359987,-444.9498476938522,95.8526931544636,43.46274712399317,-140.95365006292235,-494.4189862123565,-489.6854877257939,-80.8680602912245,26.72278506004985,-115.83735118334718,1.3606212556866064,57.50082303838276,93.9807992703411,-13.279214340528947,-143.39276721483634,-3.785801225257917,28.354310989075458,-285.06566098430517,-132.37005114440856,408.8353327831629,46.65746059551338,100.8777801517671,-19.457630717007522,-169.4484340280744,-142.43310276312013,35.924025303905864,17.74688762833512,99.27489983699739,-63.32636256196385,303.2395233450875,-108.63478784997835,269.50820851844185,2.9852242113491516,17.666062142133473,-499.9994498157385,-0.0030859856051001,-4.907885216243158,-62.44502721646757,119.60201990923234,-34.876003067125616,-126.72124575081786,-79.7727439102865,-41.288160534443875,206.83513591719355,227.00563584587877,-91.39635168151933,99.63008046196306,-103.23004407373088,24.724868296839706,-37.942901324076985,-182.37264661549324,-28.47907400731824,-33.29051480945238,-41.211252812310704,-160.81742043730338,85.61837672326797,51.95838585866985,95.7219929545225,55.241571597526594,-196.764112190137,485.82922879345756,-9.181521642477176,-406.46875641376755,12.231181220349756,54.48104156072492,-448.99124944970765,107.01634977182998,397.77167043712416,-0.0030859856196520158,-84.00371500587077,-26.795350683812583,343.52824627158543,-378.6745422568544,444.4290587155478,-499.95176417006456,-499.9498840705378,116.09870344277556,230.42716159629703,-309.38721705342977,431.36075121014176,-405.4709267334534,-499.99998208327787,37.51251962108471,37.04954158103977,-151.48278260134913,-492.95619099166174,-57.700043564804346,-23.943662089691546
200,-0.0011535706398697126,-499.99999999980525,499.9952957089867,-8.807462654079737,457.98487702203624,-0.0017313671196392455,47.77156764282774,360.73739145745384,64.02751958838606,-80.95346138128828,3.0538271964854777,205.532994632745,350.7081463649609,-116.64577718441618,241.22933819726504,325.80001885548427,401.2448376502184,499.9991953015977,110.51847965942049,-475.98685288666434,282.50460748471,500.0,174.8823954450512,376.0612183133439,-179.05618500359935,-46.227911545063705,226.38967997123407,-7.015334477649067,-303.3368864772602,-209.7533686841992,-7.437164713422511,-131.63154633761783,-83.43309061576431,-499.95345277703626,164.45231233319237,95.1167682998315,-29.923026742356562,-303.27710558507715,-48.754519023221484,2.9272871553898487,-126.32874030387967,186.98725399104077,-316.1922709350287,-386.0292564677042,-399.62152873193844,-224.26645296684373,4.7031344587606485,-3.306375179753786,105.9522118920162,355.26327148906876,245.2910556373191,-232.9931237274175,229.46414783805355,-258.94624202363514,-70.940048710595,5.9625539480750005,107.51938613286751,62.468403853939655,17.491798537563657,493.1251803041675,-475.1484179803085,-236.93137783964852,-91.2647485795721,-368.8417772089679,-226.56437278710166,368.7711680046682,-48.56926555851822,-176.60003790833736,-463.58337234168124,-15.523270288178718,301.35472249352256,-134.34560971666355,499.99605581912,-450.7939161646321,152.616777777166,-409.8876711128738,252.10782373695417,475.2228412667095,380.0758127408398,-125.10303160500094,-9.816243173183612,355.7692868290301,-284.99679232355425,-154.9194432802577,-141.83457304992245,-285.8771827436044,-205.81876925867857,388.4956323109492,-263.5628413503669,-340.830148681334,22.829784134339256,-71.5357591391588,-195.922221011853,-99.0677785310955,-74.41608258571537,-227.20504911842824,37.58204784080421,333.8764551198458,389.2697191580343,39.354917100898135,495.0249205939357,-332.0160203372426,379.04106633594563,75.8679151789002,347.2349962914301,-3.9405758420134216,-10.152784267875802,-454.5104845984429,-231.65038589010098,-439.99561924806693,118.23071487886844,-126.840644145204,3.770219678862469,-248.76750960329466,44.94254745290032,133.95581486884754,27.03074944006402,23.56077523128169,-167.5892532974045,220.59527761888378,311.8846382227016,480.56075035493575,387.4530641563668,17.452469562867734,188.91501965494666,282.87423886111765,-305.847212548669,-35.34751849311964,207.93148969570308,131.5289449691494,486.7339177442151,312.60292633763794,197.13067949188343,-77.81436989685939,-499.99999998131335,448.8974790152612,-32.843375846330495,62.30302626884724,189.15416187391537,169.76744475122683,57.39408295847921,3.9951107064896467,-106.41734124187045,10.19996343880007,-154.02017064729313,57.27249652534026,-9.404773600469165,83.74568805839722,499.8163790162845,-358.95735133094377,228.5031562212764,269.10717266305124,296.9028530861733,-81.6809569570385,47.15194435888971,110.70554602661257,462.46677601046196,394.1575579323967,271.61345332889505,487.09615122261886,100.63103664790594,-15.019451032963467,39.16420214580821,-228.30349508768586,9.831972890778282,51.299142997814535,-241.54707836291016,29.249677919421735,-218.64155516489404,-18.304353343231348,254.9602304541126,41.03759786948917,282.10224661902475,115.47553168146067,-61.357240336313104,500.0,499.99999999999994,8.487545083983177,-100.92746925045346,117.36450647507718,8.175513985671364,-129.24462349459358,9.346490201424754,-88.96490480543723,-52.117242554719255,-24.855504282989816,335.788948486688,149.46973674106954,65.23032498099164,-65.04795892304605,-192.7485633925283,91.15654152464788,-445.5228273497153,96.07863066629078,44.28607060438453,-143.18909885029424,-494.5699123130155,-489.7763395190111,-81.06892345268373,28.73153782198534,-120.4497606604947,2.298483545121804,57.147134077476544,92.94336647183208,-12.03349281224945,-149.4702441244154,-3.7787839192769983,29.445788294880472,-285.17812906123703,-131.0701834157187,409.8277414317144,48.77252020837411,100.8262835764688,-18.995877950131543,-171.31979289374095,-146.46654808117822,36.469798240918216,17.97396744032091,99.19294481463255,-61.74701402182725,302.9218926884531,-109.72677356565315,269.42432270740005,3.4090527542631794,19.210294882016047,-499.99946251248247,-0.002886960028231193,-4.97126068237043,-62.45964150024685,119.4774701368054,-33.555544370413,-127.24923945634353,-81.78707849882515,-38.31770108220762,206.66261097615032,227.04308318434576,-90.23162969004261,100.33667595567412,-104.90806280950724,24.900559190319306,-35.628433577919985,-182.83601596657505,-29.187004189710386,-33.11123498044401,-41.28801824313335,-161.4031953212621,85.91835123908605,52.32502944357457,95.69865181677312,56.13958998077441,-196.867469173794,485.410976028674,-8.188796580261982,-406.7525788817719,11.89249913637886,48.37991679398802,-448.96878148392494,107.25365165263632,396.6769115074949,-0.0028869600355071502,-80.96448935963424,-26.71554985690173,343.63882862605425,-378.64253172497246,444.4691671776349,-499.9521425747551,-499.9499015293928,114.89715905899774,232.1247505509566,-313.1306032983358,432.19770576161363,-405.87524580997433,-499.99998208451996,35.83591653036189,33.01500498089832,-146.33385947916005,-493.4719095115888,-58.21746227405137,-24.158244966886173
201,-0.0010791729982867378,-499.99999999980895,499.99524797183375,-13.772941583094985,457.8724820773341,-0.0016197054392194064,49.31081228613893,358.7234417713729,64.366963068441,-81.80419366029935,2.3718516029964016,204.92548231980243,351.57871860607105,-116.52104293874378,244.48350684635938,322.98593583855524,400.0910041717101,499.9991546342485,106.71800804053579,-477.350739386758,279.91498285471994,500.0,172.9582056878485,377.2257200371845,-182.96943693838787,-47.48919592084058,228.2995925700893,-7.279635415276882,-302.1509974138666,-206.3711244796968,-5.648500650019326,-129.34235250771832,-83.6403104830504,-499.95345256088353,163.49594835141062,94.95321120613215,-30.37992726180496,-302.72750061472306,-48.34387226500482,2.8445258324228613,-127.0627628874405,186.86704458799085,-316.1159913524954,-386.41566879259693,-399.7228380112209,-225.16813265807377,4.995339615547451,-3.1422092637967,105.97407658736084,353.94611018750703,242.4273135152554,-233.32315895055382,233.74055441095217,-258.81041548129866,-70.64009707613562,5.978388980875852,111.60895040665673,57.96099987390221,17.83674079631349,493.0950098445107,-475.1799164199101,-237.26253476685392,-90.84696667646195,-368.67778964381733,-226.26553978692033,369.52937152556257,-48.85136913381748,-177.72297510254802,-463.64267978327405,-18.686070668908958,303.05586354853995,-134.2434714936262,499.99612150943835,-450.6098130959061,156.17096139217233,-409.8564980223614,251.1930990881603,475.1658392486167,382.56524556686253,-124.6340401429244,-8.975125037818199,355.84892929985574,-283.1385526188594,-153.30924757617368,-141.3640044528201,-286.1947176891128,-205.86130358915395,385.9983778593734,-263.48744248885555,-340.7726771505974,23.362911821918324,-70.99875407586507,-195.23451334425008,-99.13255315135382,-74.63285542092173,-231.2240747577334,37.074376360004386,332.9932111183915,389.5277534468174,41.49948257889229,495.13679567709363,-333.5489370995098,376.6905973950074,76.42795986363396,347.4018993141227,-4.279662143734041,-10.134930195439226,-454.78788393438936,-231.8829485376519,-439.98106397266923,124.4343866445937,-126.60666545172738,3.7696902656142464,-250.36123213665644,45.69081533273393,146.34718825400768,26.05689224811534,25.13245620862237,-168.3313806943751,225.26958388398796,310.76348691307487,480.6433813495849,389.2757583721991,14.782521487254426,189.12183284033756,280.2863471099028,-305.8178443411052,-34.78013577695621,215.63190557315042,128.48710006975736,486.73625263573587,309.91810973195845,198.9656094256864,-77.4058522699044,-499.9999999813832,448.8030838421261,-34.65710063896272,62.559446749061564,188.764226145733,170.70422614884845,57.40995099160079,4.168295993791934,-110.0430047721064,9.488377605356206,-154.73742234812346,54.08544287963526,-9.472499236655045,83.84329007666426,499.81640435722755,-358.12709651015194,228.76977409948225,270.2851904826425,296.73472683916884,-82.2041753480949,46.14531134497568,112.64315431413372,461.9976344298786,394.2384575141502,274.9245760274972,487.4131754056836,96.65535522607858,-16.583219421563907,39.450253830032885,-227.3116848775156,8.213957644054304,51.4414674918161,-240.6980460773164,27.201023057694627,-218.99623493335406,-17.776510300040634,254.73317135281314,44.4313888378982,281.9557589020069,114.73101795416902,-63.20712486328924,500.0,499.99999999999994,7.857413362672686,-100.39539782951867,115.8443565343234,8.293103113394752,-129.5129908439488,10.542229676216301,-90.6692101065227,-53.58066893132723,-23.072434021021753,333.3347600839419,149.47939822521093,63.79656524464787,-62.87511323910142,-195.84671389812323,91.78037772268053,-446.0827444828309,96.23520797942034,45.0395896114986,-145.40776033939375,-494.71590513363236,-489.8650589574153,-81.26399735063704,30.68224671337235,-124.9892815760364,3.1976021136084145,56.778181946286466,91.90288795591424,-10.808295215288464,-155.29072819296783,-3.774088644723408,30.50115143356404,-285.28917783609865,-129.84830796108534,410.7821568326128,50.81884822968854,100.76790536646881,-18.557132891535684,-173.07657069357373,-150.38240987970715,36.98607124323404,18.18665912762809,99.09996167423866,-60.22755834978429,302.6618156259742,-110.78370744962301,269.39303351427805,3.8400919366814357,20.670800914044833,-499.9994744467269,-0.002700770281054356,-5.037259963039581,-62.49708889629257,119.34478317686211,-32.32240704976772,-127.77083219782689,-83.74548836670002,-35.48374901417197,206.4873915887793,227.0717092475374,-89.12123808686898,100.99349990857205,-106.53971823890494,25.01567931659307,-33.41572505414111,-183.30804236710037,-29.893980638155952,-32.96861971611266,-41.386767676238826,-162.0061418506985,86.15572497351799,52.52518885513255,95.61048134116118,56.96226144089604,-196.9838597305775,484.92574524886015,-7.277306681004819,-407.0100546059779,11.528329010303105,42.36954888250348,-448.9513470264969,107.44488292883622,395.58198531469975,-0.0027007702883303135,-77.84806623398396,-26.650965881620298,343.7454078119295,-378.5888788419504,444.50787446029125,-499.9524818151469,-499.9499183018818,113.74670584624785,233.73652503321844,-316.64388302245135,433.00230490959376,-406.2615250056564,-499.99998208571327,34.05078158529435,28.637294697372393,-141.3084473494045,-493.93031965559675,-58.71692426847969,-24.479600610147177
202,-0.0010095735087802418,-499.99999999981236,499.9951955185193,-18.402581429117927,457.6390010324613,-0.001515245196055639,51.27513994164125,356.38237385291984,64.64328954423529,-82.58002066954916,1.6882404851859438,204.3108054431056,352.4025755354685,-116.3944115136207,247.94586307782714,320.004834529232,398.87227631763386,499.9991135426834,102.92702318948204,-478.6649454838475,277.2547945364681,500.0,170.36935918186705,378.325314491921,-186.85872748533566,-48.7781877864765,230.21459974828713,-7.531826614583339,-300.8344184399113,-202.89026448399508,-4.167276829775648,-126.93938895807524,-83.84652758574552,-499.9534523357556,162.59237120884032,94.57967546290072,-30.841360053012792,-302.1924411897052,-47.91815274596661,2.7377435846412177,-127.77411666258212,186.86516831175825,-316.04670416258347,-386.82843995982495,-399.8265489618248,-226.0422954932888,5.243016280501578,-2.9557470542025914,105.99525266430389,352.62503288906464,239.6525412713687,-233.65377216217055,238.0169921255368,-258.6931379927917,-70.34004253915556,6.015581939036553,115.81361910991839,53.629589466843115,18.1622448310735,493.0422888916724,-475.2124857069486,-237.5701683369074,-90.44527192485197,-368.5085928559247,-226.01264161305514,370.29385051746493,-49.15731340037469,-178.95021336992315,-463.6995607464983,-21.97290507396021,304.8416571865335,-134.15317831960334,499.9961725903792,-450.4189449293924,159.6861386328011,-409.8376316507946,250.03075434472066,475.10344559387073,385.1111130764148,-124.14849716690856,-8.265812845558644,355.92639625606967,-281.21782210879445,-151.5929019801553,-140.89490019581703,-286.5226807990165,-205.98422464385487,383.2981979673284,-263.3952871712448,-340.76351523991144,23.877082097369044,-70.47315176392962,-194.5643691115614,-99.21218650687621,-74.94532138341746,-235.1280969870742,36.592873726637535,332.04138480587324,389.7769653566426,43.57762918638312,495.251080658295,-335.12303505598715,374.3711815579742,76.97357901502788,347.5740234681323,-4.611390867464012,-10.130553611569724,-455.00556203931217,-232.08778444881983,-439.96886666676227,130.9154932076651,-126.40976964157927,3.7614905127743863,-252.50920182971564,46.42174377182856,158.93509075739058,25.157035536974995,26.852396802238847,-169.07403112237716,230.1455223337467,309.6800126363446,480.67274108865314,391.17788572937724,12.283763063039638,189.19867525374758,277.04842798252025,-305.85801106421974,-34.18129386753471,223.39169565908264,124.03179374343026,486.7379831083727,306.8364817053145,200.82517118193718,-76.99336993857469,-499.9999999814486,448.7016290577358,-36.465570752828604,62.8106396569018,188.34220968351883,171.58318381449305,57.375824709010985,4.344671101107764,-113.52086696884668,8.773113072512608,-155.38670869949632,51.00767821302223,-9.530731949857232,83.91602697809502,499.81654942939497,-357.1653035117235,228.98260744345234,271.6120227811187,296.5524920044169,-82.77868507737459,45.10528771606248,114.60515816396757,461.49228369507904,394.2623143256635,278.1985245346146,487.7192425466803,92.80547434529888,-18.059221536199114,39.722323625426135,-226.2087869612769,6.625131752797285,51.69049432574927,-239.65409873133044,25.220843570553527,-219.13272218351523,-17.146449654828366,254.4037377682254,47.91628720630378,281.79688132672356,114.03562422622919,-65.07698071486867,500.0,500.0,7.234728902585444,-99.84915634227708,114.30541084022,8.429454896685282,-129.7893471592312,11.801644615617802,-92.34776484831715,-55.102011663900726,-21.26727976223383,330.74374891515134,149.48068369271886,62.38700306899699,-60.78992270552709,-198.83217618576236,92.3951476150226,-446.6293355002341,96.3317489012414,45.71998539156259,-147.6079175522009,-494.85710204110853,-489.95177076595377,-81.4569647828046,32.57136596295715,-129.45218890489565,4.057892499784359,56.39931265450076,90.86528132525254,-9.603532557189322,-160.86202601598393,-3.7698874532689293,31.51864856650683,-285.39837480111186,-128.6891986604432,411.70448013682386,52.79926404533837,100.70649143868074,-18.14085884858252,-174.79484243036063,-154.17939415430038,37.47266570720659,18.387984926571338,98.99845799702129,-58.77147531796021,302.4594766349021,-111.81011731110998,269.4141412508518,4.27997045728245,22.04432542005889,-499.99948567445244,-0.002526588541492269,-5.100944480662391,-62.55785346632693,119.20971646217957,-31.180980223070797,-128.28906790341026,-85.64985622827722,-32.79415604316051,206.3165060420796,227.0949273943953,-88.05847349086123,101.59898596222911,-108.13035981286473,25.06726323257122,-31.305598891355167,-183.79177986062092,-30.598198095149538,-32.85700897952026,-41.47919019797231,-162.6237465335074,86.33462955706678,52.568574500089916,95.51566819102922,57.7081339949399,-197.11371543655878,484.3709000687251,-6.448111604668588,-407.23409283558067,11.14827625285393,36.67894241430437,-448.9389931176164,107.59134948656109,394.49570882412297,-0.002526588548768227,-74.55254849399601,-26.593574450132426,343.84807936445844,-378.51949585211815,444.54513948699474,-499.9527875110806,-499.94993441468154,112.6497407674499,235.26752773550933,-319.9324328419961,433.7772750681878,-406.6298600995814,-499.99998208685975,32.1819887795301,23.981145275250277,-136.39398491381047,-494.33890919564107,-59.18604042917963,-24.86287249867072
203,-0.0009444627248729056,-499.9999999998156,499.9951387585858,-22.62221845043473,457.2941072304639,-0.001417521943945598,53.38855333256114,353.73617537343443,64.76505443796098,-83.26942620511791,1.022373983648945,203.69758920701992,353.1711721072559,-116.26300062749439,251.44466399977892,316.8744458307637,397.6128718379328,499.9990721206608,99.11658531621092,-479.9178844114081,274.5291637941042,500.0,167.22331192497356,379.3388170235601,-190.69527118411554,-50.07886372494117,232.1249957790082,-7.782063663456494,-299.4608098667856,-199.34783734521676,-2.9635634202273504,-124.46182736839543,-84.04848184816127,-499.95345210257636,161.7234992200938,94.00827154854251,-31.29376757174069,-301.6716293610652,-47.525742489158134,2.6150057082071374,-128.46196008543876,186.9505253261464,-315.9830347137782,-387.26163060698076,-399.93056835299177,-226.88850067508542,5.453447380354364,-2.7400389549874484,106.01576298374563,351.31306091760246,236.9674837676545,-233.9836695705123,242.23509057342602,-258.5916331127631,-70.03968702355866,6.078571598377667,120.0830494886503,49.50949163574762,18.46713692274865,492.96955125942907,-475.2457756421376,-237.85767029327565,-90.05731258387985,-368.33033504927323,-225.79939400229804,371.0516934839468,-49.48286051464322,-180.25818869859202,-463.7541183109177,-25.347273193714656,306.68440715701337,-134.07362237244234,499.99621023528226,-450.22226359172197,163.11668556717683,-409.8292183078381,248.65933438197357,475.0364937563757,387.6760089233452,-123.64750739704742,-7.674655522748435,356.00174311600153,-279.2374274831647,-149.76503981930574,-140.42500538602,-286.8575139765433,-206.174859503031,380.42576579222623,-263.285698829766,-340.79261890051055,24.374536266810832,-69.95372043827399,-193.9087207595689,-99.29876341978368,-75.33379651232634,-238.9013829202871,36.14333092197126,331.0345783832284,390.01766783891884,45.59408633417185,495.3657985767108,-336.72038607788784,372.10487433134955,77.50930124055043,347.7618947649414,-4.929832421551957,-10.133990504840268,-455.1615747911095,-232.26330910708344,-439.95841653108164,137.54084880545534,-126.24487187157726,3.747573456097335,-255.17274742954078,47.136132481889035,171.51572915485986,24.344574539664258,28.664760856461662,-169.8033677839001,235.1455202800341,308.63432867403213,480.651875597046,393.126947958253,9.982579505731763,189.16323882483294,273.258159009108,-305.94620064038133,-33.56529826330705,231.10909195190544,118.32899400075448,486.73923412144575,303.42911433091,202.68826258708268,-76.58104336317464,-499.99999998150867,448.59370735138907,-38.26297785973215,63.05623734510121,187.89214497384953,172.40929776919089,57.30267282611923,4.530912511755859,-116.85374590806863,8.063155340486324,-155.95913353643292,48.04133107978357,-9.574349338783716,83.96880321494335,499.81685145036727,-356.0805273276751,229.1434193308902,273.0901391133874,296.3581583027269,-83.39399588647713,44.04839114859473,116.57507275426218,460.95751731066304,394.2372903925715,281.44521408092425,488.0155798448544,89.08543075552637,-19.44661637573214,39.986059546887915,-224.98825624633207,5.072150009567928,52.05167032028799,-238.39813705993762,23.30962173708893,-219.04218343819727,-16.41177058994922,253.9563329275546,51.49374645471354,281.62704306747617,113.38941065319872,-66.95179151453009,500.0,500.0,6.612032676011833,-99.28486169966035,112.75772697081514,8.584655641609658,-130.08004103424176,13.128186163134004,-94.00067301285598,-56.687367869015276,-19.441605895577815,328.032710661651,149.47090283480986,61.00630900934303,-58.80413738209018,-201.70796963376378,93.00204411165011,-447.1615655225021,96.37785263514851,46.32202614593759,-149.78245783474392,-494.99352152523835,-490.03645674046606,-81.64835754375338,34.393488778896874,-133.84009231397278,4.8789021235329475,56.01595850984557,89.83480228655519,-8.420103807098954,-166.18171188372003,-3.7640916481125117,32.49481011690334,-285.505840985042,-127.57170082721545,412.5996221018637,54.71723989193132,100.64586463139446,-17.746971123839824,-176.43270821247197,-157.85046832031745,37.928957130468,18.581546163530486,98.8901097685611,-57.38346296941001,302.3107352531677,-112.80407763329823,269.4826764569809,4.731158839621757,23.32680354128425,-499.9994962467058,-0.0023636403638926285,-5.159115417626797,-62.64286542153906,119.07986415376041,-30.13721247278166,-128.8076770896836,-87.50011531875839,-30.259821840626575,206.15965981551747,227.11558488644906,-87.0319318015451,102.15097453836718,-109.68653354560936,25.051296417817916,-29.29550259968241,-184.2905738202211,-31.294849922310206,-32.76669477935383,-41.518255039827835,-163.253376306131,86.46289966255722,52.469524960979015,95.51546066268531,58.37864503693802,-197.25714439553758,483.7457148935454,-5.702880646643003,-407.41224080036255,10.76484360551211,31.223635363894633,-448.9313605879236,107.69753457314921,393.4259860357592,-0.0023636403711685865,-70.89447194699802,-26.528746563600755,343.94717889328155,-378.4392934747743,444.5810375596768,-499.95306446470084,-499.949949893452,111.60927339274632,236.72381491448454,-322.99218685290657,434.52455796564936,-406.9800490538284,-499.99998208796114,30.26868107769034,19.14279480028879,-131.58471906004124,-494.70395495758675,-59.61523369088456,-25.231313997672686
204,-0.0008835511507631861,-499.99999999981867,499.99507836405496,-26.374971873801446,456.8505956059264,-0.0013261011954424078,55.49054200641893,350.8257475064072,64.67514225774772,-83.8613698353429,0.3943572613270112,203.09333943336242,353.8816578304708,-116.12193307381969,254.87726516449237,313.6187420427614,396.33961811087016,499.9990304587562,95.2728746875711,-481.1022207892133,271.7424791349774,500.0,163.64515541255182,380.2556824421828,-194.45677090962226,-51.37668229803712,234.02448790978315,-8.03620945774089,-298.0773109646302,-195.77761187403235,-1.9948396460210451,-121.9437398474939,-84.24271196819642,-499.95345186221454,160.87727146409102,93.25640766972512,-31.716738695173856,-301.16351371366557,-47.19411687817247,2.4861605480700764,-129.12352413737503,187.09705822237063,-315.92317507998075,-387.7080777538819,-400.0315934538104,-227.70553496317558,5.6346742421222356,-2.4849173803518947,106.03562928256356,350.0161142293199,234.37242115086727,-234.31016106196464,246.35362491225317,-258.5023468832831,-69.7383835118669,6.171874956612,124.37550867427994,45.60592018001941,18.75143740036505,492.8800442057183,-475.2792458591364,-238.12642019061505,-89.68031434712154,-368.13888941779317,-225.61795401068764,371.79532168811835,-49.82225361967102,-181.62007596646367,-463.8064508716576,-28.76803811707821,308.5590522590045,-134.0029437393603,499.9962360569278,-450.01901855168626,166.43811861957934,-409.82788758670665,247.1268992383912,474.9661231376057,390.228548384272,-123.13112071297331,-7.180742535151941,356.0750240948749,-277.1818964731333,-147.8252685082866,-139.95165360153095,-287.1951024863362,-206.4181397848484,377.4162011839605,-263.1584896886446,-340.84445520442216,24.85226942114905,-69.44053671780961,-193.2638646833542,-99.38379901109475,-75.77501440933506,-242.53503342168386,35.7316365650399,329.9888427478261,390.25016204658516,47.55424717695986,495.4793518816621,-338.32377210515784,369.9113663974968,78.04179543567578,347.9841717793034,-5.230156569295836,-10.138444259990385,-455.2555391199626,-232.4081233091649,-439.94857094001054,144.19839133950478,-126.10481851086075,3.7305317525102004,-258.32044303463107,47.83630364080564,183.92434990842912,23.63287783210336,30.524461819615386,-170.50822551128502,240.20123808473974,307.62630661446167,480.5830366124843,395.09415633480796,7.898283571992975,189.03935908893783,269.032054857518,-306.05279190506616,-32.94148719519287,238.70798706144274,111.5984689403285,486.74020220855687,299.7767077185332,204.53990321759588,-76.172022605153,-499.9999999815621,448.48042429224387,-40.044111164297234,63.29614374368765,187.4176752226167,173.19177405404443,57.204091790321186,4.727070502317567,-120.04573842447353,7.368732489046298,-156.44548450339752,45.18838261140299,-9.605486571473046,84.0096040267632,499.8173749285195,-354.8810463987226,229.25380868086714,274.7198712279797,296.1524061647584,-84.04500984538512,42.99141099341229,118.54159093473372,460.40125324872014,394.1731967095365,284.67436534243893,488.3036768888629,85.50000411143887,-20.744622668635177,40.252057304614404,-223.64496024691408,3.562702600037139,52.52904032371837,-236.91499071149215,21.467172664889926,-218.71941263523252,-15.570395888597538,253.37102824462605,55.157178598780725,281.445986704273,112.79087226107691,-68.81609579410431,500.0,500.0,5.979246963476701,-98.69855791058501,111.21071889728344,8.758458051468615,-130.39276395856,14.523131900101133,-95.62948772704989,-58.34681224792058,-17.599799155372892,325.2186178917146,149.44739446685836,59.65732071470963,-56.93467512465483,-204.47667513999198,93.60182480743546,-447.67815868646204,96.38073451619509,46.83739719791281,-151.92583943857062,-495.1250586445424,-490.1189951560879,-81.83821300309148,36.14014719523147,-138.15369826950067,5.660165104242673,55.63255752923372,88.81327640530864,-7.260253150359596,-171.25314574022346,-3.755804419023841,33.42345952300783,-285.61187142415446,-126.47056537840321,413.4708719466244,56.57516123553111,100.58940500263297,-17.376283594083166,-177.9907854541868,-161.39028538273868,38.353775471960994,18.77153471107007,98.77533895171246,-56.07001578756528,302.2079848281444,-113.76254311772236,269.5901950982425,5.196606671880962,24.512820695276332,-499.9995062101037,-0.0022112012593280723,-5.210515992371196,-62.75425057615182,118.96465480658433,-29.199354943146158,-129.33068556421657,-89.29437320109662,-27.895904062227487,206.02973366233772,227.13542506677007,-86.02328337319173,102.64641005090068,-111.2143466156174,24.96227969162232,-27.37760102629489,-184.80798048771757,-31.976417022589875,-32.68360822594648,-41.430673707679794,-163.89237692701306,86.55163563664026,52.24826314070787,95.77229776315579,58.97974124372102,-197.41406908598967,483.0526303461228,-5.044221866073525,-407.52480036603123,10.394014293947007,25.961886234878396,-448.92775166174147,107.7705104126504,392.3721975373328,-0.0022112012666040304,-66.56632535621563,-26.430708315402025,344.04266452276795,-378.35197136790504,444.615589598335,-499.95331646384517,-499.9499647629256,110.63010020514224,238.11360033643035,-325.8059274156676,435.24606026059666,-407.31160528139463,-499.9999820890193,28.369256033603744,14.259158903569867,-126.87579390767809,-495.0306421506976,-60.01145289567204,-25.46041551065365
205,-0.0008265679716707128,-499.99999999982157,499.9950151588939,-29.62848152782905,456.3236645342163,-0.0012405764718980217,57.52058950081935,347.7045824304779,64.36786203539243,-84.34680990886531,-0.17912740055902546,202.50454262052452,354.5357330369526,-115.96488470685911,258.2010644792967,310.26838001231215,395.07688919507257,499.9989886437224,91.40421875797941,-482.21423332820797,268.90429456953575,500.0,159.75306767974973,381.0781621956919,-198.1279579790906,-52.6595611643276,235.9105052350392,-8.295407396851253,-296.7056497748295,-192.2078128225478,-1.2154243050334907,-119.4120293723355,-84.42601504529455,-499.95345161548687,160.04961288490733,92.34859112044839,-32.08306664320603,-300.66563939932803,-46.92813126002561,2.360903612789158,-129.7565932090799,187.28439109456605,-315.8653023952105,-388.1607151452855,-400.1248970301714,-228.4925846210333,5.7945374745283145,-2.177826376376394,106.05487226667609,348.7420892789461,231.86696094257036,-234.63058251683105,250.34674016188174,-258.4217271875147,-69.43508794487855,6.2990565032511805,128.65799906653064,42.00281405331142,19.016437146145858,492.7771359664744,-475.3123614884594,-238.37741179383713,-89.31141452328431,-367.9309487277439,-225.46043988831735,372.5212026543607,-50.16975004221316,-183.01152431877796,-463.856652372936,-32.194826509000976,310.4447023686296,-133.938960295624,499.9962518961251,-449.80598288689976,169.64155056316503,-409.8286736426974,245.48158520601308,474.8936028076121,392.7449219530543,-122.5985455332388,-6.754359199218102,356.14629221084823,-275.0095968941443,-145.77986494723856,-139.47198699253104,-287.5315829577591,-206.6995105502942,374.3033980688718,-263.01429135767665,-340.89820171570676,25.306590204751114,-68.93387759947636,-192.62591839737357,-99.45941507312219,-76.24646242755902,-246.0284457565095,35.36360849037056,328.9201484443051,390.4747378202162,49.468323535551995,495.5905648279812,-339.9179877729798,367.8048492027974,78.58042481552036,348.27216788034997,-5.508804860326967,-10.137274660763062,-455.28928676043205,-232.52124409587555,-439.9375966841957,150.80243984749526,-125.98194087888793,3.7130542810980285,-261.9280951197419,48.52568124376554,196.03882335686794,23.0328203860891,32.39836582610579,-171.18301687781982,245.2571565038842,306.65560593016716,480.4675264086319,397.0560717334525,6.039952731230035,188.85795372808332,264.480142065764,-306.14040205686604,-32.31516666141925,246.13794372618716,104.07152185397771,486.74111804797514,295.9533924367815,206.37089951640777,-75.76838395865506,-499.99999998160666,448.3632632018719,-41.804640483993744,63.53051275947462,186.9212444571518,173.9412260740078,57.093151064528904,4.938482706095875,-123.10289158185795,6.698726759558422,-156.8391468479654,42.4499324762988,-9.619657266277756,84.04820786964937,499.81822782002,-353.5747547508894,229.31390045634132,276.49751205549217,295.93395504556,-84.71808335872728,41.95070351060975,120.49775428550467,459.8312369808804,394.08140898159377,287.89829965831876,488.5857686581864,82.05420050783891,-21.95305548386103,40.53274547350171,-222.1753563644932,2.1051777326515686,53.124402163768416,-235.19204631692656,19.691598594322375,-218.1635663665119,-14.621294097075696,252.62271588157887,58.890094192346616,281.25113513640497,112.23588852467502,-70.65425189229985,500.0,500.0,5.322625824999868,-98.08664820951871,109.67247601298601,8.949476057601402,-130.7366867355582,15.984681745045268,-97.23671602724869,-60.09606651221951,-15.750003441029076,322.31771193568,149.40687630527538,58.34032421368052,-55.20473731264945,-207.1401728232909,94.19386357921854,-448.17801959145754,96.34484210497152,47.25330578267172,-154.03563365410702,-495.25147928357256,-490.19922171505675,-82.03040912922299,37.7985128924369,-142.3932383721382,6.400312579764524,55.2520760337314,87.79956357691819,-6.127857001577376,-176.08585047607676,-3.745118723767872,34.29446267495069,-285.71760764645023,-125.35387181491642,414.31969280281834,58.373248617719064,100.53966011515509,-17.03148693892094,-179.4863906854203,-164.80001399743688,38.74456599598074,18.962271497065057,98.65293457063181,-54.840256250955356,302.1421687801073,-114.68673444899947,269.72637453783983,5.679341025416303,25.594752263236483,-499.9995156072795,-0.0020685934723469685,-5.253882825195081,-62.89630475681299,118.87490361350255,-28.378838692550286,-129.86223698488928,-91.03098504236466,-25.722967491923598,205.9426789456159,227.15470567554883,-85.00705168631082,103.0804967635562,-112.71985612382257,24.79231165990994,-25.53871324929322,-185.34792320479832,-32.63372641845378,-32.58972976901941,-41.117569227403514,-164.53823212927628,86.61409900189845,51.93029000578573,96.50694577243885,59.52263062733071,-197.58449383176506,482.29864832525084,-4.476187586826137,-407.5450404754191,10.055123007233812,20.95314937548681,-448.92720912281925,107.8193034263403,391.3392712078013,-0.002068593479622926,-61.123638797913735,-26.26305117602593,344.13393717384,-378.26004795602114,444.6485884850627,-499.9535460552002,-499.9499790469358,109.71866725489423,239.44707738783228,-328.3416146094768,435.9442445477603,-407.62370222054625,-499.9999820900359,26.564873943440734,9.512065016997333,-122.25460152016751,-495.3232107415176,-60.375301643594554,-25.36633128952019
206,-0.00077325982783743,-499.9999999998243,499.994949998801,-32.375616903513816,455.72930560840825,-0.0011605675317675455,59.468444346859414,344.42688790933755,63.87302968509841,-84.72142079395584,-0.6879750645519126,201.93554537705407,355.13957931153874,-115.78642263460522,261.4056407869102,306.8551520218978,393.84283288094554,499.998946758468,87.53089973028871,-483.2530971050212,266.0297428781995,500.0,155.64626441987278,381.81619832878755,-201.70090066993967,-53.918875806100516,237.78264401581723,-8.55752332020528,-295.35369337587184,-188.66078385096736,-0.5838285843162065,-116.88666954782866,-84.5962236557625,-499.9534513631604,159.24140252506075,91.31558116175746,-32.365942160185355,-300.1751100958163,-46.72043021250274,2.246936037909777,-130.3600417100978,187.49752170687722,-315.808092494823,-388.6133852249238,-400.20480030068404,-229.24932434970222,5.939631922092632,-1.8100381404504755,106.07351172083035,347.510230387281,229.4500595810838,-234.94290560791802,254.20262686659407,-258.3470427000071,-69.12862148985691,6.458605415596374,132.90564043057856,38.85056374619677,19.26346216970942,492.66390317635353,-475.3445928031686,-238.61152087384076,-88.94808409885346,-367.7048891792203,-225.32021360169296,373.22854148009225,-50.52096857148216,-184.41304272489515,-463.90481252772844,-35.58910883057771,312.3253646576451,-133.8795913081527,499.99625960067885,-449.57667350370343,172.72845679850295,-409.8249092434966,243.76664211086154,474.8201415520797,395.20911583795174,-122.04887355751825,-6.354668592949426,356.21559931594857,-272.64563780540936,-143.6426493207102,-138.98371204760738,-287.86396002723546,-207.00659523030794,371.116912883353,-262.8546136457323,-340.9273650397108,25.737465260273417,-68.43028347234237,-191.99181592673511,-99.51973412577175,-76.72989426332592,-249.39053062470444,35.043025419749306,327.84235520089203,390.691674147723,51.346165807659645,495.69865313857525,-341.49087699265954,365.7936506405475,79.13188197963049,348.6745390417609,-5.765599252480806,-10.125437809527714,-455.2676378559825,-232.6022915608079,-439.923052007859,157.29234260578147,-125.86954331143663,3.6967787549011457,-265.9801899218796,49.206835097436056,207.77636788897485,22.55045704026922,34.263395173073874,-171.8291397785228,250.27146401796585,305.7216556312125,480.3055982081299,398.9951194088319,4.405101796011417,188.65677902455968,259.6952695172436,-306.16193761865094,-31.689572812152143,253.3730200013418,95.96011209751181,486.74220192498007,292.0209079434005,208.17720982953284,-75.37143739163416,-499.99999998163946,448.243863749583,-43.542420272615395,63.75953635685394,186.4025366459776,174.66718798091705,56.979811498819615,5.178909878954082,-126.03477607067481,6.058296686336352,-157.1379995305,39.823681149863596,-9.604866419473959,84.09465661363211,499.81957855479715,-352.1691294245801,229.32060501277354,278.4144996819885,295.69841777534896,-85.39233073376326,40.94502524854169,122.43834807150436,459.254446470501,393.9769271560517,291.13324093278396,488.86505911551484,78.75017339500525,-23.075045462097076,40.83800324527908,-220.5775393814232,0.7054514958468916,53.8341435757217,-233.2198635136565,17.976482211023043,-217.3788578416715,-13.567107219506829,251.68032726748075,62.66471604016455,281.0365221678166,111.71504548244567,-72.45060765220704,500.0,500.0,4.6226257570277545,-97.44721782569874,108.1482276588691,9.155150316743175,-131.12150511552758,17.50492683704022,-98.82546744962782,-61.95769286504764,-13.906202749540043,319.34432165196324,149.3455184742555,57.05143739306092,-53.644304365761656,-209.70110845920783,94.77252315734573,-448.6605030560302,96.27109610010336,47.55028258845002,-156.10829929310881,-495.3724674447824,-490.27698700942943,-82.22862834731784,39.34954124005812,-146.55795406969,7.093015279308646,54.87473382318921,86.78805185843929,-5.030279139924967,-180.68702154669344,-3.7310137278196303,35.09103296527442,-285.8247816535537,-124.18011267754716,415.14506070372715,60.10797019459838,100.49651860349259,-16.720261030313473,-180.91459479138723,-168.07988121945309,39.0945305319909,19.155018366591786,98.51826643392839,-53.70876922936065,302.10358694928397,-115.57603630694553,269.8798623210484,6.1818981356210045,26.55919485624888,-499.9995244772789,-0.001935182932347175,-5.286382277445865,-63.077005266847756,118.81964006003052,-27.6925464623275,-130.40571265320762,-92.70605698462694,-23.769057772581295,205.91383620720387,227.1706165208992,-83.9578792736439,103.44416535740622,-114.20780865323634,24.528511733328564,-23.767583587670195,-185.9148047693549,-33.256082184585075,-32.46424558877443,-40.4783947257156,-165.18864991938085,86.66396803228912,51.53932335459708,97.94162758021284,60.01955662893863,-197.76879947961228,481.4956231446132,-4.006068543173881,-407.44651994106664,9.77071810412866,16.254015425829753,-448.9286105525108,107.8539050784793,390.3405411491864,-0.0019351829396231327,-54.06994812967067,-25.991615394549964,344.2201408827751,-378.16509992296034,444.6794853485117,-499.95375494428606,-499.94999276837694,108.87822573579979,240.73439509040662,-330.5596539848244,436.62120280713003,-407.915497515521,-499.99998209101267,24.952725935705228,5.1106087604294945,-117.70176676192791,-495.5850611592798,-60.696685546098834,-24.72201231238011
207,-0.0007233897013060824,-499.99999999982685,499.99488368552375,-34.62925935147686,455.082333718329,-0.001085718631655367,61.33893167806089,341.0366524049319,63.23078054234088,-84.98916336685446,-1.1295849814246046,201.3860091883905,355.7030935510872,-115.58576278402849,264.48880897970827,303.4052060139582,392.64805102065634,499.9989048824354,83.67336648784563,-484.22014772850326,263.1360406196854,500.0,151.40006748903463,382.48072286930034,-205.17502311181866,-55.15020975217466,239.63872026450636,-8.818990004575832,-294.02544221555155,-185.15398765199558,-0.06672406550842615,-114.3824292057405,-84.75313254234052,-499.9534511059552,158.45485845521517,90.19094941002135,-32.55390437607061,-299.6896341459025,-46.56162632374637,2.1487728370452155,-130.93373532715688,187.7254888469477,-315.7510061883109,-389.0610932808015,-400.26650311999856,-229.97610417321812,6.074274228728035,-1.3870702383455464,106.09156660828754,346.3463107396822,227.11995665319327,-235.24558629105653,257.9208790212622,-258.27703556023727,-68.81811605959952,6.637473041979648,137.09996293783212,36.31452170538026,19.49263603494342,492.54291275163297,-475.3753725500063,-238.82930859267606,-88.5886867668953,-367.4613262269623,-225.19290668059742,373.9182952829349,-50.87401949715901,-185.8093965217231,-463.95101703144803,-38.91568550301343,314.18992987741336,-133.8232225821172,499.99626084491223,-449.3208486199361,175.70649753113867,-409.8080967679888,242.0180369406083,474.7467351910871,397.6121791085814,-121.48196548864155,-5.9377873672664485,356.2829960965486,-269.9795871817033,-141.43414418539578,-138.48628603929106,-288.19039149198153,-207.32947554571444,367.88103888247156,-262.68153541566,-340.89950690841533,26.14686150226168,-67.92476662666719,-191.36038555144552,-99.56266071980562,-77.21327664109498,-252.64064119268664,34.76870854799443,326.76618978962654,390.9012396155571,53.189453934829835,495.8031542312808,-343.0338508566783,363.88097622371026,79.69406607508131,349.25963419051726,-6.007324533954934,-10.100729914445578,-455.199023656577,-232.65156737712206,-439.9017361381054,163.62906792575131,-125.76303214617693,3.6807198540466,-270.4747191873674,49.87877112747407,219.08636670944622,22.187358181422436,36.1047429059529,-172.45788298382365,255.21494835152038,304.8236169102731,480.0962452670864,400.8991808839122,2.980464508205358,188.48080000219767,254.74749634418637,-306.0615167707058,-31.067350433924222,260.40778953486006,87.43823588929119,486.743617232946,288.02748401514276,209.95921070670195,-74.98230106189108,-499.9999999816571,448.1237869691772,-45.259352335844476,63.98308185621232,185.85654918541223,175.3761518280639,56.86906210267364,5.467163159471403,-128.85631898772675,5.446095575535346,-157.34550524522854,37.29987278551405,-9.545080236221185,84.15755465139738,499.8216569093312,-350.67105459307135,229.26589199425786,280.45870132598776,295.4372206492105,-86.04959897989204,39.993622078595926,124.35640204412073,458.67677892863577,393.8751548493702,294.4005385379527,489.14579689489335,75.58178050107243,-24.121134319883495,41.17167033763764,-218.8499368994188,-0.639298249785253,54.644503990563464,-230.9910838457824,16.307118084582545,-216.37362324008674,-12.417658298188876,250.5063869723505,66.44331673523891,280.79200354531076,111.21044776075192,-74.18998262776958,500.0,500.0,3.8521141649651813,-96.78219639803221,106.63810872502049,9.372195677961132,-131.5560514524336,19.065378307778975,-100.39934129122156,-63.9590900026607,-12.089961344427067,316.31089321142065,149.25944224975802,55.78073890474249,-52.28821435545925,-212.16233114417847,95.32166012262991,-449.125969976359,96.15598244462204,47.70111968182767,-158.14137368565298,-495.48779247565625,-490.35221643605877,-82.43746800935043,40.766388442955986,-150.64632402010153,7.721276604038295,54.49574939439193,85.7670328437996,-3.981464099049866,-185.06843444116097,-3.710483685498643,35.78713693657392,-285.93530597848064,-122.90033714420338,415.9413916801868,61.767759059734814,100.45398813558425,-16.45942636906369,-182.29213392813213,-171.23244770930606,39.38840819226964,19.342367104277518,98.36088712718212,-52.69871215177997,302.0807852566408,-116.43071349627463,270.0373708157255,6.705301830921014,27.38305979096383,-499.99953285591175,-0.0018103764741602402,-5.303795563465327,-63.310297703260424,118.80020706000494,-27.164328270721445,-130.96315291279092,-94.31521680412752,-22.069690069612808,205.94988414699642,227.17495604285867,-82.8663080822535,103.7209779713262,-115.68202753410233,24.15065966866793,-22.069337808730857,-186.5134200800984,-33.832393835359326,-32.28485151016007,-39.45746009570229,-165.84147522151068,86.71372465186153,51.085400342597914,100.19298570932563,60.47238617448417,-197.96785450502026,480.6579749055478,-3.6464258323150247,-407.2151802561376,9.566037052502768,11.929795290825963,-448.9307951233093,107.8840520918232,389.39340938362693,-0.001810376481436198,-45.0653340056588,-25.60730024494489,344.29969856824334,-378.0682064056162,444.7067982228872,-499.95394521166486,-499.95000594922556,108.10025679840585,241.98448322422493,-332.43400863834404,437.2762197626217,-408.187254640096,-499.999982091951,23.62155381451289,1.2412014207683437,-113.1954104402383,-495.81926358079835,-60.965148243296674,-23.3219232429283
208,-0.0006767358536304033,-499.99999999982936,499.9948169224316,-36.4212824447615,454.3952007857937,-0.0010156969619842713,63.13306358600333,337.5678726996179,62.475694489582025,-85.16479062571052,-1.5079065197917985,200.84834236046683,356.23712824043713,-115.3699955462241,267.4504870880259,299.9373868286947,391.4966918654071,499.9988630916437,79.8460548521122,-485.11817775478653,260.2386028228814,500.0,147.07375671033705,383.0803440187381,-208.55659700902254,-56.35341592938026,241.47030731209284,-9.078082600291825,-292.7244208629118,-181.70167902529556,0.3608161414115911,-111.91076900820369,-84.89921131191795,-499.95345084454664,157.69035362459178,89.00469986218751,-32.66309068133649,-299.2086975904684,-46.44510227431836,2.067436942354449,-131.48001871353097,187.9604844405461,-315.6945450172299,-389.500004219987,-400.3088147193471,-230.67479387502448,6.199807562763947,-0.9354658365958837,106.1090551378291,345.2734379843723,224.8745783115129,-235.53823493501906,261.5073691965862,-258.21229179621076,-68.5034902986299,6.807237261394912,141.2268257157972,34.56144549971927,19.702502052670404,492.416274006205,-475.404209457143,-239.03269184776852,-88.23292831273308,-367.20313576448984,-225.07694169027383,374.5923921980128,-51.23002674396126,-187.19101555034564,-463.9953477801722,-42.15089007768356,316.0315556978955,-133.76890620219075,499.9962570557726,-449.02533221838183,178.58630665829793,-409.7684421877161,240.2653156801486,474.67407957192216,399.9506477522576,-120.89929461343141,-5.46426498114437,356.34853204239187,-266.8835621943313,-139.17976045980154,-137.9820707331382,-288.51042899780794,-207.66046921513077,364.615942505844,-262.49748717344835,-340.78018031581735,26.5314745934964,-67.418921228446,-190.733307056019,-99.59053575942632,-77.69081848984399,-255.8089862476225,34.53088657127904,325.6991773958481,391.10369282692756,54.988821409433214,495.9038456557715,-344.5416912353029,362.06545035983197,80.25058247173104,350.1075843644153,-6.250589782808151,-10.064607638011873,-455.0961894568791,-232.6698905107997,-439.8701044033367,169.78931393285464,-125.66024325850265,3.6602915084792067,-275.4277280980306,50.53510448378908,229.94181933080068,21.935058056784058,37.912604125910235,-173.10028826373374,260.0688378773691,303.96046318859754,479.8367861206143,402.7606718058726,1.744452002120623,188.3779585745612,249.69618930772435,-305.78776107374097,-30.45175967886436,267.24933888918827,78.6470325739889,486.74542971312195,284.01219101426483,211.72030479459465,-74.60242071082394,-499.99999998165634,448.00432602921643,-46.96241865794353,64.20037749463918,185.27219411447143,176.07152416355612,56.76051665487136,5.816322378302705,-131.5887923487876,4.850336058930686,-157.4737519603487,34.85781473489031,-9.429542888359874,84.2433343336812,499.8247172562112,-349.08614053899373,229.13600127897863,282.6180552998655,295.1368347486904,-86.68566032031993,39.10905889739737,126.24110709569578,458.1029396824338,393.78770673054953,297.7275551828668,489.43294045771205,72.53017855597129,-25.112253660968964,41.53108175775847,-216.98911189872524,-1.9457175717166182,55.5294015872984,-228.4979416784269,14.658544034278135,-215.15774933366183,-11.191117039950267,249.05801612257153,70.18661820428737,280.5031775372704,110.69555598890497,-75.85658709715112,500.0,500.0,2.9777200584479493,-96.09930778473141,105.13536376746893,9.59822704594941,-132.0457495269812,20.635932634407567,-101.96087658777016,-66.12584213798831,-10.327598852076147,313.22829759348025,149.14616719389898,54.511283374163995,-51.168834677812704,-214.52606292189742,95.81274175678296,-449.577170882241,95.98900137705067,47.67541390434985,-160.1280769218768,-495.5975615494913,-490.42502069657803,-82.65884849651624,42.016592745957226,-154.65166151778246,8.255939085581632,54.10308018500314,84.71806507122815,-3.0034576568261744,-189.23327856833245,-3.679991673466899,36.34982592362469,-286.0506994672095,-121.47112060551547,416.69477473747264,63.326790510299254,100.39794026622057,-16.275251567805554,-183.5980396691186,-174.25503264228266,39.60254144431959,19.505087558991068,98.16326545693417,-51.83938222448459,302.0584516553792,-117.2474590165046,270.18196678596377,7.247640270280113,28.03684281746153,-499.99954077606395,-0.0016936191750509155,-5.302797037915524,-63.61454234274584,118.80549861902567,-26.82070558356436,-131.53388708362533,-95.85228460179226,-20.660164796248395,206.04125021560324,227.1522070470766,-81.75087305505896,103.88802754195648,-117.14358453073226,23.633811707453155,-20.472812377812367,-187.14770562276527,-34.35141277003267,-32.032696049570205,-38.07670256224338,-166.49404215425525,86.77403319799778,50.56061807925147,103.2064445527158,60.861540809462326,-198.18265279181998,479.798359605804,-3.4136774873769156,-406.857817927565,9.467157231773037,8.026366966201778,-448.93268835821175,107.91837207193808,388.5121871845041,-0.001693619182326873,-34.120594472296865,-25.13720298472557,344.3658918296662,-377.9703809223724,444.72440949260874,-499.9541198920941,-499.95001861065543,107.35892205692679,243.20516383729955,-333.9746468835955,437.8996345421285,-408.44188040123487,-499.99998209285246,22.61811960702718,-1.991455941069243,-108.70818646664021,-496.0289598639092,-61.18947588391724,-21.071617929523704
209,-0.0006330908690866891,-499.99999999983163,499.9947502971779,-37.80428610031119,453.67708511832177,-0.000950191231821684,64.84642964678036,334.0463451395169,61.63254983097605,-85.27386852211394,-1.8309521445913306,200.3061608585389,356.75010851836447,-115.15594108409839,270.2905563638013,296.46527027395797,390.388702420127,499.99882145813734,76.05688375843093,-485.9508214640649,257.3489874272943,500.0,142.7120418902447,383.62136392888135,-211.85749245632064,-57.53179741147822,243.26025225634564,-9.335584848114365,-291.45385917191606,-178.3159749033647,0.7166292095751318,-109.48119641937664,-85.03977366273382,-499.95345057956786,156.94626361728493,87.77719739088089,-32.73517528671266,-298.7346553704005,-46.36733811679076,2.0008182769592873,-132.00212153864004,188.19752574770163,-315.64026486422574,-389.9273710040089,-400.33582276563175,-231.34764621138686,6.3145971922896935,-0.5045958909591907,106.12599487827376,344.3075113157496,222.71245877249999,-235.8210010922306,264.96884333540095,-258.155061289543,-68.18573678484918,6.919940496637763,145.27549627001488,33.71474207135361,19.890418178072192,492.2855871197503,-475.4309390777585,-239.22360155006635,-87.88202306913658,-366.9349556307052,-224.9741698529959,375.2530411153117,-51.59234729823921,-188.55153420044812,-464.0378830453039,-45.29298486533696,317.84667372773356,-133.7163701294586,499.99624939868085,-448.6766489568522,181.37824466854815,-409.69660049130505,238.53125355557216,474.60255430851896,402.2245675999119,-120.3042733090423,-4.905917815175444,356.4122554727167,-263.24495235757286,-136.90762403653173,-137.47686642917674,-288.82479335384517,-207.99345835479127,361.33831369505896,-262.3049867413512,-340.54128594846657,26.875817193299657,-66.92667067633967,-190.11555362265082,-99.60999512844438,-78.1618628553374,-258.9352393805199,34.312094179271085,324.64603112104976,391.2992827956257,56.71672664649863,496.00067272407426,-346.01181380240337,360.3418997731822,80.75606042801222,351.2926132530385,-6.520232106024355,-10.021917181495557,-454.97629896611767,-232.6581728734162,-439.8251074102314,175.75958944913492,-125.56123436741353,3.626946615593737,-280.8712594778092,51.1633900905658,240.3325121956301,21.75953636776014,39.68026784882382,-173.85248213820938,264.8226440029338,303.13127245870794,479.52243451125645,404.57553121353413,0.6706736420928826,188.3917986751468,244.59080979929064,-305.3098761172328,-29.847202207889044,273.90865412497106,69.70035051157777,486.74758789776774,280.00519562034356,213.46489621973103,-74.23384754637978,-499.9999999816359,447.88640186868764,-48.664035223145994,64.40986517652787,184.63338577782562,176.75381245512136,56.64877922021724,6.225213267111306,-134.25831522502267,4.237985898911759,-157.5548513924836,32.465211977335244,-9.260068921018888,84.35518745729026,499.828967085542,-347.41700111661316,228.9125045010002,284.88688938496585,294.7798424044258,-87.32317875776455,38.288670534412205,128.07742781692156,457.53648094936494,393.71996500868033,301.1439729846696,489.73110322659187,69.56324191718784,-26.078401677237782,41.90800201224502,-214.9880919854563,-3.243098805435765,56.45156565926783,-225.72990568202687,12.99640747076436,-213.7391760364468,-9.911754353633942,247.29031386308912,73.86712160286778,280.15327108122176,110.13888866335444,-77.43337036680657,500.0,500.0,1.965212238599994,-95.41261979517934,103.6274314083662,9.831111784195185,-132.59153842084862,22.178275332062217,-103.51115620831028,-68.47084450684112,-8.64383336413417,310.10869532801337,149.00371414220987,53.221181471626245,-50.30360480954498,-216.79431678114304,96.20716196096662,-450.0230803729901,95.75671584342929,47.448801496702,-162.06427769420338,-495.70239522084034,-490.4959755494874,-82.89833011175143,43.06864780806752,-158.56655195107984,8.659626934045642,53.678599379453374,83.61838410035989,-2.124528663193178,-193.19627007185125,-3.6395798701085442,36.74504979885127,-286.17343738435727,-119.87216704650108,417.3777645042253,64.74519944085552,100.30760615169478,-16.200034537405994,-184.8589272941,-177.1504073132586,39.7082358033749,19.61347939844497,97.90333192568775,-51.1594551243158,302.01681631357786,-118.02786456765507,270.2926902524397,7.80288007243482,28.49280305947889,-499.99954826797523,-0.0015843919609271045,-5.283885354992915,-64.00909764425325,118.81316062906636,-26.6819584190818,-132.11401903819248,-97.31312242866834,-19.562591317245964,206.16192603403894,227.08044220415303,-80.65388037225839,103.9199428463885,-118.59126691442414,22.95482889206061,-19.019612934247547,-187.81929574807208,-34.804736762897754,-31.698112535514994,-36.428030475856644,-167.14222940963725,86.85278188557734,49.947744091328154,106.78765328553025,61.14745656440655,-198.41379509171395,478.9243689020568,-3.322694935716856,-406.39925892004857,9.49681833385841,4.580651853821206,-448.93339181318834,107.96375069555927,387.7061287567108,-0.0015843919682030623,-21.601054462865267,-24.634204807859874,344.3874460471931,-377.8727972566415,444.70402941324613,-499.95427994600624,-499.9500307731295,106.60809161100454,244.40219304950085,-335.2301782711844,438.44854108075936,-408.6861612780556,-499.9999820937186,21.928023694358874,-4.5879674602545295,-104.21675564917842,-496.2173880067214,-61.4275873538596,-18.03208547740432
210,-0.0005922607051613299,-499.99999999983385,499.99468426919464,-38.844000370787235,452.934597882375,-0.0008889101954982564,66.4761531267305,330.4924876496461,60.718613030964214,-85.35401421213615,-2.107987332533961,199.72967121689544,357.2453189186436,-114.97548972247296,273.01027289035045,293.0002147132744,389.32225123887275,499.99878004851956,72.31221530511002,-486.7220254818579,254.47535375088464,500.0,138.34589600357953,384.10868426888345,-215.09301113007996,-58.691054210694084,244.9794758797501,-9.592973814340699,-290.2163808014388,-175.0074164007499,1.0121160598710308,-107.10211132419751,-85.18262935708609,-499.9534503116117,156.2204447972367,86.52010308476872,-32.82473281784546,-298.2733677441184,-46.326236710486526,1.9438690690841895,-132.5030398147859,188.4357029585351,-315.5906826090903,-390.34150719256843,-400.3565952732915,-231.99700371506623,6.4140556070985735,-0.18375346418552901,106.14240294181604,343.4526881127127,220.63432258254946,-236.09400080349727,268.30822289082766,-258.10870325985286,-67.86687445099474,6.880932825144238,149.23786848253602,33.80498167669816,20.052426963148022,492.15162069034824,-475.45622830302534,-239.4036953061934,-87.53846556898048,-366.6624881256358,-224.89265224059184,375.9019310052115,-51.96594530301674,-189.8865420761467,-464.0786976129242,-48.376384579515985,319.63370688575435,-133.66588275274137,499.99623874142657,-448.26500599739325,184.08886254317173,-409.5864098916622,236.8279323668983,474.53225519637874,404.4353432041551,-119.70162753765688,-4.258462976553723,356.47421368006064,-259.0038860670297,-134.64652899779966,-136.9800948068447,-289.1352384746278,-208.32306039007685,358.06210827627405,-262.1064326429819,-340.1709536806384,27.1365973492851,-66.47694812280757,-189.51538274716359,-99.63042957551107,-78.62935886279278,-262.0649423974717,34.091825299911314,323.6092261811958,391.4882493444789,58.31092847494011,496.0936843415187,-347.4431910730765,358.7025600793073,81.08916652144926,352.8598333176202,-6.8474013180769955,-9.979980998450857,-454.860233434432,-232.61708082068407,-439.76520287473085,181.53195603202545,-125.46762417897905,3.56508143736785,-286.8406650953908,51.741176382938654,250.2590376279278,21.542390222215932,41.403495351606665,-175.0440891837487,269.47265021614453,302.33578857505114,479.14618043212545,406.34228844555753,-0.2677453219869509,188.5539729350275,239.4685898407978,-304.6305589379641,-29.25874980303113,280.3916110847183,60.68962694707618,486.74992698958494,276.02716914760146,215.19561363582147,-73.87978875371216,-499.9999999815973,447.7705266597831,-50.385763250260304,64.60875589420573,183.92223348636668,177.42140310873933,56.52605876387231,6.669970333818213,-136.89918331553744,3.512770025130766,-157.68494157208153,30.071960172858375,-9.059378862075596,84.49329136170027,499.83448204074983,-345.6579469553452,228.57611182285345,287.2804075422204,294.3494710439296,-88.0609330210858,37.493090937253534,129.84663635334758,456.979685354947,393.66863162243266,304.67511028658276,490.04317254820677,66.6306780535001,-27.060181695761855,42.29052556532579,-212.83546961730752,-4.567652403001545,57.355338374504875,-222.67220002384767,11.269262532183633,-212.1222532259053,-8.61094194382756,245.15951710774377,77.48577109135415,279.7286618419917,109.50373522236097,-78.90036188793633,500.0,500.0,0.7836529871442173,-94.74350990465602,102.09906998847474,10.070005970234828,-133.1884083731452,23.64335237404532,-105.04818948814396,-70.98167441384676,-7.060207851989299,306.96751422888104,148.83115848917774,51.8880548376247,-49.67573580217256,-218.96742731088906,96.4499248771917,-450.4916784200605,95.44575121875657,47.012641484092384,-163.94013791790528,-495.8035547846068,-490.56700536651937,-83.1596748162513,43.897592368522055,-162.3760682520134,8.883532360946731,53.201223444995364,82.44480825839487,-1.3788190925593544,-196.96109755739147,-3.5961074399352353,36.93731198024326,-286.306920597336,-118.12459656215749,417.94209707879793,65.9575532610941,100.15801593689848,-16.275098845768852,-186.06555427225106,-179.9153591548937,39.67036884839519,19.624712804215616,97.55977542212909,-50.68447069180984,301.9351772732143,-118.77048156490577,270.3502784673054,8.359853288150159,28.72830638686447,-499.99955535948783,-0.0014822091761700232,-5.2520744778395185,-64.5122702022983,118.79388724060732,-26.753450768951144,-132.6956946964611,-98.6913131233376,-18.769751923039394,206.27499080473302,226.93457571912782,-79.62667568114449,103.78695510444778,-120.01895486422231,22.093488270372074,-17.737626560645115,-188.52648244527103,-35.186278262083135,-31.28494225155056,-34.645644929057056,-167.77962602903312,86.95414099283356,49.233011737712836,110.68400003903942,61.285419062378416,-198.66037730798584,478.0376048470803,-3.381079149698931,-405.87210403062505,9.671718437333634,1.5775876656156111,-448.9322623801693,108.02466071601094,386.9751808673667,-0.0014822091834459808,-8.036896176959308,-24.15793627650879,344.2347809786104,-377.776796120523,444.52896938196506,-499.9544131149972,-499.95004245640604,105.7583451110545,245.57909117307767,-336.2685044289879,438.7508288484372,-408.933314298674,-499.99998209455066,21.473779626756716,-6.636509115940261,-99.71132601993303,-496.3877440666036,-61.896605319582974,-14.390379870892065
211,-0.000554063815797918,-499.9999999998359,499.99461915449444,-39.61001506199594,452.1731067779087,-0.0008315813829532608,68.02647589777754,326.92432058399726,59.74887196399996,-85.44988804721291,-2.346682887883344,199.07661713503143,357.7198996508818,-114.87466634991446,275.6128124128601,289.55377320716434,388.29587428203615,499.99873892356186,68.62150762472609,-487.43564622131663,251.6251163084554,500.0,133.99563149417673,384.5464260691583,-218.27903881243722,-59.83809447896886,246.58944293684925,-9.851584969290471,-289.0138453636291,-171.78420477614583,1.2513869560689304,-104.78006897267709,-85.33699245886557,-499.95345004123305,155.5122211982357,85.23981806374533,-32.97515688335306,-297.8340915018041,-46.319219646979796,1.8884309708399787,-132.9839800834933,188.68121279362933,-315.54858875385924,-390.7418219141306,-400.3818837909877,-232.62422541636803,6.490208922622419,-0.07523913252097365,106.15829610255643,342.6964291530377,218.6452455720082,-236.35672661152603,271.5223231439461,-258.07647155474075,-67.54912923234312,6.573404958758135,153.10826970361265,34.72537157524164,20.18476849711659,492.0140637237437,-475.4821141955646,-239.57335444794813,-87.20500741415886,-366.3914862194325,-224.84964166519921,376.5396600057216,-52.355401071462204,-191.19216405905522,-464.1178628955234,-51.47614929117678,321.3919798708807,-133.6179173121466,499.99622559063965,-447.78744934790575,186.7201133354438,-409.43708041991886,235.15268622270548,474.46308598674835,406.584423964476,-119.0945694205067,-3.5533059263132714,356.53445313269924,-254.16774997022995,-132.42111545182422,-136.50302219149364,-289.44411692968725,-208.64381091883254,354.7993585376714,-261.90377796199704,-339.6774084054432,27.222763765982787,-66.11103047841512,-188.94242797843214,-99.65962082774115,-79.09708250798643,-265.2444749698271,33.859680081916224,322.5898247099262,391.6708234658949,59.673700718074876,496.1829922578753,-348.83507987682987,357.1383206005541,81.055044789619,354.81090525459257,-7.257697120283973,-9.946434978685502,-454.7708898614681,-232.54629126252883,-439.69083896760986,187.10582424586664,-125.38110135407635,3.454836694245265,-293.35161998596453,52.240936522597174,259.7297258146682,21.079700816845463,43.084258470311674,-177.26123141371406,274.0225806707325,301.575226307264,478.699454269847,408.061619325693,-1.0935138110497702,188.88704708036883,234.35689092720474,-303.78123234615936,-28.68916002811821,286.6957876312077,51.687459096147805,486.752210516847,272.0895675608067,216.91141305175387,-73.54436948119327,-499.99999998154584,447.65685986857665,-52.15662402211022,64.79315921626737,183.12683436467907,178.07364516632344,56.387441017661,7.1030270536089954,-139.54028986895995,2.484314631338245,-158.05691098394144,27.619500545978394,-8.873874351184348,84.65770851070637,499.84115882185534,-343.7831880157626,228.11361465881774,289.8613310801251,293.83717844121907,-89.10563969144462,36.63110155578079,131.52867423122845,456.43337419397875,393.61989998839965,308.336453839367,490.3694752999677,63.67490278711488,-28.09389068951518,42.66711019807383,-210.51345318279192,-5.949542845348802,58.1786873052059,-219.30165033062357,9.425360291709278,-210.30418449166083,-7.314308097486159,242.6307467536165,81.09246073497411,279.2276263878695,108.76485398926664,-80.23886348765555,500.0,500.0,-0.573078988466041,-94.11622914251548,100.54077413972986,10.317469406199134,-133.82491700962703,24.98465983235254,-106.56803360159833,-73.59707396002058,-5.577472464114447,303.828946971767,148.62988216432737,50.50026186506524,-49.21390968678977,-221.04514064188368,96.48685523787329,-451.0390839065627,95.05160386717309,46.39937049835444,-165.74291801802622,-495.90286672864136,-490.64270701327905,-83.44296286378584,44.50099561993573,-166.0606715352706,8.889284347839903,52.65672228186502,81.1882046780295,-0.7919625978872432,-200.52904620850344,-3.5637261072318327,36.909763057384275,-286.45416261434,-116.29670230146307,418.31345820593145,66.88236614055853,99.9321386666843,-16.53068027944377,-187.2074495413214,-182.5427501919056,39.46865571852737,19.4985912106737,97.12868731503309,-50.414136356406026,301.7988763757837,-119.47162323206223,270.34663712066146,8.902905904750465,28.75273103232066,-499.99956207626667,-0.0013866165099862807,-5.211975079247107,-65.12578498338812,118.72373282475175,-27.00227437280074,-133.26860679575597,-99.98056673525014,-18.21980897370699,206.34661101793068,226.69694761387723,-78.6971742853521,103.47256617152432,-121.41779244457288,21.057340848828893,-16.59962295658098,-189.26374324664144,-35.490269772952615,-30.807486348293985,-32.85356471331809,-168.39753280275997,87.08136290959882,48.43912060234318,114.68306270934872,61.2545897792687,-198.91868218950572,477.1370586821838,-3.5727997014790676,-405.3016761338265,10.005128216272512,-1.084424426795074,-448.92888843895804,108.10395912675754,386.30531869568216,-0.001386616517262238,6.172689309097595,-23.74397638445466,343.58276911490935,-377.6835417030411,443.9324320485762,-499.9544738807365,-499.9500536794919,104.6782959930188,246.74062993183495,-337.13777974377984,438.4386221582661,-409.20496322769463,-499.9999820953501,21.14224993181212,-8.246568371133353,-95.20317623262987,-496.54260828420723,-63.02615396864574,-10.348616651938501
212,-0.0005183305220269139,-499.9999999998379,499.9945551178113,-40.15595326901027,451.3983051372802,-0.0007779501211182923,69.51141286586198,323.36205069028784,58.73936355405937,-85.59210139067721,-2.5502055751186035,198.3125539404734,358.16573221263184,-114.89131155223934,278.1050650459312,286.14065325961633,387.3104181330991,499.9986981393847,65.00147771644184,-488.0952086243754,248.8077835604959,500.0,129.67887765965742,384.9388093302844,-221.4294483737539,-60.978614819387786,248.05900296531837,-10.109812462083402,-287.84699612358065,-168.650617804501,1.4323221936304051,-102.51805959284191,-85.51164655447799,-499.9534497689501,154.82286372666167,83.94306627244863,-33.195268285516356,-297.4280281347789,-46.34138520848586,1.8238887911738315,-133.44339412256,188.94958762866133,-315.5153963428733,-391.12869233495695,-400.41993208366756,-233.22880667080224,6.532456694026648,-0.17890272526993045,106.17369086523152,342.0098321981604,216.75568884529045,-236.60774889290457,274.60194586163084,-258.05947879364606,-67.2333792091485,5.9930862906326645,156.88285620639397,36.2790259929714,20.290572480314264,491.872121639535,-475.5117995672474,-239.73109283211747,-86.88285178221047,-366.12623383710144,-224.8682115294558,377.16579603831974,-52.75931414014224,-192.4641190784342,-464.1554470258924,-54.69078374369186,323.1212824258836,-133.5726584447215,499.9962100802711,-447.2483018257328,189.27144002694894,-409.25339561642085,233.49240035385603,474.39490240815064,408.67306051713047,-118.47962079017172,-2.849235279468795,356.59301965826006,-248.79733093925853,-130.24302982518577,-136.05350754914508,-289.752943333948,-208.94981857227117,351.5618094944929,-261.6982581610341,-339.0847535904472,26.995241333197647,-65.87589161422453,-188.402871747238,-99.69623269431438,-79.564587979607,-268.51764812371886,33.637888125577234,321.5888006172371,391.8472276396754,60.732385086688616,496.2687519299943,-350.1857187719312,355.64043189064716,80.53024512011012,357.1067299228489,-7.740384325062952,-9.924807277490789,-454.73191437410094,-232.44324551791135,-439.60415697957603,192.48913929786892,-125.3009945295321,3.2905478615831214,-300.3773181629404,52.65743608455197,268.75846139486373,20.248866180412087,44.733624815032854,-180.93100793702123,278.48547510573405,300.852878825076,478.1733543896739,409.73638546121714,-1.8211369142103198,189.41172237786637,229.28469524073554,-302.8066299768944,-28.13532322083164,292.81061414905156,42.754324295263096,486.75420502584603,268.1993730915308,218.60753036540936,-73.2299744494781,-499.99999998148974,447.5453083175967,-53.99488656069298,64.96031354607403,182.25360861351794,178.71683043850982,56.23831567974264,7.461620566784724,-142.16570283564496,0.9347972813271792,-158.88881576466474,25.087807169042325,-8.766355078871886,84.85458118967905,499.848747630301,-341.73435800088293,227.52670986195827,292.7629331393137,293.25286252081185,-90.68938611400198,35.59607398122434,133.10758046330503,455.8973217627154,393.5524894304206,312.1334459551844,490.70804601538015,60.67671829223542,-29.165099249775253,43.032514184326004,-207.9999425551439,-7.395848313193995,58.91292266158237,-215.58556504507968,7.478450700652082,-208.27240902765166,-6.001271072053861,239.68884457036128,84.81003248586583,278.67215081805114,107.95837413481459,-81.43084278845404,500.0,500.0,-2.042220995166661,-93.54234688282786,98.9612492697677,10.581807865439202,-134.48906112857838,26.214491217928913,-108.06549087410883,-76.18264595511111,-4.121742865973486,300.7299509046766,148.40524118782608,49.074620772689016,-48.778372027933464,-223.02607436310203,96.339138229282,-451.7308549012076,94.59661761403713,45.732375265963114,-167.46205424926927,-496.00229399472096,-490.7306999020082,-83.74317003254254,44.94151435615344,-169.6007873565416,8.725949591869892,52.057624114092285,79.88408599676082,-0.3316444852145956,-203.9018100512446,-3.56113041841892,36.73167252303084,-286.6156178887051,-114.49264998906479,418.3869843392435,67.4925533580563,99.65189023215214,-16.917009250291567,-188.29119359110925,-185.0234815958753,39.163300744096475,19.25192655401307,96.65641384270887,-50.2552249453785,301.6095059127323,-120.12565745017015,270.2955160917367,9.41569191401767,28.683834327720007,-499.9995684419934,-0.001297189308385714,-5.158943293871253,-65.79259092671353,118.606622078543,-27.30886739837619,-133.82192119248504,-101.16954534951155,-17.750862507153798,206.36571441448538,226.37974783011387,-77.81904431302031,103.03377619263662,-122.77554666265235,19.945804558832027,-15.47597537579728,-190.02496726200894,-35.70689204601019,-30.281158206128055,-31.09844223365081,-168.9868465607788,87.2441562445078,47.67846120986775,118.69093788911505,61.08545202726137,-199.1823739517144,476.2224307728551,-3.8218946428057086,-404.70096890701865,10.51339230562502,-3.5457984876630886,-448.92289289579224,108.20603877720936,385.67017569405806,-0.0012971893229376291,20.92661845984912,-23.36271241573917,341.91510457900733,-377.5934695747863,442.54866372753804,-499.9543735926552,-499.9500644605932,103.27606111803073,247.89941909000243,-337.83734574122235,437.0636525803474,-409.5274649236663,-499.9999820961182,20.83090252704834,-9.491831832573146,-90.71129249938633,-496.6831365989283,-65.24974300173655,-6.022043309657109
213,-0.0004849018223465764,-499.9999999998398,499.99449229490335,-40.46394723396739,450.6197955218093,-0.0007277777694975475,70.96254320080698,319.83671210867783,57.715682676186034,-85.72117395161199,-2.70984259515945,197.49653852926048,358.5771582106611,-114.96185088157583,280.5042924853884,282.78650698595277,386.3736252769653,499.9986577502243,61.48585835928343,-488.7036273685895,246.0415293684847,500.0,125.42921567815382,385.2941542276998,-224.55100571026472,-62.10632675552931,249.43148453975266,-10.359034507074371,-286.71315465104783,-165.603918529654,1.560655372472188,-100.31196841187166,-85.70852846578043,-499.95344949524775,154.15512305692167,82.65224844636448,-33.42384032086658,-297.0599656049583,-46.379145911319085,1.74641168502198,-133.87627193125607,189.26245620624871,-315.4857753048442,-391.5018140370218,-400.4678627946258,-233.80719697901463,6.538722808864133,-0.18893319374685769,106.18860326859821,341.37980606322003,214.97821709213494,-236.8451235169928,277.5397682719702,-258.05094949044326,-66.91486516859746,5.491784634291296,160.55954699257694,38.38162869997454,20.395113180369737,491.7282514892716,-475.5456759861874,-239.87553437179807,-86.56706852659514,-365.86443516685847,-224.94425298541208,377.7814210072175,-53.156570303129655,-193.69673261809695,-464.19151507329207,-58.038043451049006,324.8226631719917,-133.528505721814,499.9961924276202,-446.65519882370353,191.74936596931227,-409.04267698319074,231.85899642083615,474.328036716869,410.7035480916059,-117.83820034137672,-2.1518609897704706,356.64995855525854,-242.95354849732232,-128.0901987853592,-135.6163860777273,-290.0569656404665,-209.23592659283833,348.36727483468593,-261.49032557777906,-338.4173739236547,26.372743716944658,-65.78967605829655,-187.8831147467702,-99.71848670950615,-80.0147909962337,-271.92103465228513,33.51955584691264,320.6117657065035,392.0176762776261,61.62395791282421,496.3511701273476,-351.48915468013445,354.2083947266742,79.81651255399254,359.69169231568816,-8.180853365096002,-9.90265360657381,-454.76641914981644,-232.30114143953324,-439.50764751356263,197.69514652439946,-125.21833249762467,3.128639800553366,-307.81560550581975,53.070062576953745,277.36393943728575,19.494491794937076,46.37338170284707,-185.2225149731359,282.8873935791243,300.17385715878316,477.5622006803829,411.37246545671866,-2.448547344298643,190.13973065801392,224.296358478439,-301.7404519488729,-27.581400265905256,298.72750980149056,33.95485772031312,486.7559469254129,264.3794214855179,220.2807691587387,-72.92751224796079,-499.9999999814372,447.4359130223866,-55.84648851500007,65.11805966278229,181.35452707327445,179.37448837398392,56.104900656880744,7.715426645390777,-144.60189194431086,-0.9889870076011512,-160.00136003420218,22.65364703157802,-8.768222873212302,85.10608620795963,499.85697366655756,-339.410345400436,226.84601592492393,296.19118300627815,292.6444753686438,-92.65792170879828,34.47970149276452,134.58861061562703,455.3743019037379,393.4585195046989,316.0621373003312,491.05606108324844,57.80511484988989,-30.09008074093352,43.40000322009507,-205.29594023532917,-8.849474572701117,59.761408894431234,-211.5029203881163,5.670534865297993,-206.01095125572337,-4.521004788860969,236.35891763614447,88.84534548042775,278.12612155361654,107.29859464511969,-82.46326775195547,500.0,500.0,-3.41375375629689,-92.97481950940869,97.41722309112775,10.878178471761762,-135.1941561196462,27.55555979901069,-109.54281512476153,-78.53118524702188,-2.442722618178551,297.7155724216889,148.1682119997301,47.695932679185184,-48.18375111316757,-224.91268479604952,96.27391465911695,-452.5399064033241,94.17038048849108,45.26799805646159,-169.09989600567062,-496.1018326740318,-490.83676818117124,-84.0439600158273,45.435481382159004,-172.9974291527292,8.6818251817638,51.493683567860025,78.67000892594399,0.21439458068373085,-207.07943442399855,-3.5978859431107293,36.680341841288374,-286.78409624759644,-112.8233515825046,418.0247934678151,68.01035008129483,99.44357507101226,-17.187139510513806,-189.32370372382732,-187.34490701559122,38.99173279800828,19.068489171259817,96.2935071921092,-49.92620815307676,301.4046648763515,-120.72079284201541,270.24340845915185,9.900203960116734,28.821800469368476,-499.9995744785506,-0.0012135296565223873,-5.062481972555581,-66.32847950095386,118.52682664311817,-27.421998207028896,-134.3551344010273,-102.2423961532692,-17.081291187376237,206.39078288314695,226.0764958393098,-76.79248673528917,102.72144671769651,-124.08778201471124,19.037544363663045,-14.144837562686947,-190.8199738283058,-35.81961610677923,-29.705052201363895,-29.23402358144602,-169.55233614670593,87.46896618178353,47.1871217562196,122.79094542659833,60.88293072501604,-199.45111699407533,475.29315367193936,-3.9266478862942518,-404.0690105188222,11.214084460896352,-5.818884956904432,-448.91308257951977,108.34552655042077,385.06425161806044,-0.001213529663798345,36.31005168449551,-22.88639497398089,338.98660640504977,-377.5047338898084,440.3335984705899,-499.95401917728924,-499.9500748170106,101.75277659271141,249.0802154796842,-338.3045813767696,434.7475946625661,-409.902137081994,-499.9999820968561,20.577618370653223,-10.353404484524189,-86.2461257800251,-496.8078603989814,-68.14988612934756,-1.3510083469517546
214,-0.0004536290216491244,-499.9999999998416,499.9944311034741,-40.508867133827486,449.8446941120489,-0.0006808411599190889,72.40470185017874,316.37981452180605,56.70605990489964,-85.73435132716767,-2.8112130839105403,196.74762858593292,358.95656085622886,-114.96168727960851,282.8180245002702,279.519273549911,385.4983960689702,499.99861780673655,58.10230424281537,-489.263535758496,243.3471374453077,500.0,121.2920871343532,385.6197585742917,-227.64453302763502,-63.2020579956209,250.79700664036375,-10.599799440302185,-285.60754379467545,-162.63546058980856,1.662459553161463,-98.1520606659958,-85.92218597980627,-499.95344922057814,153.51183112326945,81.3812629299853,-33.61093366720744,-296.7224425767105,-46.418556702221615,1.6712427384666115,-134.2780613144307,189.62684235016587,-315.45089000706065,-391.8576578347208,-400.51504927353557,-234.35594512741127,6.52757531379613,0.06972360441667627,106.20304785684128,340.8313826524445,213.31309908403216,-237.06834088743787,280.34017196552463,-258.0411951793294,-66.58602041045279,5.2752876176298775,164.137137938742,40.993044852247436,20.51833748455892,491.5878872074791,-475.57805498368,-240.00719872914246,-86.25032805415897,-365.5978167237192,-225.0331132204632,378.3934491209897,-53.53131680528067,-194.88431519003043,-464.2261295224187,-61.41643696705698,326.5010386741992,-133.4824174329428,499.9961737221005,-446.0151235214588,194.17600367722187,-408.81120576292403,230.30337381768808,474.2634374365158,412.6813709430377,-117.15885087517294,-1.4004912169040309,356.7053134581182,-236.6990562402011,-125.93408485269606,-135.1600346729021,-290.348643716446,-209.50144013931524,345.2418727057625,-261.28075617227427,-337.6950721244501,25.470955413797476,-65.79514642693725,-187.35628399748887,-99.71406212896419,-80.4298010308459,-275.4842295745777,33.55878542043079,319.6692647792278,392.18237595653096,62.54152760642901,496.43056655883464,-352.7365926763675,352.8507116035322,79.23462102414067,362.50726882179674,-8.49491889730576,-9.865315381770749,-454.89720780273404,-232.11788380262414,-439.4034852197615,202.74831937711113,-125.12283986976777,3.0174765885493176,-315.5224061435151,53.542541267287184,285.57210192476447,19.235287691684334,48.02492632393389,-189.27261189376634,287.2571514988877,299.5405132619968,476.86485356328177,412.9782733647036,-2.9622397602413373,191.02881856867512,219.44026142215068,-300.61196591938915,-27.00776070278766,304.4504861459211,25.349660271164666,486.75780284209685,260.6693142815265,221.93657451638853,-72.62439745103771,-499.99999998139424,447.3292741315882,-57.63913989647291,65.27934479220063,180.4758115541824,180.06294782854675,56.00136968685578,7.917616043504725,-146.72348848811941,-2.8297112923831773,-160.88284773427742,20.51191815825256,-8.826712748235298,85.4180486258746,499.8655777073566,-336.73354131071636,226.09151181195494,300.27293111766284,292.04938348958336,-94.62818308906257,33.51844706729731,135.98849611574843,454.8724459283346,393.3423609330557,320.1079581525216,491.410864079855,55.24465740164637,-30.740732732835973,43.781512760529154,-202.44868823032576,-10.247696259448281,60.893605178065464,-207.08251621801406,4.169596670742139,-203.5465011942249,-2.78507145693758,232.6541768957771,93.30375111422248,277.6275005808536,106.94214022538634,-83.35832814707013,500.0,500.0,-4.592504116719203,-92.35385169380942,95.97240192540043,11.213544779780278,-135.98525891845657,29.20142680207631,-111.02466239041873,-80.59744519938398,-0.394334488242769,294.8081737730909,147.9243551179625,46.433301784645906,-47.35120383966342,-226.71794661649437,96.47647625769358,-453.3626825002844,93.85316465342879,45.074766189299204,-170.67797291013883,-496.1987490285101,-490.9563981331868,-84.33167714868584,46.13130656330054,-176.2826431672398,8.922248178830419,51.04731281804383,77.62768180487653,1.0085622565736876,-210.07649784115702,-3.6599587281699413,36.89952255003227,-286.9477891027384,-111.42442281340908,417.09172903740813,68.65249358957414,99.39257089300766,-17.222619412878363,-190.30845476111824,-189.52267505138127,39.05525379091751,19.063942062267,96.11576411879271,-49.30922784569822,301.1977032010791,-121.2654891187674,270.1965352862404,10.386038341813583,29.252550262269086,-499.99958020617765,-0.0011352654182681865,-4.904481603832437,-66.65576094291043,118.55859673192039,-27.259624412092318,-134.88623983571023,-103.21720424482653,-16.128525433184418,206.48790070731738,225.85691932739095,-75.51034689674323,102.68147345148343,-125.37860115049779,18.426004644688803,-12.59520858540247,-191.68303705821043,-35.839531645069805,-29.08251154663039,-27.164083313934306,-170.12898444271246,87.76067891477844,47.000299451085496,126.95899696884328,60.699597618803175,-199.74613096578634,474.3323619333021,-3.773739907625434,-403.40852588798657,12.0792019872273,-7.798628928390672,-448.8977235102222,108.53452469772313,384.52100478734144,-0.0011352654255441439,51.99422841222663,-22.2889181849759,335.2176466749295,-377.41324055122794,437.62134983685917,-499.9534131351917,-499.95008476539545,100.345464808166,250.2922796798368,-338.5231423011588,432.10273721676003,-410.29071227894264,-499.999982097565,20.509130365968545,-10.855741235827315,-81.86209068706353,-496.9165805299748,-70.97764113224586,3.659896743990364
215,-0.0004243730982124252,-499.9999999998432,499.9943722425036,-40.303319593838,449.0754467258029,-0.0006369316288324818,73.84353662667772,313.0046143476564,55.72543460405753,-85.63134441271384,-2.8558975748458413,196.09264652574532,359.3063557230468,-114.87117058724382,285.04560795772,276.35079357819654,384.6906760248455,499.9985783543648,54.859176179059986,-489.7778523776442,240.73557197712327,500.0,117.28903797478777,385.9167711783118,-230.71310402698427,-64.25675753330657,252.1718374143494,-10.833684638798111,-284.5304859424371,-159.73891648408573,1.766437736914996,-96.03229034486117,-86.15081736509222,-499.95344894536265,152.89371528796002,80.1340944592604,-33.82968538782493,-296.40455526847893,-46.45842614916305,1.6177734753121618,-134.65138581452533,190.02779142866078,-315.4109071912724,-392.19163103452746,-400.5601623527577,-234.87734401113696,6.520851172154805,0.4435322468162601,106.21703801960636,340.3851534951251,211.74608159123449,-237.27855415411804,283.00952448137963,-258.03236039551723,-66.24697600364026,5.193856806890997,167.61254842389602,44.03574203469074,20.648345196304742,491.4538567072942,-475.60398476907096,-240.12802563862925,-85.93416220809685,-365.3246343450412,-225.1051034861941,379.01125427694285,-53.89532952996815,-196.02581758494253,-464.2593505327833,-64.76981381471947,328.163373957666,-133.4336242681546,499.99615548603333,-445.3365017002695,196.5704524270119,-408.5653259312642,228.85755349564687,474.2018056437362,414.6113358110845,-116.45768144674854,-0.5745343878720532,356.75912564046786,-230.12343076415948,-123.80120096677389,-134.67967575559427,-290.62822172508027,-209.7500984853383,342.2061051655893,-261.0724226670046,-336.94173730174816,24.480874199184814,-65.80124899967329,-186.81987115962355,-99.70832966532629,-80.81690842023713,-279.22462528059816,33.68292521921369,318.7676902885887,392.3415257273087,63.490231021074514,496.5073158398737,-353.923934558565,351.56771147611613,78.77138755810564,365.48487134001834,-8.749924853813694,-9.818906898288738,-455.1423842980634,-231.9036855455779,-439.2942683157084,207.67238710885513,-125.0187657054307,2.9343096466991305,-323.3661552091317,54.04022857332539,293.40801331721525,19.453780709767994,49.684750266541755,-193.0234874246616,291.60415690692605,298.9488325082338,476.08356740838303,414.5604712050788,-3.360349035898259,191.96887369124553,214.73717907001304,-299.4664620668958,-26.417458098257264,309.979740359184,16.974063858354896,486.7600166287827,257.0825576040218,223.57960984695487,-72.32230842956812,-499.9999999813645,447.22639332065404,-59.380526432537245,65.44394482856873,179.5734975039495,180.76267464988464,55.898960593116364,8.153441382764969,-148.64608685539613,-4.411062938013334,-161.34191753653897,18.583470028718832,-8.855696590635475,85.7518014881901,499.8742981232303,-333.7146921766338,225.22148871570485,304.9347691732405,291.4340850578631,-96.50720825603273,32.78528543700394,137.30193224175665,454.3980211959291,393.19972677467416,324.23979802474474,491.7686214922158,52.922051400519884,-31.244421443237307,44.154835098105714,-199.5341742135185,-11.63344242412601,62.1833622328992,-202.40499421842006,2.835809708335047,-200.96505102540658,-0.9232061746654946,228.47429995668733,98.01515111008845,277.1276569436041,106.75388785485525,-84.15372464013294,500.0,500.0,-5.780825284668254,-91.69133411155573,94.5988314839524,11.578250084956155,-136.9094685659868,31.020765112576854,-112.54055352818932,-82.5757638805806,1.8465627726765927,291.96019858496805,147.6683086244258,45.22623880386341,-46.39557324624295,-228.45693826354938,96.79111686786669,-454.1541704602864,93.5892138195029,44.92291340483167,-172.21853568669107,-496.2912819367451,-491.07990595492276,-84.59741816576778,46.88407327534684,-179.49302676948687,9.253518865109463,50.66479984592484,76.6588426809139,1.9234298039261095,-212.92008792259247,-3.7132473360410345,37.192341737832216,-287.09458205554927,-110.43487422034669,415.50113923995855,69.32249933873793,99.41268334253878,-17.19126203576302,-191.24704639242404,-191.59081956558057,39.18209253194774,19.12293845184208,96.00516082364987,-48.619586404679175,300.9274002421069,-121.78033342331015,270.08145732001395,10.89844415885389,29.728150615438263,-499.9995856436176,-0.0010620486791578913,-4.742980071642271,-66.91959844276766,118.64084090731755,-27.047851520667344,-135.4343934932226,-104.13323022769683,-15.146787401681587,206.6085021335059,225.6455009079831,-74.15938295731029,102.73968481631658,-126.6792501832557,17.876923876525478,-11.1038299773815,-192.65480528788947,-35.81843131491727,-28.445475687325995,-25.04754122022108,-170.76180852599035,88.0756126946231,46.83640342425565,130.9258851815773,60.40299672526871,-200.10325352018228,473.2951245070178,-3.531641152487982,-402.7418228028718,13.023791727613554,-9.45805210902638,-448.8772079997386,108.75646113699104,384.06307226705985,-0.0010620486937098065,67.18787828090846,-21.72574744200505,331.1320546820371,-377.31610989808377,434.6907792948778,-499.95266349805587,-499.9500943218674,99.00579159852433,251.5027895430934,-338.60041181564554,429.44582497537095,-410.66405345566517,-499.99998209824616,20.59594195143268,-11.233979080836319,-77.62964885341103,-497.012827824435,-73.58488843390971,8.751472702786291
216,-0.00039700398338018956,-499.9999999998449,499.9943161966823,-39.88454248047551,448.31236963636445,-0.0005958539622949409,75.26752720129046,309.7012450723917,54.77466327050808,-85.49476564501776,-2.865265922267961,195.468070574923,359.6218635591606,-114.76513191317505,287.1875133437056,273.2726139901299,383.9405993675158,499.99853943452007,51.74822562011992,-490.25007122447875,238.20715099025855,500.0,113.40709242065425,386.1841011140779,-233.76571163456123,-65.2815242249281,253.5002646381409,-11.06041803163575,-283.487707443596,-156.91631524642554,1.8774680529036334,-93.95632705837589,-86.40141648391872,-499.95344866999346,152.29891090260244,78.9120399355559,-34.192437916888274,-296.103863385202,-46.504794283192616,1.5856986738921395,-135.0034570214046,190.44638576201862,-315.373380318526,-392.5031322286161,-400.6192545042736,-235.37646605492503,6.518769363908659,0.7741356818349492,106.23058706004944,340.02471403374216,210.2649160177501,-237.47738944350098,285.54499387861,-258.0370889552585,-65.90756609206403,5.0882123485089386,170.98352838722874,47.3716048198477,20.76870306816813,491.3260145342218,-475.62382065376045,-240.23946421084852,-85.62954564362795,-365.0561387750657,-225.16628522116523,379.6375175673022,-54.26435324658296,-197.12521982150375,-464.2912357393115,-68.13822880267467,329.8125786751745,-133.3855842337124,499.9961386162464,-444.63009509073595,198.92953685408983,-408.31328214483733,227.5070957938694,474.14281366573624,416.49283908801954,-115.7592083695099,0.2864560073373685,356.8114348342625,-223.3256710583469,-121.74994958384916,-134.20280130522707,-290.90153832021565,-209.98493515448789,339.2607222824768,-260.8687976244488,-336.1874888074176,23.481668541467233,-65.77667409071623,-186.29873857273466,-99.73516389773678,-81.19898346164534,-283.137921350024,33.79491378496817,317.9027831407273,392.4953174289655,64.40130361106957,496.5816551564549,-355.0561407368765,350.34002462870257,78.33750203181832,368.55366104060295,-9.041705427473238,-9.782176155242107,-455.50648825375566,-231.66906212780543,-439.1830977815028,212.4783651762658,-124.92198170538313,2.8438016433939812,-331.26708261405116,54.515121603305666,300.8876464396098,20.03039495500548,51.333975838770996,-196.58714631368386,295.9146622054438,298.3928736432857,475.2204664324765,416.1197491129246,-3.6671056898501284,192.88018774000616,210.16702365836892,-298.35052662761154,-25.832964088131444,315.30754458923207,8.827665689496285,486.762329426932,253.59070225818192,225.20580142836425,-72.02952326993261,-499.9999999813496,447.12776319836735,-61.11234268565417,65.60354460517304,178.5652712302641,181.43881137136756,55.75924420449608,8.446726396295725,-150.50837237412836,-5.825944390835335,-161.49071392031206,16.703712483808427,-8.829141151095278,86.06135682600903,499.8828956039347,-330.41279966358667,224.17296543745164,310.0024736843225,290.73644949264224,-98.36445256442524,32.22714110000344,138.50795860497297,453.94991016080485,393.01316009577647,328.41336275915114,492.1238191955437,50.67934623628026,-31.754084150057643,44.48632288744449,-196.58430296781603,-13.098043613857712,63.46271867488964,-197.52034201210975,1.5053691859736547,-198.32356637930076,0.9294839230931093,223.69407890728655,102.74380527173142,276.5569010655732,106.55570854017733,-84.86657483320083,500.0,500.0,-7.165373830060728,-91.04154704485767,93.20810708572095,11.952835558207664,-137.97012082484775,32.81608826434434,-114.09948771390138,-84.61704377664093,4.081965621014483,289.1015343080909,147.38613180269377,43.97127261380359,-45.48155517827203,-230.13813699552796,97.03854505569562,-454.91958205445815,93.27192412334436,44.63801161090005,-173.72759407330238,-496.3804261547153,-491.2023144338677,-84.85174243058353,47.495020588931396,-182.63987839745982,9.488186283371158,50.24171950547289,75.64356544949105,2.786440116987307,-215.63440431138113,-3.737523011290035,37.37345768371626,-287.222225200155,-109.91696190242968,413.26785238227757,69.8493895783764,99.39293637655817,-17.24235837478138,-192.14732763389503,-193.57462715395954,39.23010265591531,19.116049642311168,95.83448996630476,-48.04033755812015,300.5467689196234,-122.28630362141256,269.8465492466218,11.427811947773794,30.07711477114715,-499.9995908082488,-0.000993553927399773,-4.6641146869660846,-67.2444874404799,118.67259289491876,-26.97486631255473,-136.00193476243416,-105.01947773462928,-14.35375647422503,206.64818387444805,225.33360165270457,-72.94525915739884,102.7227182366111,-128.00320972246277,17.213470947961017,-9.88627977565717,-193.74626062097752,-35.80272063077588,-27.83450656755933,-23.060304601603647,-171.47007044947148,88.36602202041055,46.49916248382871,134.5014209078003,59.80711135330482,-200.54448342362042,472.13008909964014,-3.3904905246089965,-402.0869053185709,13.98282654972413,-10.865291391897237,-448.85503136323507,108.97607726665727,383.67697298299333,-0.000993553927399773,81.23691224179966,-21.301681314267583,326.9383828540173,-377.21525597134934,431.6441112974054,-499.95186424023046,-499.9501035019128,97.62039672816177,252.66079372581063,-338.67129793574736,426.76820038682314,-411.02983547230116,-499.9999820989005,20.653753579948322,-11.764421373942325,-73.59070893262677,-497.1009324504584,-76.06713526359022,13.554435197291976
217,-0.000371399986761321,-499.9999999998464,499.99426298899175,-39.30104932053166,447.55449390547767,-0.0005574255192184374,76.65975069089747,306.4558474146193,53.847034278713394,-85.37413317363013,-2.859005860535505,194.83087794134013,359.8942015409496,-114.69008218727514,289.2433259025598,270.2734374578475,383.2320601799889,499.9985010849515,48.75649739198928,-490.6838964288246,235.75719661308258,500.0,109.6295906047634,386.420558722216,-236.8072483275822,-66.28709479856984,254.74627968990387,-11.280504586486165,-282.4826999118549,-154.16871082223864,1.986524612214443,-91.9273878239516,-86.67951270074984,-499.9534483948353,151.72495801826156,77.70942105546179,-34.72580289947685,-295.8222214058411,-46.562350996742566,1.5638431721551158,-135.33906899873742,190.87590953497866,-315.342457282209,-392.794993607818,-400.7085511655528,-235.85593048305955,6.511462057434586,1.0450041282011233,106.24370838620088,339.72373607914585,208.86638018269053,-237.6659635172877,287.93896928730146,-258.06271971217575,-65.57678258086628,4.939593018849389,174.2499573625355,50.887125217379186,20.87738051033865,491.20380545074715,-475.63911524239046,-240.3421359538917,-85.34470527738702,-364.8040589427075,-225.2254745767289,380.2680625602736,-54.64153770559565,-198.18648729479332,-464.321840105143,-71.55261717273544,331.4460319631906,-133.34189296156387,499.99612334621145,-443.90597549765334,201.23981518483285,-408.06332706547306,226.22996886897113,474.0856562151476,418.32191656076236,-115.07382933409343,1.144259997701419,356.8622802390671,-216.38556220272147,-119.80738754061927,-133.7503825323173,-291.1714974980395,-210.20597667731295,336.39762596859623,-260.6714646682692,-335.45767136641274,22.48098906567647,-65.739570671208,-185.81059387398818,-99.80489857417473,-81.5883940455219,-287.1993963859289,33.866767098476565,317.0668239864093,392.64393596545045,65.26461964739883,496.65361972421454,-356.14099845192214,349.1417091156989,77.92130860538998,371.6555488796817,-9.392078051803828,-9.764563211214845,-455.9801229117469,-231.41598567005641,-439.0725940563848,217.1731665821779,-124.84095736823315,2.738615323967249,-339.18546012355546,54.959572348596296,308.0198707409908,20.90285384523256,52.96528896219592,-199.99100676736936,300.1684186990004,297.8698994929226,474.2745827589464,417.6523344078519,-3.9164584018584185,193.76669374057414,205.7086832238256,-297.2940834494907,-25.266812744070474,320.42736644635204,0.8948349096849519,486.76429406080536,250.16572392462544,226.80840454842635,-71.7483256481427,-499.99999998134945,447.0329598800932,-62.84533735160031,65.75510673694342,177.42618103442734,182.0778298707215,55.578258633659054,8.77617907138481,-152.34110271789987,-7.128955479296564,-161.40755688941033,14.825911361729123,-8.76564512451671,86.33706077625955,499.891190317278,-326.87495230130213,222.92983558949376,315.3400648051878,289.9383810197617,-100.23076861041048,31.803625658741527,139.6007273465682,453.5241221472357,392.76630673510215,332.58903812214777,492.4711543451059,48.47404056743914,-32.29475426812139,44.76710051993507,-193.5861500749537,-14.668957763114504,64.7052495084083,-192.4288993431376,0.15082629314654647,-195.6231105813076,2.755647665499115,218.305212823405,107.43086995454358,275.89932408749013,106.31564903936602,-85.48937863619136,500.0,500.0,-8.758159911598314,-90.4328626361455,91.76218765431892,12.32153963325116,-139.1365953067785,34.55400982387224,-115.6892101136267,-86.72661417010713,6.290107522294518,286.2164604050901,147.0655015623343,42.63750600891867,-44.667405188791626,-231.76112324768667,97.20103177903013,-455.6598204393455,92.8723766118759,44.221892860385594,-175.1963001551388,-496.46721213802135,-491.3224009846882,-85.11198589775194,47.931535501762454,-185.71076272847012,9.615810602520234,49.74632710512806,74.56014142471909,3.5742261106650415,-218.2225390199014,-3.741230335277963,37.4352235586243,-287.34061703437817,-109.81807569729683,410.51300680604106,70.2014291451042,99.31229911856542,-17.381996483633873,-193.00939944655082,-195.47173991637337,39.20259371176423,19.028470456006332,95.58448434009986,-47.57147904562953,300.10152360854903,-122.77983611238713,269.5398677006146,11.948217388413763,30.317149563596065,-499.9995957161976,-0.0009294766059600286,-4.670735732925369,-67.62957080650015,118.63050618891795,-27.036850145881125,-136.5780888973569,-105.87365542854651,-13.746293981265906,206.5665861757007,224.89088512438127,-71.8909977543216,102.62511234485048,-129.34107683091023,16.443092521179086,-8.9493956020735,-194.93869935670728,-35.79591425517974,-27.266796281201678,-21.22424632265162,-172.25033381024056,88.62122738937315,46.0077461032303,137.70565792441727,58.86861965424609,-201.0712519269066,470.81287001842617,-3.365416326022225,-401.44250064750275,14.953806774564233,-12.079795074427581,-448.8345031767899,109.17360799999537,383.3423996556809,-0.0009294766059600286,93.94501668070247,-20.99745809594172,322.72499424837764,-377.11480123107293,428.5363237922639,-499.9510315140633,-499.95011232038684,96.19126393408257,253.74076888780317,-338.7824705543266,424.0748320007676,-411.40007967375834,-499.99998209952923,20.582506106326807,-12.512870074339348,-69.73524739398435,-497.1829917598552,-78.44494908056757,17.872911019486402
218,-0.00034744726872298855,-499.99999999984783,499.99421240896424,-38.59853007242807,446.8009029194863,-0.0005214754492042557,78.01163926686918,303.26510984227355,52.93498746811419,-85.2700915160845,-2.8439771245724326,194.18231276051657,360.11665905689085,-114.64389459474114,291.21361427277185,267.35163099911597,382.55520820987954,499.9984633396703,45.87818599407119,-491.0827404773068,233.38149552355765,500.0,105.951020704492,386.62539591677773,-239.8317200785437,-67.27299271693877,255.91281540407985,-11.494171580467151,-281.5147180333778,-151.48922611088003,2.089377614251776,-89.94099469509071,-86.98324337873821,-499.9534481202268,151.17023198977728,76.51887021827173,-35.393457977777985,-295.55881842762574,-46.632420610534325,1.5465860272925702,-135.65911830566873,191.3203215491043,-315.31746514316325,-393.06987365399294,-400.83055709166547,-236.31566604761252,6.496713225175691,1.2819574481795741,106.25641499685575,339.46663018039516,207.55144670641008,-237.8446113837436,290.1877828000173,-258.10805856241734,-65.25715438070426,4.770815109242412,177.4132964421215,54.51049650681634,20.97827209937666,491.08690581960354,-475.65054890545713,-240.43612948668255,-85.08054131734437,-364.5713193713244,-225.2832721423645,380.8981304000552,-55.024052431948874,-199.21121316349567,-464.3512160999854,-75.01033017655644,333.0590449160884,-133.30295135648362,499.99610967314004,-443.171644564382,203.4941789437424,-407.82130407302776,225.01607725683343,474.0298706906875,420.09519938034475,-114.4021019470636,1.9814474985645116,356.91170063209915,-209.36053632155705,-117.96905950771276,-133.3243803390834,-291.43749531071876,-210.41202163675368,333.613713558117,-260.4803132828604,-334.7675245694825,21.48655568833927,-65.70320288275892,-185.35612856482666,-99.91298349984834,-81.9847063239301,-291.37488105127323,33.908856353997194,316.2563929818498,392.78755957520417,66.09197941394024,496.72316343236685,-357.18252607764276,347.95662245436705,77.53647804009206,374.74855632253235,-9.785525830792029,-9.764860680566041,-456.54820744191335,-231.14292981683903,-438.96447754524047,221.76677751161915,-124.77351423320484,2.623735121067274,-347.091042922491,55.38157332939357,314.8133378825604,22.029793286091888,54.58536765082044,-203.24704898435292,304.3491037493855,297.37986307409676,473.2416659954035,419.15375420711683,-4.131053478022309,194.65950064224336,201.35918262984177,-296.3121646636521,-24.715911018775152,325.33842984009004,-6.8325364932776,486.76569159380165,246.80126677869742,228.3830983666791,-71.4773629894321,-499.99999998136235,446.9412182391279,-64.5689390119889,65.89972339903659,176.17802151609885,182.68427199506704,55.370289422248135,9.126082949483143,-154.13279717772443,-8.323864784629622,-161.11963559869184,12.963908849990156,-8.679014703988175,86.59059073326476,499.89906747389614,-323.1315947299357,221.51429584485442,320.8622559480915,289.059636395197,-102.1143321771675,31.49283392518986,140.58992108298216,453.11817696034694,392.4525640392064,336.7379600085055,492.8068924129126,46.32641789059984,-32.84287459890856,45.00605630943602,-190.5261586889837,-16.32085696489596,65.93639582122275,-187.12394014709713,-1.2064281746487868,-192.85540093989633,4.576003884662686,212.38514601714985,112.11783941851321,275.1762915106146,106.06363724251129,-86.01484784876355,500.0,500.0,-10.515271257671888,-89.86468783815697,90.27856214672488,12.677926235938825,-140.37775289951966,36.26772130871015,-117.29361826749098,-88.86865677486139,8.51368672472619,283.33087182423185,146.7027516515272,41.24574525604928,-43.92629301161338,-233.3242034670691,97.31385663835891,-456.37172954064124,92.41384524949494,43.718961433367575,-176.6179069873379,-496.55149361316126,-491.43927547597093,-85.38930857042277,48.2383752479613,-188.6957477567051,9.674536682270846,49.19684120013672,73.4341116378462,4.3218739008960565,-220.68443680586327,-3.7407133735280214,37.42024678693022,-287.46085902263707,-110.01835906459146,407.3974460039133,70.41469758171066,99.19137474556935,-17.57697251704716,-193.83376832236613,-197.27597730868877,39.13914966074853,18.88756618754714,95.27986612572555,-47.16841611912979,299.66990174780705,-123.24930805895151,269.2422032045119,12.44452544491849,30.499128189627537,-499.99960038244194,-0.0008695318247182841,-4.691938699947695,-68.04120590493814,118.53663970524237,-27.179872984837523,-137.15080033202537,-106.68332865662626,-13.263902819431587,206.37338330374075,224.32848642143801,-70.94859151271658,102.48911841698123,-130.6769944410675,15.612848310424084,-8.233680436321603,-196.20499502529813,-35.78328721166568,-26.74106826079936,-19.494435967973526,-173.0957975836794,88.85168475589111,45.422821673513674,140.62167565538124,57.65558697472443,-201.67766169974172,469.3497055624033,-3.4075198818095926,-400.800355561464,15.955189464563425,-13.137359999254588,-448.8163302701889,109.35080188874682,383.0476749992976,-0.0008695318247182841,105.33605894167066,-20.77081656735563,318.5672982340759,-377.0165639005198,425.414316886768,-499.9501424653624,-499.95012079156555,94.75913239074224,254.7433873565112,-338.9146601997822,421.40208365369756,-411.77254748473933,-499.99998210013325,20.41380517161717,-13.390083306497086,-66.01481201036583,-497.2591957627196,-80.72249821607477,21.707833153666147
219,-0.0003250393347115729,-499.99999999984925,499.9941642556648,-37.81125732795943,446.0514541333252,-0.00048784390310159303,79.32145009140082,300.1315798454479,52.03461375004498,-85.17899917384108,-2.8220051377189415,193.52902082468793,360.28701391465864,-114.62044999730625,293.1003128630598,264.51003040724726,381.90600805186415,499.9984262291246,43.11218707505606,-491.44961792809164,231.07846142673182,500.0,102.36972936534573,386.79871499312316,-242.82860334179227,-68.23581690469484,257.0076715008728,-11.700881765011344,-280.5823201614224,-148.8681401556784,2.1859226426493055,-87.99001820038114,-87.30830871265015,-499.95344784648216,150.63380093526231,75.33696415715185,-36.162304210020054,-295.31158414319293,-46.71465685439709,1.5328240362319536,-135.96365021671747,191.78393959546108,-315.2971932763584,-393.3293745386809,-400.98003676120237,-236.755259851425,6.476835532855346,1.491047950786244,106.26871916214225,339.2424093635611,206.32057091480567,-238.01348665618696,292.29340566313465,-258.17073465413523,-64.94880756757593,4.586279666515239,180.4757542861382,58.18667927895539,21.073698056220447,490.9749593262879,-475.6588196864113,-240.5215021445362,-84.8359342717173,-364.3567416254374,-225.3398711328044,381.5249297629401,-55.40978140023886,-200.2003118065341,-464.379413966092,-78.50193493675101,334.64741856273486,-133.2680054350342,499.99609752312006,-442.4326494777532,205.69190675216723,-407.5907310347769,223.8588994354672,473.9753453651033,421.81071499780137,-113.74503097290054,2.787949902573543,356.9597339516589,-202.29583239206835,-116.22813985247053,-132.92297895544388,-291.6987049647291,-210.60227753173143,330.9092154828643,-260.29498502882353,-334.1256903860324,20.502142869498662,-65.6717317780407,-184.93291733766472,-100.05579042372815,-82.38587623545465,-295.63024608446074,33.925758525509295,315.47088607875827,392.9263600899224,66.88553350568228,496.79026755056327,-358.1818373916716,346.7781848913707,77.18257290573138,377.80216795742393,-10.21368249371171,-9.780756413494952,-457.1963218552977,-230.8497581274893,-438.85982571937154,226.27100561248645,-124.7177408127547,2.5012205605845925,-354.9509391218251,55.784231663411596,321.27878520957375,23.362883380084575,56.20081443906995,-206.37972288594898,308.44329195612085,296.92294759548173,472.1157572011611,420.6203241972928,-4.32169624066318,195.57295589786378,197.11890770850954,-295.4127550513865,-24.17658876254329,330.04316896856,-14.354592853575394,486.7665097456645,243.49676391107786,229.9270608760866,-71.21594995133155,-499.9999999813861,446.8520494157415,-66.27486935251561,66.0379754982309,174.84079560003337,183.2606418720267,55.13797026873111,9.488492143922267,-155.88269524753716,-9.42940205000209,-160.66860313493441,11.119490730555881,-8.57599431253351,86.82843358809615,499.90646199323044,-319.21367891553854,219.94762965543967,326.4921158721556,288.1184358529781,-104.02342324861642,31.272090708049898,141.4853349379558,452.7306084474132,392.0713980414902,340.8365827931263,493.1286689163033,44.24131363582501,-33.39132645448511,45.210089872855924,-187.40421278947358,-18.030750266355444,67.16097455777812,-181.61331151335864,-2.5612408380737843,-190.02530829516817,6.393955491463949,206.01456430219875,116.81693979452498,274.4055311660258,105.80977458342878,-86.44538143221712,500.0,500.0,-12.411212936875083,-89.33410850474381,88.77507462988851,13.021651306717448,-141.6695479534086,37.96478437788884,-118.90006492447165,-91.0247015531258,10.76526616935742,280.4663256402332,146.300651606916,39.81267488832956,-43.228148194987476,-234.82758516975576,97.38861452023711,-457.0563860011541,91.91272866953167,43.149509772288006,-177.98952428109632,-496.63298334684333,-491.55230498219174,-85.68499461393638,48.43830378692854,-191.59187606909276,9.677806957781602,48.605814848901844,72.27977629739347,5.043005410334796,-223.02351676469857,-3.744093438395807,37.34533178046318,-287.58731293289225,-110.40449877603676,404.05400918577993,70.51080015877488,99.03983643814597,-17.814685201983984,-194.62107782289883,-198.98719802377275,39.05423306028485,18.704484010511912,94.93140649206066,-46.814249932507735,299.2765011475183,-123.69010008901033,268.97774853035946,12.912872973750689,30.64278594597828,-499.9996048209067,-0.0008134530580711825,-4.681959179042375,-68.46596043333669,118.40287196543278,-27.380945655284428,-137.7109016501925,-107.44266434493053,-12.881200277496147,206.07249593215562,223.6482853971908,-70.09543632444884,102.33095669314636,-131.998968183717,14.740938094787715,-7.704451833446042,-197.52197462791275,-35.75727744075181,-26.257036247174014,-17.84815651552926,-174.003837182355,89.06327215585462,44.76785961649853,143.29778446732513,56.23453391156717,-202.3603599325615,467.7588158066293,-3.495623827275818,-400.15785175767303,16.99380232377734,-14.066912460995473,-448.7999898010091,109.51262343492076,382.78426992326985,-0.0008134530580711825,115.41428649629161,-20.607093325213825,314.4992578156446,-376.92018039316355,422.30127832264407,-499.94917845934134,-499.9501289291667,93.3367347295481,255.67260823587202,-339.0565158491491,418.75489108547316,-412.14220912717946,-499.99998210071357,20.19164328410753,-14.319339440273454,-62.37284437840161,-497.329625781078,-82.91572349436443,25.08945045101725
220,-0.0003040765514014845,-499.99999999985056,499.9941183535243,-36.96435566226041,445.30638778966085,-0.0004563813563435002,80.58856425083157,297.0575180214804,51.14461054157776,-85.1007733726641,-2.7947324304311336,192.8741702524735,360.40605549556295,-114.61753971980258,294.9054582630662,261.7503702128097,381.2817126468434,499.99838978044386,40.45687505622213,-491.7872710608386,228.8475490496933,500.0,98.88386574044894,386.9409173846947,-245.78848360457056,-69.173461851154,258.03542906432085,-11.899582828405814,-279.6844542319459,-146.29642046272625,2.275843229212276,-86.06796685003793,-87.65102219716026,-499.95344757389194,150.1149786052028,74.16296642685867,-37.00803169351745,-295.07905866372147,-46.80851346814443,1.5215142341530696,-136.2529219735357,192.2687828536589,-315.28080662247464,-393.5748446902277,-401.1513915257887,-237.17440974749695,6.453309241462069,1.6764927048123077,106.28063250476991,339.04246294366396,205.17361838327457,-238.17279912118886,294.26117145418084,-258.2489395508772,-64.65199828670458,4.3903849500884204,183.4399990382653,61.87646764369465,21.165439106734766,490.8676104908609,-475.6646218642027,-240.59835126453066,-84.61002809814309,-364.15927546802124,-225.3958279440118,382.14653436298875,-55.79671058318942,-201.15478138613412,-464.40648183382893,-82.01118169256341,336.2075340935069,-133.2369805835076,499.9960867627732,-441.6932459721372,207.83446322994428,-407.3736885597443,222.75235648036465,473.9220432956681,423.46726565253414,-113.1037033679279,3.557482293038594,357.0064171760325,-195.2269757637154,-114.57961236247684,-132.54545475742165,-291.9545821089084,-210.776283328001,328.28366590265085,-260.11521076229747,-333.5365983592508,19.524436173833234,-65.6502656677646,-184.53952028892232,-100.23007538397702,-82.79046825764743,-299.93317437386963,33.91961283958971,314.70972323053,393.06050318061426,67.64524097860459,496.8549408799643,-359.1397896337519,345.60345593373273,76.8573019116913,380.7946013313711,-10.67047372533989,-9.810478123304607,-457.91076568742045,-230.5371463836241,-438.75928655809815,230.6978079592893,-124.67396384816183,2.3727251054793133,-362.7309971529171,56.16990486793161,327.4280109995966,24.863394461364265,57.815411686319266,-209.40236953848915,312.4397980581777,296.4990974802584,470.8900539563703,422.0490416013793,-4.494833110041217,196.51170158172422,192.9859756998969,-294.5982455964116,-23.647670712365258,334.5458345260554,-21.670410287132647,486.7667862026201,240.25035142566912,231.43810546061889,-70.96358800567234,-499.99999998141857,446.7652261870849,-67.95716692967866,66.17024233465673,173.4306632212871,183.80683179959186,54.87779417815206,9.855742029654401,-157.5889432410775,-10.462987611002038,-160.0907783903332,9.294416038157813,-8.463536863801364,87.05292884272146,499.9133447698506,-315.14995030947574,218.24838447844186,332.1605656547252,287.1282045216512,-105.9585771775571,31.123267773208173,142.2952632330713,452.36006488667164,391.62552325584056,344.86484686336706,493.43505216616364,42.21902414203863,-33.93489939863603,45.383888712977836,-184.2252419339528,-19.781086994761438,68.380535348701,-175.91150669724598,-3.9083134695622945,-187.14108710906288,8.209964815944005,199.27538732080313,121.52341057569441,273.5999582035746,105.55989778962244,-86.78630540125437,500.0,500.0,-14.418476840371309,-88.83954139991225,87.26291787212553,13.355494159754002,-142.98928879204513,39.6473892323216,-120.49660289346177,-93.17756597973019,13.047378621140522,277.6378375594515,145.86495055813296,38.350563609361195,-42.55047036644914,-236.27195299333965,97.43361293593279,-457.7165447449854,91.38006814747942,42.531639903351575,-179.30882574212018,-496.7116634139743,-491.66148026079156,-85.99500343287389,48.549540676076006,-194.3971882554113,9.636925016125033,47.98140475750468,71.10692542397652,5.746782228850055,-225.24360388131592,-3.7538516311245305,37.22462676942201,-287.71928318720893,-110.89439364119426,400.57449882782936,70.50835740907918,98.86336737228181,-18.084802844635597,-195.37244237571423,-200.60713701679222,38.95637865516538,18.485977973807525,94.54509572357904,-46.49474805011416,298.90201451247174,-124.10296666882392,268.72586472404254,13.352327422540528,30.7639236078528,-499.9996090445497,-0.0007609909807791645,-4.643630015970246,-68.89426104981138,118.23439972637526,-27.622068604216768,-138.25160170726343,-108.14986410507657,-12.575976084602829,205.6608032482718,222.84662389104707,-69.31557423814009,102.16266641599947,-133.2987533305857,13.841600275762874,-7.336725459846523,-198.87188346969086,-35.714850530173926,-25.815921067480755,-16.274104162574368,-174.976040855413,89.25789222269394,44.0577461409902,145.76158274697036,54.656470809174465,-203.1193943105413,466.06103464193075,-3.6151998090373323,-399.51587527923806,18.07041481764345,-14.889422589580384,-448.78517051819125,109.6610311548905,382.5456034393731,-0.0007609909807791645,124.16214051087273,-20.501336164451136,310.52935550011046,-376.82516591671,419.20704042391196,-499.94812696258344,-499.9501367463649,91.92672574303299,256.5312626704834,-339.21245115808944,416.1321991685987,-412.50720140443883,-499.9999821012711,19.937290647956623,-15.260539167598834,-58.76094110759796,-497.39464061581066,-85.03339612151295,28.022625481508104
221,-0.00028446569194781325,-499.9999999998518,499.99407453775166,-36.077192175571646,444.5660503322612,-0.00042694787771314246,81.81259297571647,294.0449580136066,50.264278215191524,-85.032607207606,-2.7629404769064503,192.22306819670086,360.47641425800157,-114.63014289336128,296.6310803048334,259.0736568703825,380.6801183149612,499.9983540176312,37.90981914925753,-492.09823248260744,226.68801504004065,500.0,95.49235847581016,387.0523691023196,-248.70287493277348,-70.08381933860326,259.0023412936114,-12.088781410807648,-278.81991568011557,-143.76500132389566,2.3592704786461574,-84.16811252004628,-88.00764912768396,-499.9534473027249,149.61313966262068,72.99720336387338,-37.90663284133929,-294.859837820348,-46.91343455852863,1.5120501678790477,-136.52704041172774,192.77639750390358,-315.26724959515775,-393.8074734850603,-401.3394130870184,-237.57261407053207,6.4276494680882355,1.8460361443809286,106.29216599763573,338.8617203760756,204.11018242896702,-238.32274659312915,296.098500761055,-258.34020256676837,-64.36655391667794,4.191877637964485,186.30901211735244,65.55419266117018,21.255467129169222,490.76458497398585,-475.6683889190059,-240.66675117321913,-84.40150125747364,-363.9776193332956,-225.450692214269,382.7615501585473,-56.1824493354976,-202.07549301422844,-464.4324657999108,-85.51422612097232,337.7363771223319,-133.20986263452681,499.99607724450044,-440.9565708153266,209.92529324045518,-407.1711494776303,221.69245606079372,473.86996016437365,425.064439294779,-112.47800527866323,4.288388056724928,357.05178637323934,-188.18092775193836,-113.01654279239945,-132.18992868335724,-292.20444069486666,-210.93374293185298,325.7363904321932,-259.94067032181766,-333.00117090681124,18.551934021552317,-65.64092517976175,-184.17342365520443,-100.43118662690817,-83.19621722244099,-304.2528726425439,33.895600625601574,313.97246201154803,393.19014860235836,68.37273954123803,496.91720891446874,-360.0573697493657,344.43161663715165,76.56136292832723,383.71110355510336,-11.146936178510973,-9.851542776828206,-458.67781053585463,-230.2058682589468,-438.66316813546393,235.05918440418688,-124.64158133968172,2.240937021077416,-370.39592734932216,56.54217292802032,333.2736404758107,26.50308439582308,59.433598819189214,-212.31764735720768,316.3306735255861,296.1081856359147,469.5572416815584,423.43771321549303,-4.654900269390871,197.47740665729174,188.95992764296074,-293.8667695811241,-23.12666328422231,338.85228372210366,-28.77928578731349,486.7665777909013,237.06213631138337,232.91487900684584,-70.71952236818315,-499.9999999814576,446.6806218397487,-69.6090626692802,66.29721074387012,171.96724669160133,184.32458541779357,54.59112898921751,10.224017230522554,-159.2446820156902,-11.431190980829735,-159.40775473753246,7.497099284987944,-8.345123118915534,87.2671955938801,499.91971211986913,-310.96328360562893,216.4397203930903,337.8145228333561,286.1045210520825,-107.91223595286488,31.035118337208726,143.02889061810293,452.0054660423543,391.1200872442353,348.8069008638732,493.72534714714175,40.26456490128019,-34.464297050669295,45.53319541792599,-180.99671248143,-21.551767983092635,69.60091084531783,-170.03556448305602,-5.237167740714383,-184.2105475192651,10.027289510954079,192.25980068613126,126.23553442289368,272.774338976129,105.32436849109882,-87.04409849106284,500.0,500.0,-16.503168832115133,-88.37746963902035,85.75571936228891,13.68276236634626,-144.31628854483287,41.322123635635315,-122.07187687897978,-95.30783257706865,15.363958654761976,274.861346076304,145.40153108054358,36.87509378472359,-41.870124567137665,-237.6581656434547,97.4609143558637,-458.35410243952447,90.8295823981742,41.88603092066298,-180.57423116231948,-496.78757749689703,-491.767027628729,-86.31426689214088,48.59587030562056,-197.11053726873052,9.566796073387499,47.334818391512925,69.92797402492809,6.445597616020855,-227.3482841650988,-3.769866090295551,37.07574663001192,-287.8544287645966,-111.43121347903788,397.02318248957454,70.43142400492906,98.67011953386415,-18.374333766796646,-196.08901225096633,-202.13803734008454,38.855473534477156,18.24102138965581,94.12882100136704,-46.19319724118315,298.5264460444005,-124.48926886615548,268.46605817312815,13.763231360469863,30.879072719268994,-499.9996130654408,-0.0007119122601575064,-4.592992099635172,-69.31548441833922,118.03846308840892,-27.883833630725725,-138.7676321243552,-108.80410015175642,-12.323248822680526,205.13660249326563,221.92121456328687,-68.59057810329203,101.99857276504567,-134.57017402492522,12.930087508257134,-7.1076966436303115,-200.24023668110252,-35.653295322444805,-25.41658340196304,-14.76058017099155,-176.0164680483736,89.43802150572674,43.305754719942364,148.0346645470594,52.96936747565134,-203.95632621629372,464.278644134701,-3.749653149841763,-398.87534604988906,19.184638652268568,-15.617756593636633,-448.7717084691212,109.7977185108943,382.328021650318,-0.0007119122601575064,131.56707171358457,-20.44962668868204,306.66269805443386,-376.7311495412417,416.139826555374,-499.94697776388995,-499.9501442558147,90.53242337807372,257.3240350712787,-339.38740482227604,413.5388715513211,-412.86659635665535,-499.9999821018068,19.666462521158245,-16.187514175849547,-55.14107402312531,-497.4546238833306,-87.07875591040924,30.50582877289588
222,-0.00026611957946440484,-499.999999999853,499.99403266916306,-35.16437024066509,443.83087169237217,-0.000399412623664745,82.99352262371188,291.0960506801428,49.393375074820966,-84.97098379117477,-2.7266799309782237,191.5815944190841,360.50211798100617,-114.6524214969225,298.2792019343796,256.4805265426384,380.09981475088784,499.9983189617611,35.46813636076171,-492.3848365965685,224.59899766906634,500.0,92.1947627748785,387.13340811182775,-251.56386353284026,-70.96479215085306,259.9151634648527,-12.266486525533862,-277.98742262787255,-141.26471574453265,2.4371029940818687,-82.28338086009502,-88.37432632860468,-499.95344703322894,149.12771385387194,71.84090483476346,-38.836576987870785,-294.65242651528536,-47.028883185376074,1.5045888547469923,-136.78601765241007,193.3080802868354,-315.2553935205728,-394.02817659130034,-401.5389094229319,-237.94925604473298,6.401808452897559,2.004690492305934,106.30332987504005,338.69748190683293,203.12926981197282,-238.46353243411608,297.8142702046836,-258.44167171980666,-64.09183915237011,3.9971205390169375,189.0858896789567,69.2028428349465,21.34529797879025,490.6656643711789,-475.67039720867666,-240.72678455177132,-84.2086686248165,-363.8099794497247,-225.50353552255368,383.3693138781425,-56.56486193964556,-202.96323248649367,-464.45741001742437,-88.98424647221124,339.23173984137514,-133.18630480862043,499.99606883287976,-440.2248574065811,211.96977110632807,-406.98318419914455,220.67697543442924,473.81914808031866,426.6026193951077,-111.86741415856217,4.982183913318665,357.0958766966737,-181.17862078087384,-111.53126674963895,-131.85383398627607,-292.44758183997396,-211.074616822554,323.26682901361556,-259.77104209794123,-332.5178782866654,17.585296514749405,-65.64233325670004,-183.83150623460293,-100.65430027800758,-83.60048659394813,-308.56081220649634,33.85881738877352,313.25903149968445,393.31545039877665,69.0691402505574,496.9771188241037,-360.93549268069864,343.2637380110694,76.2945617298159,386.5421195448532,-11.63466177077194,-9.90117525095583,-459.48425108408026,-229.8570461301287,-438.57153141130226,239.36721707892036,-124.61898423140997,2.1081689841980085,-377.909891441078,56.90394635218976,338.82910117901656,28.258002730689885,61.06070098478764,-215.12504915911478,320.11081383958646,295.7498994243153,468.1097547489436,424.78502549250265,-4.80434376228903,198.46807613208875,185.04157584328337,-293.2140815445306,-22.60974682398446,342.96942554277916,-35.68030371619084,486.76596921271954,233.93393532869638,234.35676087981318,-70.48306550133492,-499.9999999815014,446.5981994077994,-71.22433751816443,66.41953167196971,170.4705275852986,184.81678400423115,54.28301501085481,10.59326407422787,-160.84411034022594,-12.337306371487315,-158.63530532598767,5.735406271178528,-8.2206985190294,87.47425687496975,499.9255770903633,-306.6733290233144,214.54692217026434,343.4125971902223,285.06348001923305,-109.87326107944638,31.000124170548794,143.6955253936546,451.6660183110804,390.5617116500914,352.6505386141998,493.999406811247,38.381127787108824,-34.97245836397856,45.66375391796052,-177.72927308958384,-23.32324059199631,70.82560104140197,-164.00616190310618,-6.539308714287967,-181.24299787281075,11.846776853786613,185.06047479507683,130.94609638799255,271.9433224950863,105.11057032932386,-87.2271957715247,500.0,500.0,-18.6340984081398,-87.94381409614928,84.26714109795299,14.005457695928959,-145.63371757251264,42.99208160581265,-123.61639020698809,-97.40052245881546,17.712704994054704,272.1512322087444,144.9147169493566,35.4018733051042,-41.16792960163572,-238.98754293149773,97.4788511727258,-458.97000100425566,90.27411242664502,41.22852867152001,-181.78535280844483,-496.86076532588254,-491.8691702942942,-86.63830010368657,48.59714267113826,-199.73237467911005,9.478144933943405,46.676831366231966,68.75368336911141,7.14821759803796,-229.34150447266344,-3.7898770805781585,36.91166671143645,-287.98987523217363,-111.97739988318435,393.4434164797352,70.30178481490086,98.46694153082436,-18.673881560717525,-196.77201845029717,-203.58313766561324,38.75770596065982,17.97617310402016,93.6882189197621,-45.89830743352759,298.1389389664047,-124.85021098652209,268.1876572662536,14.147589488018133,30.998177645129946,-499.99961689483007,-0.0006659987266171511,-4.542863118666523,-69.72293373658685,117.82164404794386,-28.153384605524636,-139.25504422153827,-109.40567609146144,-12.105082516511866,204.49773124738556,220.86881909904025,-67.90742129442799,101.84813975716538,-135.8088056785197,12.015448743734709,-7.0026396467276495,-201.61492365497378,-35.570982055584146,-25.05649743048393,-13.300586845773285,-177.13028977189083,89.60584398031035,42.51662111520285,150.1295514389704,51.21482606827077,-204.87342974480157,462.43468758413,-3.887887457432708,-398.23731400996513,20.333822671085393,-16.259767460368185,-448.75940394562707,109.92444236320318,382.1297812539997,-0.0006659987266171511,137.6150720097194,-20.452141499491844,302.9017498727679,-376.6374531913903,413.1060099180361,-499.9457244219466,-499.9501514696682,89.15359216818946,258.0563022726454,-339.5862480145577,410.97829478644246,-413.2198637574115,-499.99998210232144,19.3891970973102,-17.088882207011626,-51.48357874403806,-497.50996839153,-89.05368012199679,32.532697599883186
223,-0.00024895666865629883,-499.99999999985414,499.9939926366396,-34.23739644307409,443.1012539985499,-0.0003736532125912377,84.13106847756985,288.21237411534116,48.53177969892305,-84.91379983913149,-2.6860207901790374,190.9541180795476,360.48785303625255,-114.67993414601531,299.8516809439178,253.97072212603473,379.5396799833395,499.9982846311852,33.12807432488279,-492.6492431100545,222.57929981417723,500.0,88.99047134841287,387.1842022055754,-254.36458735881246,-71.81485845503212,260.77951172392414,-12.430180185378536,-277.18581730999125,-138.78672585015408,2.510503123062874,-80.40673489832132,-88.74742505799735,-499.95344676563207,148.6581243626749,70.69573276518427,-39.77998540645487,-294.45540813454704,-47.15459794404775,1.4995766180217587,-137.02994692452157,193.8645720485231,-315.24425572002644,-394.23768257545623,-401.7451051347576,-238.30369819510017,6.377660535250745,2.1535324444427273,106.31413354900742,338.54814859056876,202.22920693540976,-238.59539866192102,299.41784853943,-258.5505835931187,-63.82708954756351,3.808594543429087,191.77367337752383,72.8102136159585,21.435746692927047,490.5706491837192,-475.67085544563207,-240.77855768051063,-84.02985172702249,-363.6544384680342,-225.55350966174535,383.9697381674514,-56.942343506426035,-203.8188312077261,-464.4813567936881,-92.39476544883735,340.6922153456523,-133.16571260244993,499.9960614134214,-439.49977580112886,213.9742700304091,-406.8093312764464,219.70443204564555,473.769689062783,428.08277982947203,-111.27148341604376,5.6416057406560105,357.1387223785606,-174.2374136545419,-110.11659527481592,-131.53479014435567,-292.68344913899574,-211.1991332409632,320.8740710511929,-259.6060628651079,-332.0839878160939,16.625837904972602,-65.65188548027946,-183.510840218657,-100.8951503122681,-84.0008966343455,-312.8314093636243,33.81285319805372,312.5694534438526,393.4365571271533,69.73400684583812,497.0347378081594,-361.7751725333057,342.10156782428174,76.05469179356523,389.2815399963836,-12.127271777517029,-9.956838311398792,-460.3178158844993,-229.49217642446962,-438.4843023902924,243.63382436763402,-124.60414292062684,1.9758556564493157,-385.2384120855139,57.25690775492595,344.1082622373555,30.10611288201008,62.70229046071284,-217.82387340643658,323.77721138546485,295.4236509551923,466.5400236467013,426.09041449098083,-4.944686093275416,199.47910760794065,181.23171614737493,-292.6350696981604,-22.092586717845094,346.904622179922,-42.37304567976489,486.7650583859534,230.86771262919956,235.7635927330353,-70.2537345003674,-499.99999998154834,446.517994268051,-72.79817720822169,66.53765779066438,168.95837136530665,185.28649762055835,53.959967619684896,10.96495116747929,-162.3843901535299,-13.18492567766372,-157.78765765241883,4.013903274940856,-8.08874557187345,87.67642375273742,499.9309624458066,-302.29832973396776,212.59465441110027,348.9210990052694,284.02009915371957,-111.83015913475978,31.012220894644994,144.30380563923592,451.34104055620156,389.95735695104247,356.386306690579,494.25742499432505,36.567968051752196,-35.45623256433721,45.7805116071109,-174.43531298977948,-25.07883813111896,72.05413839868626,-157.8467356334432,-7.810173722966909,-178.24893052560486,13.66589461264737,177.76234692364014,135.64045509932657,271.12007316996414,104.92092277899168,-87.3451502907132,500.0,500.0,-20.78566977830705,-87.53515236002478,82.80871711573101,14.322781260317266,-146.92881689139304,44.65505201445938,-125.12285068439071,-99.44633426075778,20.0843274340056,269.5188930289129,144.405785586823,33.94434578660137,-40.43190595442688,-240.26175553724397,97.4905997496394,-459.56450291802634,89.72381990805563,40.569143888653734,-182.9427138030455,-496.9312662619077,-491.9680287123755,-86.96499654756887,48.56640547129728,-202.26421774354804,9.376194070664832,46.015924510499346,67.59177109169076,7.858141965350462,-231.22746407699628,-3.811211301988078,36.73940525172584,-288.1234916214135,-112.5095938732575,389.86405717050565,70.13573448764951,98.25815995859003,-18.978596650769656,-197.42279892507477,-204.94642440271258,38.66517771076021,17.694594831148727,93.2258148037213,-45.6050771976589,297.73848497012517,-125.18668822006177,267.89015866968344,14.508218855028531,31.124606410626196,-499.9996205432115,-0.0006230463186508545,-4.497492861840205,-70.11421388940089,117.58874799462285,-28.424917553599403,-139.71082685942696,-109.95576169023884,-11.91153912020476,203.7408535557886,219.6848674875804,-67.25993598210032,101.71505709803357,-137.01154826768672,11.100351665093774,-7.014725085535152,-202.98532965969082,-35.46744017982044,-24.732903895650978,-11.892550102319365,-178.32227856843247,89.7626895438657,41.68752973982417,152.0516515392028,49.42652835263864,-205.87286617219223,460.5519397958042,-4.025292971767289,-397.60294337336956,21.513429761525696,-16.82088111485909,-448.7480568093375,110.04258573288121,381.9499814344949,-0.0006230463186508545,142.28995410909297,-20.51248050539399,299.2471787109979,-376.5430721348519,410.1104340089936,-499.9443643444396,-499.9501583995963,87.78640334409171,258.73256069924247,-339.8146390964384,408.44999780887173,-413.56707766290157,-499.99998210281586,19.107891205297175,-17.96695269495223,-47.76525585529656,-497.56108861666576,-90.96081691977814,34.09056794246167
224,-0.00023290059834833434,-499.9999999998552,499.9939543431246,-33.30647911194749,442.37744758020693,-0.000349555029970304,85.22410517429711,285.3943343158347,47.67899402113828,-84.86051335271152,-2.6415482776491306,190.34312426821103,360.438218472243,-114.70988376543006,301.35009962035866,251.54271258620926,378.99831129541445,499.9982510417311,30.884699550370023,-492.8934583121147,220.62706812367057,500.0,85.87819382356516,387.2045840395819,-257.09964919270647,-72.6333792135363,261.5995966372402,-12.576800138773482,-276.41416333283723,-136.32282194701494,2.5803335746377063,-78.53146788275085,-89.12382320554629,-499.9534465001442,148.20371321274504,69.56315631107533,-40.721394828658276,-294.26759776647765,-47.29078443140447,1.497209935801724,-137.25908810240253,194.44575877700566,-315.2330637488152,-394.4366885069503,-401.9539321578619,-238.63527137215607,6.356486466148477,2.292252151259173,106.32458549140684,338.41244437966145,201.40784696488024,-238.71863401327298,300.91821013305366,-258.66449481032464,-63.57164911889703,3.6273172684619754,194.37529941047708,76.36674707036038,21.527069992479323,490.479335855091,-475.66994608867043,-240.8221840150225,-83.86357985450407,-363.5092863896418,-225.6000723852646,384.562957186793,-57.31370475451399,-204.64323143719517,-464.50434668490345,-95.72112797391979,342.11696748740303,-133.14749705207092,499.99605488504517,-438.78270805223366,215.9451344961608,-406.6489366964133,218.77323931251897,473.7216535619358,429.5062126451451,-110.6898403689038,6.269258905661075,357.1803567531957,-167.37242526117282,-108.76590152316498,-131.23090104956603,-292.91166476413287,-211.30770373036881,318.5564159952338,-259.4455193921017,-331.69642025828676,15.674138281828357,-65.66774844132564,-183.20896911659244,-101.15000650209221,-84.39556191367718,-317.0423533598507,33.760509231213966,311.9035118098753,393.55361209946636,70.36586597902355,497.0901440527637,-362.57772949255497,340.9463869943501,75.83843073292928,391.9254796734916,-12.619667189983627,-10.016430434603425,-461.16733724885114,-229.1129029859794,-438.401355067773,247.8705151184246,-124.59517907622784,1.844919075367626,-392.350617933202,57.60213953178752,349.12493588923627,32.02767755749285,64.36351791814508,-220.41359567372285,327.32829236677196,295.1286216914054,464.8404718408832,427.3538164928297,-5.077645187703919,200.505015081224,177.5301648720104,-292.12446342956605,-21.571052127677643,350.665277180674,-48.85842180967277,486.7639361772658,227.86440794112096,237.1354110221595,-70.03117210853613,-499.99999998159717,446.44007246623346,-74.3270229830563,66.65190183435884,167.446142333563,185.73649819485078,53.62812754500597,11.340122468001587,-163.86430395226802,-13.977875837947764,-156.87763927532487,2.335239942163893,-7.948140940209309,87.87533627989392,499.9358958282554,-297.85531350143714,210.60552476064083,354.3124162465226,282.98809862587393,-113.77233923918858,31.066016395566358,144.86149295554955,451.0297990495528,389.31351721792856,360.00680119809596,494.4997761238173,34.82243628481997,-35.914302419099556,45.88761531991135,-171.12621358252315,-26.804789579056596,73.28466260203056,-151.58094459619193,-9.047079400605032,-175.2380429554901,15.481123065789438,170.439613558692,140.30178458982564,270.31648096992365,104.7556381768832,-87.4069794883466,500.0,500.0,-22.936176039426933,-87.14878130577378,81.38995784178155,14.63067971356307,-148.1918601879993,46.30691627801304,-126.58583163192336,-101.43900323144872,22.467619520463952,266.9735225697228,143.87227105587812,32.51414510378625,-39.6559916212995,-241.48255449060102,97.49731564866674,-460.1376934991305,89.18704308211908,39.91537869280611,-184.04722621086944,-496.99914018070837,-492.06364333857107,-87.29551067988801,48.51286865541987,-204.70779870042787,9.263979694447793,45.35890629247075,66.44837803764804,8.576359231322444,-233.01025497334717,-3.8327464215638867,36.563536896362194,-288.2548136121335,-113.01384021869454,386.3052684292168,69.94569796429813,98.04686860638637,-19.285425800263223,-198.04279930377407,-206.23209239520733,38.57849283952552,17.398019839374005,92.74301849151242,-45.310985441548866,297.32758625505943,-125.49959255994308,267.5765220769512,14.847743846162093,31.259478234324956,-499.9996240203817,-0.0005828639186799679,-4.4567139321151865,-70.48857823910342,117.34373785706079,-28.695409407324043,-140.13263079377444,-110.45592269322105,-11.73594731836148,202.8627245557115,218.36513501997058,-66.64501636653615,101.60072444921272,-138.17621950433002,10.185148685975088,-7.140005358845011,-204.34174721136603,-35.342803771516294,-24.44357202748835,-10.536818053713045,-179.5956603476386,89.90908589144075,40.813682504475274,153.80504273083488,47.63280919628655,-206.95598986807158,458.65304634161964,-4.160025687795036,-396.97325406229066,22.718365843523255,-17.305583106233648,-448.73754591781744,110.15287050244132,381.7879467341819,-0.0005828639186799679,145.57942078606848,-20.63492494196563,295.69848126374103,-376.4469070009367,407.1569257029312,-499.94289701709585,-499.95016505681116,86.42595907191313,259.3551707798019,-340.07895663476114,405.9504864099176,-413.9089322148959,-499.99998210329096,18.819560506983116,-18.830493662337897,-43.96732154129443,-497.6084029832359,-92.80401988332237,35.163884278304806
225,-0.00021787997684440127,-499.9999999998563,499.9939176971704,-32.38098251840463,441.65952693524645,-0.0003270109373260754,86.27075653774737,282.6412686700756,46.834004065432765,-84.81134724055359,-2.5942683552616637,189.74993234219306,360.35753927196174,-114.74033883655758,302.77579019277204,249.193867061793,378.4740128713054,499.99821820692387,28.73207868983678,-493.119345495103,218.73976148148031,500.0,82.85607395298042,387.19402038710496,-259.76499702085454,-73.42045674205413,262.3788012525294,-12.70271883445053,-275.6717053317778,-133.86536199712216,2.647126715901689,-76.65115982499823,-89.5008605773336,-499.95344623695735,147.76373024960265,68.44426203270304,-41.646662788750795,-294.08802079753275,-47.43808684518245,1.4974012614422911,-137.47383037020353,195.05067284749805,-315.22120096599576,-394.62589330569534,-402.1619060404293,-238.943220312744,6.3390005689830815,2.420446635219451,106.33469313540478,338.2893799987947,200.66273834278817,-238.83356119874122,302.3237512090225,-258.78123278986556,-63.32493932278628,3.4541771754578385,196.89360915452824,79.8652792165093,21.619052896847414,490.39152048659065,-475.6678232003253,-240.85776787538538,-83.70853809599143,-363.37298791673703,-225.64290464952657,385.14919869050624,-57.67803110562082,-205.437453969525,-464.5264185468957,-98.94040540501291,343.5055815753185,-133.13113385452942,499.99604915462436,-438.0747812741903,217.8884754993823,-406.50122380076516,217.88168128462002,473.6750913450728,430.87442874368276,-110.12206732276412,6.867557069618455,357.22081228595266,-160.59650757490851,-107.47272171484641,-130.94055164166258,-293.1319852160843,-211.40086391732282,316.31144656776223,-259.2892120438885,-331.35185661818275,14.730100792594328,-65.68877662740425,-182.923733754519,-101.41547019334487,-84.7829756323995,-321.17450307337526,33.7044734884959,311.26074031010006,393.6667535355355,70.96259804683912,497.14342130014893,-363.3447724053952,339.79891257927306,75.64181011200341,394.4718900191408,-13.107317677216663,-10.078196647297641,-462.02277443481694,-228.72087436534224,-438.3225241643038,252.0883549146296,-124.59042010867499,1.7160587139966061,-399.2200215248446,57.94051843562632,353.8926785008641,34.00567637395897,66.04903928384746,-222.89338496387086,330.76370543310554,294.8638372105353,463.0034508705313,428.5755456879512,-5.205253573250972,201.53980151986394,173.93586580831973,-291.67684420700914,-21.041261825772445,354.25875368157534,-55.13866456853463,486.7626820900324,224.92403263739166,238.47239010658757,-69.81507118426718,-499.99999998164697,446.3645060431618,-75.80819281696958,66.762512213531,165.9472458400695,186.16930085655744,53.293069760911614,11.71936755325115,-165.2831996079592,-14.719408875325959,-155.9159419165458,0.7014621875531896,-7.7981901665035975,88.07215593259919,499.9404074710496,-293.3595997559108,208.6001122862883,359.56495779919294,281.98027496688826,-115.68988509766399,31.156971365769525,145.37564659481208,450.73150613832985,388.63615611772497,363.50647785263766,494.72695797823513,33.14154056455345,-36.34583161478519,45.98869254665698,-167.81131384103966,-28.489445731460204,74.51545972665625,-145.23152221728535,-10.247873722487105,-172.2183874797273,17.289242274370014,163.15603570782258,144.91432208656443,269.5436523054729,104.61447591917754,-87.42056567339607,500.0,500.0,-25.066541714255347,-86.78231313836254,80.01917133979208,14.922067640706821,-149.41555245178333,47.94365237694455,-128.00146923022388,-103.37373687024754,24.852073365720184,264.52297036693994,143.30787386379876,31.12186113207736,-38.83789444514065,-242.65164332888344,97.49984337563481,-460.6896373569481,88.6712477363849,39.27378272273841,-185.099992401639,-497.0644679063509,-492.1560188125309,-87.63404806096081,48.44392547343498,-207.06473435378805,9.144017282010974,44.71176392758261,65.32911848162506,9.30299646053857,-234.693725590818,-3.8552338284897827,36.387989887502385,-288.38500150060946,-113.4838258588408,382.7796836873696,69.7418086577872,97.83582462896878,-19.59174955504512,-198.63356134640082,-207.4443785815144,38.497883036958854,17.08786420247868,92.24124593104378,-45.01426915545255,296.9092501140397,-125.79001170646359,267.25011002050013,15.16847434174193,31.403368686859036,-499.99962733548847,-0.000545272872841235,-4.419391029328748,-70.84571377337323,117.09052375153043,-28.962734357871717,-140.51869565333143,-110.90798559517195,-11.57279442489942,201.8611580322746,216.9067317370478,-66.06049761499432,101.5059485566763,-139.30145315738278,9.26965298053068,-7.3751315786277125,-205.6753201113001,-35.19753273623986,-24.186960494568574,-9.233743841029463,-180.95188085249637,90.04486887901903,39.8904937973531,155.3946337061069,45.85867127282822,-208.12321216176417,456.76068020930484,-4.291158127657278,-396.348978626199,23.943466790438556,-17.71747916417495,-448.7278348410992,110.25541051116127,381.6432170734342,-0.000545272872841235,147.47721848135174,-20.823467884085623,292.2542015464045,-376.34787172821234,404.2484985747779,-499.9413231182374,-499.95017145207834,85.06737966686059,259.9237473669022,-340.3855527468249,403.47354627260137,-414.246518752834,-499.99998210374736,18.51872963315698,-19.69015747925879,-40.07471896595753,-497.65231324073795,-94.587979515504,35.7379006499225
226,-0.00020382798538774984,-499.9999999998572,499.9938826041341,-31.469762061236313,440.9473969538958,-0.0003059206319448622,87.26879193344702,279.95191622629557,45.99525728737985,-84.76626987790652,-2.5453402624879877,189.1757269680751,360.249679100307,-114.76922884176297,304.129910653171,246.9209676446219,377.96498802484103,499.99818613818223,26.663783619087635,-493.3286246530732,216.9142833266908,500.0,79.9220246867862,387.15160045940104,-262.357588789191,-74.17662042014229,263.12044104606014,-12.80368702276911,-274.95777395002375,-131.40706976077396,2.711211095838158,-74.75952032994411,-89.87619479148825,-499.95344597624717,147.33734495381609,67.33961337280057,-42.54203419308619,-293.9158332774361,-47.59748752970477,1.499890770396433,-137.67462146140943,195.67756013451213,-315.2081369932502,-394.80599632641,-402.365829261869,-239.2266308974541,6.325561516973012,2.538320147702238,106.34446262292515,338.17821678840403,199.99132827821242,-238.94051440979575,303.64209756541595,-258.8988157479009,-63.08638113230211,3.2907196614679126,199.3313230605542,83.30023180365988,21.710910467344284,490.30700471826344,-475.66461222761774,-240.88538394107735,-83.56347469068031,-363.24404977772855,-225.68176255068087,385.7286909821027,-58.03457908216836,-206.2025307204208,-464.5476096188776,-102.03128074558313,344.8579005905101,-133.11617310425095,499.9960441325991,-437.37693803765796,219.8100626072558,-406.36537533800094,217.02803087990785,473.6300293471974,432.1890672319623,-109.56764559692145,7.438742593463244,357.2601206213812,-153.92081968817035,-106.23037439341479,-130.6621271986819,-293.3442472772864,-211.479200043014,314.13634309696283,-259.13690009716083,-331.04692264701055,13.793425372164167,-65.71394553757733,-182.65303374672774,-101.68832498732263,-85.16185394619549,-325.2116529335122,33.64763995411676,310.6405103108321,393.7761147854836,71.5211686819562,497.19465363001456,-364.07807643358524,338.6594525601595,75.45974232111533,396.92001507536526,-13.585920504898333,-10.140616822229047,-462.875224730049,-228.31756276014409,-438.24762624757966,256.2979759806262,-124.58838223826822,1.5899333961222384,-405.8250267736285,58.27294211508999,358.42460737915087,36.0254519389547,67.76302161364602,-225.2616849240425,334.0840767353578,294.6282719325024,461.02106405317477,429.75617149082126,-5.329710075271443,202.5768195736609,170.44732462665587,-291.28687893844216,-20.499526633854178,357.6922551403481,-61.21700516579704,486.76136284540667,222.04614513911687,239.77478863553944,-69.60511817335164,-499.999999981697,446.2913420457033,-77.23959440012176,66.86973571810557,164.473683861188,186.58716079843427,52.959797682099676,12.103129749648236,-166.64041509544347,-15.411669187048329,-154.91087763619365,-0.8851218556879628,-7.638318973403764,88.26760877222607,499.94452819968046,-288.8246761518392,206.5970308982032,364.66278036161725,281.0087389430328,-117.57336362981461,31.281392423106563,145.8528891076126,450.4453626857816,387.93068485294657,366.8815568921809,494.93954091757405,31.523106446858886,-36.749605969508146,46.087258308072784,-164.4965344374695,-30.122454320944055,75.74600755124318,-138.81843497060296,-11.41017961245134,-169.19552339643676,19.088282392870667,155.96690392745475,149.46628300950738,268.8121703935378,104.49795114485455,-87.39220344952116,500.0,500.0,-27.15980678858031,-86.43326374351489,78.70423793328436,15.186667184206012,-150.59399206064947,49.56281305829442,-129.36696893554637,-105.2462029474785,27.229999533303236,262.17452483962103,142.7014091401151,29.777532246718014,-37.976420222975236,-243.7706334896594,97.49979375206779,-461.220448125239,88.1837069263431,38.65069199831098,-186.10226473090404,-497.12734080745355,-492.24516454711363,-87.98780469221275,48.366612869055764,-209.33660015009167,9.019203552854135,44.080288437779124,64.2396975067804,10.038480644091665,-236.28159756760772,-3.8813311615887094,36.217117760709314,-288.5165530598317,-113.91844464085816,379.29604352164904,69.53323830727156,97.62795442553042,-19.894643589961557,-199.1967418511138,-208.5875951168725,38.4237432288541,16.76583694968322,91.72249519957333,-44.71295988369963,296.48496112551373,-126.05950044164949,266.9126631190357,15.47249270356007,31.55718861121757,-499.9996304970787,-0.0005101059432488959,-4.386231328939879,-71.18508446708807,116.83340208629008,-29.2246001622613,-140.86796650996888,-111.31410914155347,-11.416565867820173,200.7356662679548,215.30847563280042,-65.50351521591838,101.43194983868803,-140.38689737578693,8.353998301145134,-7.715851791509936,-206.97866004264102,-35.032317513790545,-23.96281430338069,-7.981740447204362,-182.39117240803503,90.16891146189093,38.91470738904853,156.82848620829515,44.12745127788073,-209.37443629116353,454.89809945356666,-4.4175289694070035,-395.7303081587872,25.183782514634053,-18.059484989332457,-448.7189620786277,110.34969521678578,381.51553594659435,-0.0005101059432488959,147.98530548675646,-21.08137722098815,288.9125804422131,-376.2449699678827,401.38787718330764,-499.9396435296458,-499.95017759573847,83.70606421859948,260.4331459505837,-340.7395227822536,401.00928997218676,-414.58096341097104,-499.99998210418585,18.20135581774037,-20.553080688013374,-36.07527603180546,-497.6931786072344,-96.31818433563663,35.80372271643484
227,-0.00019068222172790214,-499.9999999998582,499.9938489725714,-30.580738244640607,440.2408245173475,-0.00028619046861419126,88.21584354868985,277.32461250766636,45.16089433106248,-84.72557533612725,-2.4960970221569907,188.62116906420894,360.1181666683205,-114.794912934132,305.4134644283189,244.72042564106707,377.4694970898884,499.998154845047,24.673153120986903,-493.5228748548637,215.14720095268228,500.0,77.07376351418804,387.0760371526426,-264.8752451709094,-74.90282900050448,263.8273382531278,-12.874791656351887,-274.2718333599791,-128.94105328206857,2.7728174575545106,-72.85044336782441,-90.24781528613889,-499.95344571817355,146.92366767868285,66.24943242364895,-43.39502321547667,-293.7503012632114,-47.77029347470477,1.5043346948905907,-137.8619806636902,196.32384654306597,-315.1934825327647,-394.9776552435257,-402.56277699296237,-239.4844466448263,6.316253702853065,2.6449704460936205,106.35389855870935,338.07845363384644,199.39096293562855,-239.03983747979993,304.88028219026023,-259.01553747997605,-62.85545879652925,3.137610211394972,201.69103961452873,86.6676456184463,21.80085226722394,490.22558960169613,-475.6604223218154,-240.90507983794296,-83.4272824340556,-363.12103023811324,-225.71651482592102,386.3017490618207,-58.38288913743907,-206.93949650376624,-464.5679555701412,-104.9742142749923,346.17404833636056,-133.1022089383192,499.99603973599733,-436.6899342800156,221.7154949826702,-406.24052272253965,216.21060955592137,473.5864773356322,433.45189439114415,-109.02627669651594,7.984983590766411,357.2983125923306,-147.3547389959649,-105.03236955604035,-130.3942053316449,-293.5484102455502,-211.54335114355686,312.02807018064755,-258.988321624784,-330.7782076399176,12.863798718709182,-65.74208957784394,-182.39500532546202,-101.9659696969748,-85.5313154154823,-329.140462321746,33.592304214005395,310.04207840048343,393.88182445029804,72.03594103471175,497.2439270001049,-364.7795061475283,337.52815567543513,75.28366742187646,399.2702460620841,-14.05241100700375,-10.202579653019946,-463.71701728367754,-227.90448391855705,-438.17645953913706,260.5095276780766,-124.58782926330782,1.466801424956175,-412.1485435942093,58.599784056601976,362.73345837435494,38.072878263380986,69.50906225402828,-227.5179520941197,337.29085109561373,294.42084641625456,458.88526529747026,430.89650607493843,-5.45311848088495,203.60733992510592,167.06273328227283,-290.9493104181777,-19.94245477094056,360.97285967590534,-67.09735587999316,486.76003427576063,219.2300626072301,241.04297661913932,-69.40107909938193,-499.99999998174667,446.22061115644226,-78.62015553037999,66.97374085765478,163.0352927621612,186.9916535884977,52.632543105360966,12.491856397748023,-167.93609112827693,-16.056799077287476,-153.8697862226437,-2.4231057938697473,-7.467915600991634,88.46134832282232,499.94828869624683,-284.2628005466579,204.612252484496,369.59430975249614,280.08435904398607,-119.41437043180069,31.43583153698839,146.2990677585933,450.17059392577113,387.20206037060103,370.1296527934019,495.1381497009262,29.96453476074267,-37.12541541336049,46.18612661012431,-161.18734640952817,-31.695623406016484,76.97509639770628,-132.36171438961176,-12.532608647520105,-166.17474353240232,20.875725902211254,148.91606504525328,153.94693718960696,268.1315184231373,104.40582800042226,-87.32762765340004,500.0,500.0,-29.20258924905925,-86.09946011206918,77.4518535894488,15.408637459749055,-151.72370661044735,51.16145438996552,-130.68100477569,-107.05330040553301,29.5938961147668,259.9342068337876,142.0335402878351,28.489854971576413,-37.07232110787913,-244.8410233071932,97.49787566566478,-461.73024578277096,87.73058064778905,38.05094263614658,-187.05547678322787,-497.18785034882524,-492.3310783743068,-88.36850094036872,48.28597431177029,-211.52501497508794,8.891177823953424,43.469207777263996,63.18500736440484,10.782043557508018,-237.77773876175226,-3.9155819091511184,36.054075359344424,-288.6533930965462,-114.32278519857152,375.8588166242212,69.32659789554735,97.42546174497096,-20.192243579274574,-199.73419931552107,-209.66652184558862,38.355517181384464,16.432926592228178,91.18861787122994,-44.40644493434192,296.05685082595414,-126.31022613280774,266.5665212927871,15.761787536421517,31.72059405093161,-499.99963351313676,-0.00047720696602467853,-4.357786683276631,-71.50697233136495,116.57654436648568,-29.48003530669173,-141.1795779637877,-111.67717448494192,-11.263412849669782,199.48742680871564,213.57119703709006,-64.97230688866519,101.37888675923242,-141.43294111360962,7.4377992677452776,-8.157901537108772,-208.2448331946029,-34.848704920430805,-23.77321458240636,-6.77986901331742,-183.91059741502735,90.27814674499184,37.88360597731489,158.1147657252775,42.460122897555756,-210.70816940245172,453.08854120682116,-4.53931155601396,-395.1173554642716,26.433390285045142,-18.33412288438944,-448.7110709416956,110.43408845253937,381.40479478511713,-0.00047720696602467853,147.11149503619166,-21.412574854755782,285.67152467837684,-376.1372395315974,398.5772040782755,-499.9378597925188,-499.9501834977168,82.33658672530188,260.870576326386,-341.1448255925768,398.5397588550506,-414.913505672777,-499.99998210460717,17.86346356740773,-21.424893377458414,-31.959430957530948,-497.73132586792246,-98.00290576801551,35.35689539612814
228,-0.00017838433268479244,-499.9999999998591,499.9938167081816,-29.721142790333438,439.53943773097023,-0.00026773285571832445,89.10962204480552,274.7574776952066,44.328746991696136,-84.68947068901754,-2.447998416072671,188.08684594016867,359.96603835026,-114.81576623033435,306.62734898645164,242.58852104589835,376.985903334673,499.9981243353808,22.75357255459775,-493.70353780756443,213.43484767712349,500.0,74.30888437270005,386.96563852625655,-267.31649927190796,-75.60036644179642,264.50207476967756,-12.91042633256744,-273.61345672135684,-126.4607426982148,2.8320658589436714,-70.91801208327169,-90.61402601438837,-499.95344546288135,146.52174779627038,65.17349924327335,-44.19393191842937,-293.5907813202789,-47.958110917603136,1.5102870886624622,-138.03648234798024,196.98611948073324,-315.1769872088313,-395.1415040830021,-402.75001357898907,-239.7154494764898,6.310922187401311,2.739006747472358,106.36300365138703,337.98968996485763,198.85907054054738,-239.13187130610078,306.0445785024887,-259.1299827219893,-62.63176201034612,2.995479791690647,203.97524676681743,89.96434028969341,21.88570295401875,490.1470702658773,-475.6553566858509,-240.9168614495755,-83.29902358687563,-363.0025541214553,-225.74707750427436,386.86867892842207,-58.722747384627766,-207.64936918839527,-464.58749057906186,-107.75149690095759,347.45429685026164,-133.08894565604058,499.99603588332917,-436.0144243524364,223.6099974790557,-406.12583484607256,215.4277067905416,473.54441782384305,434.6647140590034,-108.4979473909865,8.508214847750256,357.33541825833953,-140.9064543699105,-103.8723328450458,-130.1355233407589,-293.7445557216663,-211.5939432488551,309.98351722200636,-258.84316249309745,-330.54246265295217,11.940945983760862,-65.77184552531507,-182.14799649402238,-102.24643234367635,-85.89092440379355,-332.9501851956779,33.54023077635861,309.4645666617873,393.9840065887901,72.4974057839998,497.2913253793816,-365.45098052070966,336.40502475445425,75.09990006080317,401.52366431852556,-14.504948938749116,-10.263442539551862,-464.5416599245112,-227.48307946238427,-438.10882579773937,264.73256902236284,-124.5879192061126,1.3466021262499777,-418.1781697829607,58.92100563549264,366.8314235118897,40.13375773889196,71.28999606529537,-229.6620945401058,340.38602622723823,294.2405071044151,456.5877365298786,431.9974940272816,-5.577521486413751,204.61981116454157,163.78002099881095,-290.6591535847246,-19.367114407940186,364.1074100907101,-72.78423226295737,486.7587357726026,216.47496358321413,242.2773653673236,-69.20277321338867,-499.99999998179567,446.1523049547432,-79.9498746869602,67.07464448212589,161.63990981618568,187.3833676657633,52.3144541572337,12.885840664975293,-169.17064946639755,-16.65668635955416,-152.799014342535,-3.911339260624541,-7.286462573638451,88.65156086842936,499.9517183730308,-279.68507584207805,202.6589215399299,374.351723045134,279.2167229262278,-121.20552600055218,31.61681309976825,146.7192999836957,449.90645220500056,386.45470881614096,373.24954649520026,495.32342283773426,28.46358921231354,-37.473367235471855,46.28755363155278,-157.88750250087148,-33.2026095321815,78.20170833032567,-125.87983404699929,-13.614034522411297,-163.16036715925603,22.649277898851896,142.03712800800668,158.34890167188257,267.5101191277006,104.33815512031953,-87.23166209916776,500.0,500.0,-31.184412535048434,-85.77893139446002,76.26777099519043,15.563971586559797,-152.802722489697,52.73743883760666,-131.94332972329056,-108.79212338826412,31.938379787057297,257.8071865433785,141.2725018872053,27.26635320877671,-36.12639568628123,-245.8641840187415,97.49491941283172,-462.21922970812176,87.31724086221539,37.47884868901284,-187.96122931290677,-497.2460857896839,-492.41377397894996,-88.79436242710668,48.20642118032359,-213.6317227833337,8.761292218786673,42.88245077664546,62.16956499331304,11.53276328122584,-239.1863202564177,-3.965280631021341,35.902005936286244,-288.80128328098016,-114.70750359486301,372.4712079625633,69.12696280319678,97.2301270495144,-20.482955742220376,-200.24810606260536,-210.68654125475092,38.29230732641068,16.0898442362538,90.64179275112937,-44.094269198435455,295.62591254049465,-126.54543570989385,266.21283609676476,16.038116979763842,31.893171798605387,-499.99963639112235,-0.0004464299054233102,-4.336852758778649,-71.81178694961659,116.32411941073356,-29.728140228775622,-141.4530528176486,-112.00111708865698,-11.109600991402335,198.119605002004,211.69796824829555,-64.4646970169765,101.34692805754605,-142.4411462341721,6.52123288598182,-8.6953487918962,-209.46816241022702,-34.64935046401688,-23.624057811062624,-5.626270841124738,-185.5047488717286,90.36657491205138,36.79638892654601,159.26393619838655,40.87630811624605,-212.12218381929677,451.35541235413416,-4.656954771590319,-394.50997175436424,27.685304030187634,-18.543930322250286,-448.7044690123596,110.5052494136657,381.3109221977296,-0.0004464299054233102,144.87285542755174,-21.8214616150144,282.52898205807577,-376.0238473366339,395.81842604465555,-499.9359730635744,-499.95018916754344,80.95244445089381,261.21120193368097,-341.6035133984375,396.0354205392815,-415.2454240292782,-499.9999821050119,17.503141602053017,-22.30614773655887,-27.719813214755114,-497.7670368992577,-99.65417491021742,34.4003663628126
229,-0.00016687960669514102,-499.99999999985994,499.99378571957374,-28.896926269290592,438.84277931458854,-0.0002504656877135648,89.94829918475469,272.24859476318653,43.49666607660606,-84.65871719257068,-2.402693030689069,187.57291085187006,359.7959667752181,-114.8307481694267,307.77244002345606,240.52158334916243,376.51283813305264,499.9980946155509,20.89880297130022,-493.8719111387956,211.77365104886235,500.0,71.62480191266593,386.81831837667323,-269.6803813943672,-76.2708668734873,265.1464587831419,-12.904269089050015,-272.9823654401781,-123.95987477520787,2.8890401194107485,-68.9566134492183,-90.97348502642213,-499.95344521050214,146.13059319938316,64.11138075971822,-44.9289822928346,-293.4367042659106,-48.162837401545,1.5172640925129202,-138.19878705545585,197.66010353655372,-315.15864608449755,-395.2981177973047,-402.92504105572647,-239.9183294673778,6.3092365953383895,2.8171220933507426,106.3717779849456,337.9114838902911,198.39326611853068,-239.21694776003105,307.1406326476825,-259.2411503919441,-62.415148185648576,2.8641034043409177,206.18636405281558,93.18695595105795,21.959653892511643,490.0712169808474,-475.64953840853747,-240.92069110925956,-83.17809479993825,-362.8874076656197,-225.77339929181414,387.42982802229943,-59.05438163756248,-208.3331614442177,-464.6062474254406,-110.34739013650052,348.699034791223,-133.07622814325188,499.9960324933475,-435.35101672476367,225.49845491961827,-406.02053651193046,214.67751424915915,473.5038018216777,435.8293302064035,-107.98337048822118,9.010083457340816,357.3714669401489,-134.58366557750497,-102.7446305412079,-129.8853026545744,-293.9329797795916,-211.63155102185524,307.9996824840809,-258.7010603527342,-330.336693478194,11.024761052629685,-65.80142972554683,-181.91085129823776,-102.52887508954504,-86.241047918916,-336.63219133793825,33.49141816632314,308.90694870649304,394.0827809430465,72.88778450666157,497.33693087436177,-366.09440880733223,335.29026675887843,74.88390536975677,403.6816820753256,-14.944428484955338,-10.323379514419,-465.34377121415486,-227.05480033396847,-438.04454074978713,268.9758725220836,-124.58843044047312,1.2285176000830216,-423.9057506422256,59.235530269226615,370.73009676492524,42.191303508816404,73.10760311448556,-231.694317322925,343.3718875299461,294.0862688724008,454.1199058559009,433.0601579873148,-5.704651113551635,205.59669697696003,160.59678859538872,-290.4119037784698,-18.77132017706312,367.1024507426108,-78.28250112958564,486.75748630638384,213.78000345629175,243.4783855621061,-69.01017359266328,-499.99999998184364,446.0863761298501,-81.23076163674959,67.1724146354696,160.29267684794442,187.76100790713716,52.00733833415841,13.285109575603462,-170.34552108997494,-17.213984117463802,-151.70533444871432,-5.3499721609387345,-7.0935879673641296,88.83343194004122,499.95484479497213,-275.1023673258434,200.74698413561393,378.92969453550035,278.41335854997925,-122.9407759537227,31.819879568945755,147.11768782027013,449.6522419700289,385.69263242843266,376.24086208272564,495.49599187079724,27.017072526489898,-37.795056466623556,46.392872194969435,-154.59903804192015,-34.63978213165179,79.42377762599577,-119.38930799604816,-14.654543855548226,-160.15635262213894,24.405766876838307,135.35436568668848,162.66679800976266,266.9544992485871,104.29411364719775,-87.10889426924271,500.0,500.0,-33.098527020743894,-85.47047236837658,75.15572742612211,15.612460279016252,-153.82995518824578,54.28823307015763,-133.1545808242791,-110.46045228967843,34.2590212161323,255.79687161810006,140.3622587816099,26.11230422350186,-35.13924038005009,-246.8415242061592,97.49069752341174,-462.68755076701063,86.94711392071548,36.93737488982071,-188.82161163072712,-497.30212337914327,-492.4932697572416,-89.29623397322825,48.13087733082207,-215.65932859958858,8.629418096720633,42.322040560394335,61.19643975792047,12.28856802501036,-240.51250047169327,-4.042116553130135,35.76314010905055,-288.9691224984515,-115.092310171141,369.1355827902143,68.93703816157027,97.0421533564825,-20.766456090761878,-200.74128771693063,-211.65443038705058,38.2318984201317,15.735732777017526,90.08339784941916,-43.776928215783755,295.1943158869025,-126.77028465711356,265.85401751551285,16.302981579060944,32.07356847848855,-499.9996391380037,-0.00041763784975036583,-4.32725323567115,-72.10099163192426,116.07901190109364,-29.969079659598208,-141.68876086004667,-112.29217397139074,-10.952187648795803,196.63626032157282,209.6928713670242,-63.97900761360636,101.3352305386478,-143.41544298335464,5.604098169850745,-9.321283673709353,-210.64589558183468,-34.43941074676788,-23.52862510684283,-4.51902171484886,-187.1672008025992,90.4222836350774,35.653014410826245,160.28839258829984,39.39270864705902,-213.61508730997832,449.72137878025717,-4.7726112873457875,-393.9077648951319,28.929821598055586,-18.692148440423193,-448.6997815205003,110.55640700085516,381.2337209902548,-0.00041763784975036583,141.29645256222705,-22.314974398130204,279.48300058393323,-375.9040948203417,393.1133566602959,-499.93398404027664,-499.95019461437727,79.54292069538198,261.40751607859545,-342.11536793169466,393.4441652569856,-415.57834579166337,-499.9999821054008,17.1190155303706,-23.193820475551725,-23.352052600058077,-497.80055621767497,-101.29150807809616,32.943557854960936
230,-0.00015611684284521694,-499.99999999986073,499.9937559220033,-28.11232400070733,438.15032744750465,-0.00023431210502165517,90.73043516170677,269.796134865214,42.6626104996533,-84.6351741561437,-2.362228718730219,187.07890958785907,359.61039488098976,-114.8396543949,308.8495703692203,238.51621877084395,376.0491197151192,499.9980656906556,19.103115468118478,-494.02915412358067,210.16024507476214,500.0,69.01866713048791,386.63158312663654,-271.966124290356,-76.91639083132107,265.76103992814456,-12.849261036490715,-272.3784742551678,-121.43246699595161,2.9437183672213045,-66.96101552952857,-91.3252279704403,-499.9534449611544,145.7491420423363,63.062572555540775,-45.59320278538173,-293.28759491000744,-48.38680276621716,1.524661696045742,-138.3496807282236,198.34073421276668,-315.1388207041298,-395.44802532092524,-403.08586947621296,-240.09175302841382,6.310601871188582,2.873168655623366,106.38021813222616,337.8432546438506,197.99156191213692,-239.29538155724518,308.1736618338048,-259.3485643449895,-62.2059234240314,2.742703365359247,208.3267267430697,96.33256072368903,22.012435959816063,489.99775138363725,-475.6431315173637,-240.91648197484133,-83.0643936091153,-362.7747478061068,-225.79544565765,387.98558426666517,-59.37859458588447,-208.99188165964762,-464.6242575319483,-112.74787685363047,349.9087624410705,-133.06413913186492,499.9960294796545,-434.7002369001341,227.38547166090663,-405.92388198634285,213.9579787821271,473.4645301082936,436.947540072489,-107.48429068547945,9.492048030854221,357.4064872399385,-128.39273685821559,-101.64495407048958,-129.64358785460692,-294.11430026995384,-211.65663726651633,306.0737341162666,-258.561616864675,-330.1580612640353,10.115240449593829,-65.82849841409825,-181.6831944365939,-102.81394908694996,-86.58324965884192,-340.178819963544,33.44312826089234,308.36790575894884,394.1782630385357,73.17472721777497,497.38082407779154,-366.7117857308429,334.1843929838779,74.59162259783888,405.7462165600786,-15.375939651596324,-10.383750133478884,-466.11859745569893,-226.62121146222506,-437.9834237777107,273.2474374722113,-124.59011576458711,1.1106438367891647,-429.3268671162176,59.5406846194293,374.44056363559616,44.22418978144539,74.96242286810558,-233.61556373253907,346.250974402964,293.957267775396,451.47312564494035,434.0855840688282,-5.836117867216029,206.51060509057734,157.51028007317896,-290.2032425270728,-18.154101144450134,369.9643364174063,-83.59749771256679,486.75627336078185,211.14451828860018,244.6464898194308,-68.82349363155416,-499.99999998189037,446.02273301558574,-82.46784614097386,67.2667935476185,158.9957490843105,188.12011201076717,51.711061899041205,13.689118140819847,-171.4619850318131,-17.73225949358988,-150.59618542159075,-6.7397107594441295,-6.889324131002529,88.99708686762128,499.9576939376574,-270.5249750500179,198.88297666136393,383.32540888938837,277.67944496777534,-124.6153467333713,32.03895151956823,147.497412744451,449.4073040304838,384.9195061316235,379.10392580237163,495.65648157998396,25.621169051266687,-38.09303830298715,46.50235126409376,-151.3218841038407,-36.00672879890944,80.63824891695054,-112.90651678285634,-15.654459464803324,-157.1658017746977,26.1412591845568,128.88396406580074,166.89664255028381,266.469059715065,104.27255033533507,-86.9636399779153,500.0,500.0,-34.940256096879146,-85.17415580633248,74.11675506637607,15.484133814423497,-154.80429344002565,55.810730014624134,-134.3155847923125,-112.05448852373873,36.55212863701744,253.90478523063015,139.20376442960313,25.030456367468098,-34.11063200131244,-247.77382141059863,97.4841736726263,-463.1352034026125,86.621074902458,36.429262120990614,-189.63870341848667,-497.3560244855602,-492.5695671856416,-89.92801043729969,48.06184938342501,-217.61126083893322,8.494237665331287,41.78739439551408,60.267062994610356,13.046149231232834,-241.7635576301599,-4.166583299382821,35.639865622895904,-289.1722744437319,-115.51397846566962,365.8525490183082,68.7573853537292,96.85941496264508,-21.04347096687668,-201.2178179297474,-212.5797154340753,38.170436698709125,15.367407863927442,89.51341284911584,-43.45531184222705,294.76631425556633,-126.99332577328953,265.49485987938647,16.557254418689833,32.25983783806475,-499.99964176027817,-0.00039070264028842996,-4.333772781285679,-72.37710602985295,115.84170855679002,-30.203417512449246,-141.88765821850808,-112.56069028473233,-10.787777838282993,195.0412366532717,207.56031464035178,-63.513434775250786,101.34225881944981,-144.3635249597804,4.687228657968061,-10.027903567569847,-211.77898179925361,-34.22827809756373,-23.512007323444394,-3.4572360915668705,-188.8898734485065,90.42308084556826,34.4552594758815,161.19936042823258,38.02224686323813,-215.18760295037146,448.2072823969169,-4.890328317360757,-393.3103567576426,30.152415219595444,-18.783366061001463,-448.69825358644056,110.57449117617163,381.1727390749721,-0.00039070264028842996,136.41813319341216,-22.90591112256391,276.53146945826273,-375.77749930524215,390.46339434852746,-499.93189308585875,-499.95019984701565,78.0892867011614,261.37305766488026,-342.67809481087426,390.6688030752996,-415.9150093236284,-499.99998210577445,16.707811939000685,-24.082358708593734,-18.858294488823717,-497.8321042878473,-102.94868740656503,30.99989592341457
231,-0.00014604833631892274,-499.9999999998615,499.99372723434425,-27.370042628206313,437.4614793154926,-0.00021920051949562963,91.45502117709786,267.3981828112873,41.82457926499263,-84.62166108567965,-2.329071235081823,186.6039048120579,359.4114631546366,-114.84297322648196,309.8595658262152,236.5690924235217,375.59374815402276,499.99803756477377,17.361165302863224,-494.17630833991564,208.59141188907745,500.0,66.48724488079716,386.40256401416354,-274.1732093359948,-77.53945598970505,266.34524275820615,-12.737662713658917,-271.8019140590575,-118.87278163038532,2.9959747566752424,-64.92638654579582,-91.66869292415346,-499.95344471494377,145.37626407968781,62.02641561517354,-46.18199687523805,-293.14305762156744,-48.6327106536388,1.5317661576388184,-138.49006787241245,199.0222846732629,-315.11823085024565,-395.5917191494036,-403.23093871542346,-240.2343950488193,6.314183043621665,2.8981589567983743,106.38831705124784,337.78426000323964,197.65239234100736,-239.36746879134404,309.14837466623067,-259.4522709764151,-62.004841187491905,2.629760471116146,210.39864732287182,99.39793443620249,22.029335634499695,489.92633928490795,-475.636343059404,-240.90409808463406,-82.95831654450716,-362.664075991499,-225.81312571433156,388.5363439382833,-59.696780245911654,-209.626558232577,-464.6415509721725,-114.94067386579403,351.0840676528005,-133.05300585233417,499.99602674890014,-434.0625385242803,229.27526325728684,-405.83517116424974,213.26675195815528,473.4264489244007,438.0211252952875,-107.00362227190716,9.955269450056818,357.44050704632366,-122.33920319546203,-100.57016607427563,-129.41119807585795,-294.2894540236592,-211.66953955164155,304.20292947360196,-258.424387477605,-330.00393035711716,9.212549219993097,-65.85001039045852,-181.4653953377424,-103.10392022116142,-86.92037483296693,-343.58360809193977,33.389971342555754,307.84580386388166,394.2705642249179,73.3109993659937,497.4230832847281,-367.30520745575126,333.0881554403779,74.16021274741351,407.7194902971222,-15.808549931276422,-10.447196841994748,-466.86206076899515,-226.1840004697935,-437.9253029916975,277.5543888687245,-124.59471372119434,0.9899849346151912,-434.4405744243322,59.832188211543595,377.9733411663857,46.20529658355352,76.85371874913925,-235.42699025694387,349.0260231618801,293.85278465167954,448.63870398429646,435.074905837017,-5.97347460422632,207.32392819450254,154.51715966094625,-290.02921738648615,-17.515644531765147,372.6991818677313,-88.73510222986333,486.7550511250203,208.56776700824005,245.78213857665665,-68.64318096030958,-499.9999999819358,445.96122916438304,-83.66906481310474,67.35730848253417,157.7482642472312,188.4531609228303,51.423541682707416,14.096729153969095,-172.52163781950722,-18.215937965573204,-149.47985518700045,-8.081995512297569,-6.67409085794102,89.12751923284232,499.9602899348366,-265.9629588409373,197.0700105979409,387.53802799662043,277.01795049714997,-126.2257525300958,32.2660731718528,147.86040670445144,449.17100551289195,384.1386128387043,381.83963371390394,495.8055014404356,24.271379953322644,-38.371066888916964,46.6148583596319,-148.0545605763181,-37.30619200450371,81.84100704865628,-106.44745404372695,-16.61470436841224,-154.1919799341679,27.850796080160396,122.63253368451055,171.03682358951656,266.0562361547306,104.27201166011254,-86.8002193930281,500.0,500.0,-36.70750083065595,-84.89125322741836,73.1494299482608,15.079352657079452,-155.72556976144793,57.30154983977284,-135.42802022585283,-113.56953987851718,38.81541976833904,252.1306341656807,137.65465978431416,24.021141520368044,-33.03884176615202,-248.66176710740447,97.47353850903914,-463.56206565146886,86.33769219202348,35.95687287720317,-190.41498831504174,-497.40783826098027,-492.64265851458003,-90.76629547599103,48.001501418078476,-219.49147462626243,8.353212344757738,41.27550522153514,59.381369469536935,13.801186443385468,-242.9478667650158,-4.368163976734892,35.53458463484659,-289.43251647358574,-116.02605557406487,362.62042547755635,68.58643280343261,96.67763049951822,-21.315859807663536,-201.68287720853445,-213.47401335283737,38.1025401717594,14.979478105279407,88.93070539562876,-43.13059798721088,294.3475809728524,-127.22636048536256,265.14181144259857,16.801172918995366,32.44955760994623,-499.9996442639935,-0.0003655049004009273,-4.363088657716307,-72.64363915789,115.61052880376381,-30.432094095018485,-142.05166040647612,-112.8208396315076,-10.612275508399064,193.338668828297,205.3054899925311,-63.06592748637818,101.36591284222162,-145.29658196054038,3.772093893639585,-10.805792652475155,-212.87186844649491,-34.029600515965654,-23.611733952407196,-2.440545164121352,-190.66373357523534,90.33637774484323,33.206600231159804,162.00859801514287,36.77479170247444,-216.8422844006724,446.8316379747734,-5.015871291192001,-392.7173526121288,31.333598200775274,-18.82340574142689,-448.7017596201475,110.54006169530889,381.12726184085665,-0.0003655049004009273,130.28640169883604,-23.61221672251924,273.67230069759,-375.6438130989192,387.86973955143736,-499.92969951925136,-499.95020487389513,76.56562470738167,260.9810305623693,-343.2871134983345,387.5670794962294,-416.2591417647753,-499.9999821061335,16.265380726271236,-24.962429844021052,-14.247019595254887,-497.86187372236213,-104.67204821966003,28.588114247263967
232,-0.00013662922719958828,-499.9999999998622,499.9936995800993,-26.67036077707378,436.77562589392915,-0.0002050635957857479,92.12171493666986,265.0527879622135,40.98088351341895,-84.62314020440793,-2.3065971761764232,186.1463068982394,359.2011868535307,-114.84235097608938,310.8033436973372,234.6771203393355,375.1458404322436,499.99801024109394,15.668339487976565,-494.314280064726,207.06442180641372,500.0,64.02642846116312,386.12812773592634,-276.3005933481507,-78.14322397931697,266.896319064437,-12.561155272341392,-271.2531911160147,-116.2751081733152,3.0455012085125928,-62.848575378723154,-92.00381617252984,-499.95344447196527,145.01072563089872,61.00235952769645,-46.69451138626813,-293.0027536499955,-48.90376586129933,1.5376705692845314,-138.62104551329554,199.69891023597262,-315.0982673061947,-395.7296822233661,-403.35951166323616,-240.34520014993913,6.318854143996423,2.8782270122065605,106.39606092044205,337.73318180898127,197.3753301257645,-239.4334513534623,310.06916570424187,-259.55314828585745,-61.81361744431168,2.523515708610894,212.4044997073854,102.37858001325031,21.986808452492518,489.85650354102245,-475.6294993454161,-240.88333305130075,-82.86123941324196,-362.55567201561956,-225.82605654697514,389.0824515804871,-60.01136263605277,-210.2382914925493,-464.6581566123409,-116.91510903909875,352.2255383734683,-133.04366654419948,499.99602418006845,-433.4383243714469,231.17146827007204,-405.75374773339445,212.60066074058932,473.38929279320024,439.05179857810026,-106.546508910221,10.400513712300727,357.47355361733065,-116.42785907382009,-99.51942066141112,-129.19056301031733,-294.4599923044614,-211.67023591572976,302.38464635791934,-258.28887160000113,-329.87183238059555,8.317364096314256,-65.86110805285361,-181.2592795588098,-103.40384820767504,-87.25767448662491,-346.8390038968295,33.32160928363146,307.3383191008543,394.3597919454388,73.21813222502414,497.46378274496266,-367.8770583024378,332.0029165517536,73.48694993369654,409.60388661540384,-16.25874908790278,-10.518744899074361,-467.5699136446063,-225.74517709529212,-437.8700145427207,281.9026475583783,-124.60592511145094,0.8615247345411947,-439.2488241974353,60.10274171621893,381.3383141738019,48.09470729783751,78.77881486392442,-237.12944909521005,351.699662615475,293.7724938049192,445.6080890946028,436.0292170487567,-6.118600425453216,207.97957318390297,151.61292604332132,-289.8861298697831,-16.8584385923074,375.312880497472,-93.70211018174473,486.75370699288635,206.0490604114043,246.88573828724958,-68.47014327738988,-499.9999999819797,445.90161475723505,-84.84808767584069,67.44306357450755,156.5454592309997,188.74625997330205,51.13949616678555,14.505542363810145,-173.5249934838383,-18.6712023544218,-148.36733507470973,-9.378172023826792,-6.4491451542704965,89.19884309687309,499.96265499751513,-261.42729252402484,195.3074612771134,391.56798583466565,276.42901927905456,-127.77002261575637,32.4887806932014,148.20689432666606,448.9426834747375,383.3530338537239,384.4490740455554,495.94363791888424,22.962572963626084,-38.633921557576386,46.72697451484869,-144.79348318640155,-38.545482656624635,83.02650175956826,-100.02894231518758,-17.535580621793034,-151.23863710668647,29.527796952659322,116.60085891858995,175.08913153131508,265.71599068715676,104.291648156553,-86.62370042280605,500.0,500.0,-38.3982726648463,-84.62546133364091,72.24831908398625,14.235547112156402,-156.59200236512285,58.75712219894161,-136.49303102399972,-114.9959395071005,41.048972294515934,250.47181481237917,135.48387860527538,23.081292727431666,-31.916630627036113,-249.5048653180844,97.45655273451676,-463.96762307741943,86.09185421437866,35.52437352218883,-191.1530234977529,-497.45758738255955,-492.7124911206792,-91.933867746902,47.95407471820203,-221.30559391564188,8.20288814379328,40.779234141654506,58.53719784404376,14.54836927545257,-244.0773425638544,-4.696714361638153,35.45177862264118,-289.78564497613735,-116.71731497697571,359.4339888117316,68.42085089580874,96.48859439990673,-21.586360520832113,-202.1441634923771,-214.35417224851926,38.02060962908955,14.56242580417959,88.33182629814901,-42.80275908938475,293.9474522278629,-127.48808051756033,264.8057130539017,17.03346747071536,32.64097239300513,-499.9996466547375,-0.00034193236206187194,-4.4249407276564945,-72.90522383937615,115.37897245257385,-30.654940701350515,-142.18446814393747,-113.0951504414068,-10.417513293604637,191.5308022469549,202.93261392035174,-62.63254107455436,101.40422262967492,-146.2336184437126,2.862904952416074,-11.642239277957017,-213.93651772095816,-33.865971782849876,-23.8892606162609,-1.4695601248491827,-192.4808605224104,90.10716432648489,31.913957218102723,162.72776116298093,35.65632935052364,-218.58798870056563,445.60960826048927,-5.157221893846457,-392.1284398017185,32.44385248180133,-18.8213530594465,-448.7136837575021,110.41907735161558,381.0958419592222,-0.00034193236206187194,122.96629240198439,-24.463335168317,270.9032167230816,-375.503275225221,385.3331570421724,-499.9273999089074,-499.9502097031324,74.92912748134168,260.0187889715647,-343.93460376764097,383.8954076853601,-416.61718775647074,-499.99998210647834,15.783218046639098,-25.82017836643422,-9.540660401036527,-497.8900355358456,-106.53596134188749,25.730235044988223
233,-0.0001278175841434831,-499.99999999986295,499.9936728808113,-26.011316734700284,436.09217159815086,-0.00019183840777258377,92.73081069304845,262.75829450999663,40.13005795592435,-84.64550970574238,-2.298679426953575,185.70473500984522,358.98138948936224,-114.83959702020586,311.6819128521123,232.83777433834467,374.704688914252,499.9979837221838,14.02087503701305,-494.4438610428196,205.57698437102664,500.0,61.63163695418326,385.80499441197946,-278.3463267279457,-78.73110176793885,267.41030229147987,-12.310949711101342,-270.73301843847696,-113.63348348153548,3.091887716050661,-60.72387741502491,-92.33069923249397,-499.95344423230273,144.65124024739788,59.989879527976456,-47.131834623421554,-292.8663334389261,-49.20336638301016,1.5413773710091359,-138.7437644150714,200.36522714954228,-315.0807659160906,-395.8624027411498,-403.47142704319907,-240.42318784423495,6.323359315596421,2.798994401018708,106.40342779823273,337.6882000020978,197.16140253600136,-239.49348669788915,310.94006027616115,-259.65263484322105,-61.63466449030443,2.424415379510349,214.3466925290964,105.26968102513987,21.856191163586722,489.7876444025961,-475.62303730610387,-240.85387618633158,-82.7752339112738,-362.45036126288005,-225.8334867966974,389.6241541274004,-60.3253306250911,-210.82818856315092,-464.67410209873077,-118.66224161385918,353.3337546253162,-133.0374236007851,499.9960216186606,-432.82791211772735,233.07706109457854,-405.67898575814235,211.9558537381022,473.35269523281687,440.04121653507747,-106.11885227159577,10.828364995886986,357.50565360242683,-110.66212276285546,-98.49297659184266,-128.9852303806977,-294.62787631265365,-211.65825066274715,300.61647517992213,-258.15442840128907,-329.75940384398353,7.431562165260887,-65.85408947966908,-181.06767438818133,-103.71983242359185,-87.60160414546094,-349.93567773650943,33.225590401093676,306.84260282949293,394.44604963106013,72.79633564473846,497.5029920118387,-368.42994516740305,330.930690250326,72.44346540365596,411.4020877550691,-16.74678817996858,-10.60463698396526,-468.2374024292445,-225.3064852877307,-437.81739514340495,286.2968226907858,-124.6289258603636,0.7192279607266211,-443.7559931599318,60.34361187687029,384.544753211797,49.84570608941742,80.73369060384556,-238.72327262987648,354.2744550183271,293.7165943531731,442.3730200257779,436.9495722218535,-6.273597374769067,208.41497219297568,148.79245290370977,-289.7703187685664,-16.186768654400172,377.81115320791235,-98.50601666863582,486.75206777835234,203.5883297056006,247.9576537148669,-68.30557776640836,-499.99999998202225,445.8435122123854,-86.02257790980919,67.52287155170004,155.38007683684899,188.9808050838398,50.85241429678464,14.91271368096797,-174.46996871090468,-19.105020667160684,-147.27110783554426,-10.627484166238526,-6.2158714768937795,89.17759840144372,499.96480969302206,-256.9291602061667,193.59200265020476,395.41738977445937,275.91080538184616,-129.24747772251968,32.6912939063078,148.5366708207871,448.7216522922767,382.56566113116753,386.93407256656263,496.07146399456485,21.691550670103776,-38.88488639428827,46.834812784384944,-141.5273184284448,-39.73476005861467,84.19042378379453,-93.66176171843175,-18.414530660453803,-148.30562215148896,31.16724779852487,110.78498309148354,179.060688720081,265.4467030682943,104.33340560847819,-86.43804880712578,500.0,500.0,-40.00886593337972,-84.38191141562686,71.40531538116107,12.757018994630604,-157.39856532293263,60.17625390863995,-137.50959160878196,-116.31722849878217,43.25742656404965,248.92414002278744,132.41803680283346,22.205876966866025,-30.7292398359866,-250.29971057833507,97.43322610731596,-464.35092736005527,85.87643933056279,35.139935370978236,-191.8540613155814,-497.50526155806836,-492.77896372448583,-93.57051234141294,47.9279322238948,-223.05946256391746,8.04179412009318,40.28915086534062,57.7319168674418,15.283425657967793,-245.1661745712077,-5.216885676984872,35.40040644819867,-290.2743297487938,-117.70104774084895,356.288855307045,68.25758492826068,96.2824707976336,-21.8557402424539,-202.61060563095674,-215.2404433566862,37.91749722010597,14.105358034163373,87.71268686467904,-42.46825060938708,293.57939395915236,-127.80134376593863,264.5023816312487,17.251482086496637,32.835784106273266,-499.99964893761364,-0.000319880076858637,-4.529920341095391,-73.16528850290254,115.13760483876537,-30.86794009446068,-142.29142120851589,-113.4108852876632,-10.189379929175322,189.6189753498283,200.44559096744908,-62.20501259997797,101.45737323240526,-147.19938354400895,1.968332141454531,-12.519711558231753,-214.99099741213405,-33.76491527840643,-24.416083738122946,-0.5423550599463703,-194.33483255056973,89.66380419893376,30.589293721696517,163.3717021333434,34.67080367635574,-220.43832126622107,444.55324552364834,-5.321184844302465,-391.54266473251516,33.45084638464441,-18.78894826157173,-448.73897339638467,110.16412784116993,381.0763792571114,-0.000319880076858637,114.54450565848117,-25.494138234018642,268.2220244085844,-375.35662225836757,382.85417739688324,-499.924987477635,-499.95021434252027,73.12460224400354,258.20672878740544,-344.60868681796006,379.3027418063188,-416.998148577266,-499.9999821068097,15.25108913656078,-26.634049483353294,-4.77502168541564,-497.9167251953201,-108.63549115348967,22.455031373013373
234,-0.00011957421884289715,-499.9999999998636,499.9936470572887,-25.388460283334332,435.410589563042,-0.00017946612933882674,93.28360693929581,260.5139122950057,39.27106264285031,-84.69295744270964,-2.3086708467122694,185.27939421354458,358.75378995715835,-114.83501117217018,312.49645279657284,231.04946725164066,374.27000656785543,499.9979580102086,12.416085721651708,-494.56573578569726,204.12738238692663,500.0,59.298736717148564,385.43000806777206,-280.307244597056,-79.30589026865225,267.88399722720436,-11.977967041438575,-270.24182306551626,-110.94115339717575,3.134894269152935,-58.5484652084289,-92.64887138290871,-499.9534439960298,144.29664909115618,58.98860753227045,-47.49500779439952,-292.73329615410296,-49.53417700911541,1.5420810318540277,-138.85910083749388,201.017288328004,-315.0673469983633,-395.99034775960206,-403.566823319399,-240.46696682818362,6.326718213976491,2.6528672541531857,106.4103845137526,337.64727137225765,197.01337818724656,-239.54759864932342,311.7648313509371,-259.7519899828274,-61.47021288459064,2.33742003204703,216.22780588969022,108.0670292939806,21.61278443631819,489.71912309651,-475.61745226206864,-240.8152429438724,-82.70216056888307,-362.34894074861114,-225.83414884916755,390.16162292663097,-60.64112076245895,-211.39723095416394,-464.6894139033954,-120.17509541077548,354.4092831803306,-133.03573804833536,499.99601888039103,-432.2314950470982,234.99442443715836,-405.6102706737664,211.32850525865322,473.31626486609684,440.9909917255123,-105.72421929089671,11.239787917087975,357.53683308447745,-105.043806210659,-97.49005662226054,-128.79852268897736,-294.7948683048801,-211.63256301676108,298.896368762651,-258.02010525730816,-329.6643127792052,6.559063835997164,-65.81744077519534,-180.8931846834611,-104.05529502352637,-87.957193751657,-352.863191562114,33.09281029548341,306.3559393321276,394.5294365893477,71.95124059413786,497.54077587384137,-368.96632478193834,329.87428637646207,70.91490449180567,413.117085623595,-17.288596219719693,-10.709735879507123,-468.85941852347565,-224.86825963093096,-437.76727522536686,290.73986618143664,-124.66859894556372,0.5583246020552259,-447.9685004566316,60.547984579292965,387.60133557734787,51.41473282521283,82.71451764288085,-240.20813308232502,356.75294597201145,293.68596317823955,438.92576011001603,437.8369820776652,-6.439920950236861,208.5926355657458,146.05131709566805,-289.67814700948173,-15.504520028390274,380.1996499174341,-103.15417367117206,486.7499398887978,201.18685021008534,248.9983041396428,-68.15054897189661,-499.99999998206323,445.78643928489777,-87.20883821306403,67.59562520826144,154.24561814595233,189.1395981193705,50.5593082727674,15.316954088798143,-175.35076599140834,-19.523254611598333,-146.2031019235457,-11.824289686352259,-5.974172789765163,89.03314882694436,499.9667730973782,-252.47932590464984,191.92051604500696,399.08988224956727,275.4609560597409,-130.65803068378398,32.85748751745892,148.85085995845853,448.50727718389487,381.7793382016086,389.29830401229464,496.18955090839495,20.461244531404574,-39.121759459959385,46.93681420745264,-138.23139827967205,-40.88324603827397,85.33348800171909,-87.34149129773245,-19.243809492432263,-145.38493659491536,32.7707645871112,105.1784853637401,182.96420717841244,265.24650636649204,104.40454706388114,-86.24300275918573,500.0,500.0,-41.53187897089591,-84.16495152729584,70.61242190095821,10.505686344323905,-158.13534842600612,61.56345151070817,-138.4725728401633,-117.51052686426299,45.45183586937313,247.48303204818492,128.27133195454283,21.390470584168124,-29.45342014247081,-251.03778915059422,97.40960939726003,-464.71060587969856,85.68560716408398,34.81753850894822,-192.5157708554863,-497.55081385371705,-492.8419137422024,-95.7553620396422,47.937576473136346,-224.75614001971022,7.874708252941535,39.79755564414905,56.9650779084626,16.006415475568083,-246.2259813518383,-5.983997757949019,35.395925326800466,-290.9246786904406,-119.08310501988112,353.19206497014414,68.0972223335636,96.0525474845628,-22.11884398097671,-203.0883826298845,-216.14982714386278,37.791454143761314,13.60147216471645,87.07168266918949,-42.117365116927125,293.2629571667746,-128.18482395221295,264.2543408372388,17.45182508971732,33.042627710770496,-499.99965111717387,-0.0002992499867104568,-4.680340531090882,-73.42195774037997,114.87830564228275,-31.05952879792799,-142.37891378261648,-113.78943604770622,-9.906509129107707,187.60606376476105,197.85009562224207,-61.76852944212713,101.53051763049868,-148.21673566666922,1.102210329800453,-13.416040636194603,-216.05351691278085,-33.74781651664996,-25.24249588616205,0.3489122437697806,-196.2206823523229,88.93701993760835,29.25001910490292,163.95795357615373,33.82111534259938,-222.40521232677284,443.6711959522043,-5.5066115083693505,-390.958180782916,34.33570077519136,-18.73784493741106,-448.78364258294266,109.72268847398107,381.0664798239237,-0.0002992499867104568,105.1252338043575,-26.730396361290378,265.62701891904885,-375.2048830374725,380.4334677353583,-499.9224527220854,-499.9502187995414,71.10213935851272,255.26091073697245,-345.29386725691774,373.38158488510675,-417.41228993933055,-499.99998210712806,14.66187438024058,-27.373315742923754,0.005093615710671894,-497.9420246184205,-111.0589876791496,18.800951349758858
235,-0.00011186249321326426,-499.99999999986414,499.99362203790906,-24.794935039907706,434.7304580157974,-0.0001678917760727864,93.7825968731312,258.3205539658649,38.4034778436685,-84.76383293031894,-2.3378217206443583,184.87389158214359,358.52011517356283,-114.8249381509812,313.24824624869274,229.31214948472277,373.842256273677,499.9979331071388,10.852577608424786,-494.68049207424696,202.7145441977813,500.0,57.02559843947473,385.0001861319472,-282.17913093784205,-79.86859996138604,268.3182806612843,-11.553177524078354,-269.77893179506304,-108.19022595270826,3.174885639556734,-56.317492435934035,-92.95624883409849,-499.9534437632104,143.94620297810374,57.998450908995146,-47.78247581648369,-292.6028054987466,-49.89709587570306,1.539613142663239,-138.9672199611715,201.65311988340494,-315.0583364861797,-396.11389748990246,-403.64573675693003,-240.4740503777673,6.328812118402064,2.4478701653585926,106.41688224471135,337.6087546453178,196.9355849622245,-239.59564403186238,312.54712284105415,-259.85105932716834,-61.32063086644209,2.2744864044995716,218.05044287044214,110.76918632144414,21.248296206648327,489.65044654085455,-475.61315939766536,-240.7667155223229,-82.64199934087739,-362.2510800706564,-225.82633289510215,390.69504227537476,-60.959082654528714,-211.94605999603,-464.7041173781172,-121.44916379731715,355.4527189648014,-133.0395053540257,499.9960157779633,-431.6491188480857,236.92555158531042,-405.546986574705,210.71619360767053,473.2797512844358,441.9027250373631,-105.35928343606517,11.636884357354893,357.56711759675204,-99.57307841016808,-96.50548098020914,-128.6310739996684,-294.96156852171237,-211.59167848165873,297.2229598109308,-257.884465381858,-329.58425024983046,5.706405533373395,-65.73653222194568,-180.73598115947823,-104.40565045804745,-88.32399689347561,-355.61172277598746,32.92488981321151,305.8769693734283,394.6100476956027,70.63823945092587,497.57719553503546,-369.4877959813569,328.8372406415446,68.85386106368887,414.75217511179716,-17.88552721290531,-10.833492104570052,-469.4310685280231,-224.42792203156438,-437.7194775318344,295.23265882540846,-124.7263740705268,0.3785675086481556,-451.8946131547223,60.715779653816895,390.5162331091951,52.780973323517166,84.72013786352194,-241.58386030023408,359.1378860282792,293.68216144691365,435.2593319984923,438.6924551181786,-6.616796486582129,208.53987651981322,143.38805786934884,-289.6060433083121,-14.811351659020835,382.48394816670606,-107.65232549545046,486.7471994293954,198.84818079272628,250.008306423947,-68.00527543633594,-499.9999999821027,445.7299233089614,-88.41399576491061,67.66093881075614,153.14131301326188,189.21696152771202,50.26654097814626,15.721748170135355,-176.15709854612993,-19.927853212277327,-145.17051724952074,-12.95536581603651,-5.7200941958853715,88.75486508863597,499.96856293048637,-248.0861042047173,190.29435870080886,402.5905831172157,275.0789341162059,-132.00113764734436,32.97693753310957,149.15516848983373,448.2991243631716,380.9970196216913,391.54879069424544,496.2984736730243,19.28515388442253,-39.332616049597995,47.0385984440711,-134.86315894751056,-41.993684855069375,86.46581162219069,-81.03487225155915,-20.008557783523234,-142.45467057792476,34.35242638332319,99.77808558937983,186.81611913982434,265.11522981672914,104.51944220834675,-86.0302318818524,500.0,500.0,-42.954530783660346,-83.9745425132711,69.86623363722819,7.542135116127901,-158.78686794875316,62.93214244514145,-139.37079121378022,-118.5491702213129,47.64981759636136,246.14536608496581,123.13525677225476,20.63506554963557,-28.060241442698075,-251.70373120188793,97.40115773639715,-465.04522654465563,85.5195734174219,34.57707125284754,-193.13046853054146,-497.5941762505145,-492.9011279515706,-98.39774343000761,48.00377488671358,-226.39238566912,7.716575386531624,39.30429979326113,56.24169603250594,16.725157555526195,-247.26102026578653,-6.99714959398488,35.46070237467064,-291.70716102248514,-120.90960609626345,350.1807209402489,67.94784603547974,95.80149377413723,-22.36083143831904,-203.57565210798117,-217.08884160669422,37.65127544604674,13.054995989500558,86.41371472060895,-41.73312611343509,293.022068768606,-128.64232842473118,264.08814007727176,17.631982079190784,33.279022560528986,-499.9996531973135,-0.0002799503854475623,-4.858133076486657,-73.66382328332121,114.60080758059074,-31.207821326773864,-142.45328976784447,-114.23296710493592,-9.542285341753567,185.50029019033425,195.15641822652677,-61.30129549090308,101.63596085658352,-149.29739127965573,0.2825691812927259,-14.307398365590103,-217.1355817292554,-33.8139246239681,-26.35504504255609,1.221419734631707,-198.13458309875517,87.89226769273996,27.916997664812296,164.50604083707756,33.1095666347508,-224.49085626722263,442.96759023396413,-5.696444209159578,-390.3720183657183,35.11493235343374,-18.675648910602444,-448.8530896544868,109.05601553072106,381.06417586706334,-0.0002799503854475623,94.81571805400216,-28.170735165421256,263.1171857026179,-375.0487644206288,378.07179394672596,-499.91978694867726,-499.9502230813803,68.8414821735486,251.00514510174548,-345.9741032885521,365.766481517332,-417.8678521553015,-499.9999821074339,14.01924233473112,-28.00026374177349,4.759895771507312,-497.9659543326058,-113.85151500541805,14.817232548735994
236,-0.00010464813749422167,-499.9999999998647,499.9935977723522,-24.22222167779202,434.0514078726749,-0.0001570639251440246,94.23134498500207,256.18132009444236,37.52753478667546,-84.84726291880538,-2.384193429611105,184.49644897981014,358.2821688117958,-114.7998758675231,313.9384735619797,227.62752378693654,373.4228893743386,499.99790901494936,9.330077055543496,-494.7886401203288,201.33792966257954,500.0,54.813478633491776,384.5124400662402,-283.9578245176813,-80.41781529092734,268.7210815781139,-11.028131325568522,-269.34192489015805,-105.37193821914688,3.213277028402995,-54.024488020830375,-93.24847438757496,-499.95344353389953,143.59980000437255,57.019602852650976,-47.989390284319065,-292.47355003638836,-50.29079274851895,1.53485710478929,-139.06729427320622,202.2722419158344,-315.0518318624695,-396.23325510760424,-403.7077092391767,-240.44045601330072,6.330857464481493,2.209959823805954,106.42285000780791,337.572119381215,196.93299011651033,-239.6373318417611,313.2905272308029,-259.9472315734552,-61.18263907345037,2.2528925488838474,219.8170170752294,113.37912962645795,20.778283721717806,489.5814722773828,-475.6103106366744,-240.70735564192893,-82.59116349245748,-362.1541202221902,-225.8081318427652,391.22473782317815,-61.27650268766557,-212.47479176557792,-464.71823681845717,-122.48333443781092,356.4647728774905,-133.0481407177429,499.9960121685963,-431.08069037954533,238.87227219714592,-405.48852510101773,210.1194491731458,473.24324252748846,442.77805315772446,-105.01140253899685,12.023456171151754,357.59653210067273,-94.2488703116759,-95.527538121362,-128.47833439631884,-295.1265950279125,-211.53393089689928,295.5958121386195,-257.74555013457615,-329.5170278272917,4.882152227218423,-65.59724362867905,-180.59163890802606,-104.75554865638398,-88.69364633641341,-358.17646593557663,32.73718854182989,305.40694242384393,394.68797274214865,68.89582861340725,497.6123109522662,-369.9943363746215,327.8233516348349,66.32052405572816,416.3108603727496,-18.51880486539145,-10.967495262210779,-469.94929186799675,-223.9793304750153,-437.67382545379706,299.7735509985119,-124.79726219248643,0.18628799521003456,-455.5445605445589,60.85629362981374,393.297235550654,53.95736836566092,86.75379778994615,-242.8520225160731,361.43258820752175,293.70720040307054,431.36760830097074,439.51708483599714,-6.7996066612171635,208.36428092794466,140.80624197986992,-289.5508475697169,-14.099119873323952,384.6695146797766,-112.00312248378405,486.7439029679222,196.5783335890265,250.98862870127797,-67.86856608073535,-499.99999998214065,445.67369994669787,-89.62916172820772,67.71972564394183,152.07554840154623,189.22789326590234,49.991985258587505,16.138044913800453,-176.8760561205129,-20.31470764693082,-144.17216499510974,-13.999997423028317,-5.444053286588219,88.366682021491,499.9701955800559,-243.75289120108295,188.72211886856843,405.9257727877,274.7674195537874,-133.27500230533752,33.05051504858589,149.46100040204743,448.0971279242556,380.22177828025116,393.69664574387906,496.39880233460275,18.188538827137002,-39.49518337862374,47.154782846069914,-131.36718626392252,-43.058191933544784,87.60753444312336,-74.68014322045924,-20.688613021032396,-139.47974963615658,35.94003075954004,94.58824908664995,190.6319295682622,265.05512944659745,104.69782141687098,-85.78207581085118,500.0,500.0,-44.26106526165005,-83.80324730569673,69.17147130505828,4.241948220386201,-159.33344151061914,64.30408247429449,-140.18820255446883,-119.41031161694683,49.871859704467916,244.9104032402893,117.52291273573341,19.946236934777335,-26.52224187031567,-252.27678100210505,97.43178973389716,-465.35411798746634,85.387419279885,34.43952971128637,-193.68508753106266,-497.63530279309026,-492.9563983981486,-101.16359241116075,48.14940336808869,-227.95757647088283,7.591497714041379,38.820575344346494,55.57305945238411,17.455305414266952,-248.26404666765887,-8.146777534234324,35.619655766682506,-292.5008685890322,-123.12031776142378,347.3479266290236,67.8260923778803,95.5443390793617,-22.55833962024828,-204.05808509471217,-218.04696163758172,37.516628317278496,12.48404994118765,85.75115592545124,-41.29496888955327,292.87619980412603,-129.1553980450581,264.0238555276939,17.79257934886171,33.56750799679073,-499.99965518110787,-0.0002618955331854283,-5.01975980750869,-73.86976271660038,114.31680268151224,-31.28346641872696,-142.51977914768813,-114.71483806719141,-9.07193069556426,183.3175597902848,192.38030462816567,-60.778361128159915,101.79148410998444,-150.43337267789718,-0.4740725628767397,-15.175832759913114,-218.23487401025992,-33.92926631756756,-27.65552404590292,2.100997475788301,-200.0734144902572,86.55879977695817,26.606976272481294,165.03238556773417,32.53675371100759,-226.6801481668687,442.439913130494,-5.855421883568366,-389.7807770145074,35.85070610961972,-18.601707430708927,-448.9495294967032,108.16216841680419,381.0687111484759,-0.0002618955331854283,83.701535859681,-29.777200462783153,260.69214434405535,-374.887755071237,375.7700364845629,-499.9169892056301,-499.9502271949366,66.37432852811206,245.4764574358623,-346.63882893698775,356.2864607193438,-418.36661494013504,-499.99998210772776,13.344627149489003,-28.47812390483069,9.47232510135791,-497.9884956003262,-116.98078793160973,10.56018734027333
237,-9.789906471269079e-05,-499.9999999998653,499.99357424877314,-23.662238986685033,433.37285661372977,-0.0001469343915232415,94.63336332164585,254.1002139042381,36.643647087005654,-84.92502667601777,-2.444029303022196,184.1578758974628,358.0417365407534,-114.74637176157728,314.5676850774192,225.99784763480864,373.01398395422456,499.99788573581276,7.8482844550738875,-494.8906475512786,199.99698693427447,500.0,52.66626791087596,383.962430634353,-285.64207751524737,-80.95130700204382,269.10686658453545,-10.395924547575563,-268.9271040847379,-102.47891110834775,3.2525224457860493,-51.66257555885541,-93.52000430507185,-499.9534433081439,143.25788909941824,56.05224448074426,-48.11252132546994,-292.34390185179694,-50.71305075807888,1.5295832148917057,-139.15800107697686,202.87211638517135,-315.04398635129786,-396.34837488962484,-403.75187648495876,-240.36138375388472,6.3349573706131945,1.9710307115958121,106.42818267063927,337.5381521681768,197.00902881970808,-239.67239064067877,313.99850145560714,-260.0358642097868,-61.04902303655425,2.28608211382272,221.52948618911097,115.90372632623182,20.236941713237645,489.5125113440666,-475.60864961043336,-240.63621406162585,-82.54248408109648,-362.05276716673444,-225.7782123679487,391.7512754987534,-61.58874861978681,-212.9831658064495,-464.7317955530099,-123.28130133465015,357.4464145514255,-133.05905040327093,499.9960080193837,-430.52608247977463,240.83603042392994,-405.4343503942452,209.54215808167115,473.2072681540806,443.61869988848144,-104.6630178813819,12.404357740747868,357.6251008910798,-89.07042045887576,-94.54054793893411,-128.33042822696115,-295.2868951376865,-211.458175568668,294.0151895215198,-257.6012808132561,-329.46091062990945,4.093110036900984,-65.39561607914777,-180.45120597242536,-105.0845520688292,-89.05269352851404,-360.56302483165985,32.55153188988151,304.949864102928,394.7632948157911,66.84097138285863,497.6461844568791,-370.48410981183787,326.835485984738,63.46487480810946,417.79653368593625,-19.15800415417261,-11.098178004479736,-470.41509220301884,-223.5150688797612,-437.63017366717156,304.35738855953014,-124.87024262128969,-0.007804474573779863,-458.93099237297633,60.98488488119591,395.9518841570678,54.988628749636796,88.8209874461258,-244.0176809999115,363.6412706635577,293.762806506832,427.2448752433258,440.3121793021769,-6.979771992426901,208.204911171531,138.31305087652132,-289.5104808552305,-13.35275129553413,386.76151336559377,-116.2061043876124,486.7403545158266,194.38332483356723,251.94062596693252,-67.7380126087577,-499.9999999821772,445.617978813444,-90.83179864776477,67.77410793753653,151.0624002044244,189.20645635687274,49.75585691479173,16.58206851880003,-177.49872498004672,-20.675013836198218,-143.19815515751662,-14.937530803904664,-5.133317294520238,87.92247449534054,499.9716858402308,-239.47704804576233,187.21587636474862,409.1012676789477,274.52981327124724,-134.47700340271294,33.091752580395365,149.7821623715229,447.9016252524594,379.45639553496204,395.7548358606163,496.49104637824684,17.199627766913455,-39.586355336471954,47.3036064195084,-127.70335955716833,-44.06172579225966,88.77941014614471,-68.21500005560566,-21.26792239308437,-136.42806877562143,37.562891072760316,89.61986920737613,194.4154891381134,265.0677246024974,104.9548891971795,-85.48036467909955,500.0,500.0,-45.442310471232794,-83.6372971496704,68.53875272034466,1.2234101897854983,-159.76521734197763,65.6993181416032,-140.9167881688123,-120.08725302307569,52.12938181919183,243.77702732274247,112.23441882874884,19.333143891410753,-24.82742490128533,-252.74480247509285,97.52262017033352,-465.6386917423054,85.30257433821093,34.413914555124165,-194.17130496575342,-497.67425981709357,-493.00766913399514,-103.56655746852418,48.38674258779285,-229.44222282010176,7.520354942659877,38.36435130856586,54.9702673281178,18.211542301496863,-249.22228250658367,-9.19942281689485,35.88723835072056,-293.1034812161882,-125.53895865137574,344.86643734957516,67.74998219004873,95.3013761728904,-22.691164961610713,-204.51335273951082,-219.00261156956935,37.40638810133669,11.911679368548382,85.09648596627967,-40.79175042619291,292.819159264881,-129.6905407481167,264.05183600426494,17.939477553521286,33.920907496094664,-499.9996570705261,-0.0002450050888000792,-5.116414849102723,-74.01959744179909,114.04467647007218,-31.264936834984663,-142.5830150115588,-115.18991256821342,-8.488176294537078,181.0766414625938,189.53655587864134,-60.18436138589469,102.009577312117,-151.6020080222078,-1.1655717191256971,-16.023759440812803,-219.33822330624633,-34.039215250239685,-29.00130844244104,3.0113854589113056,-202.03629186641902,85.02866477187274,25.31699289650957,165.53804987428154,32.09584252923599,-228.9449733000822,442.07553929033133,-5.945485323334402,-389.1830198266559,36.623813319568924,-18.50742984904542,-449.0692927212397,107.09017622809364,381.08067285049924,-0.0002450050888000792,71.80803244038601,-31.490438501375422,258.35176134641404,-374.7193216611082,373.5292471196313,-499.91407842314277,-499.9502311468398,63.77757555454047,238.9490447715212,-347.29341834167934,345.066463716037,-418.90015960880976,-499.99998210801016,12.674510222294154,-28.79116028215284,14.164439034258596,-498.00969867755475,-120.343841087596,6.076106323660346
238,-9.158525426755558e-05,-499.99999999986574,499.9935514862127,-23.10939415523392,432.69362511274045,-0.0001374581479467417,94.9902086422354,252.07864690387981,35.75128710209544,-84.98262674017934,-2.516662650478419,183.86507135485311,357.8002179760837,-114.65533784547145,315.1352656808823,224.4233922921638,372.6168403767802,499.9978632723026,6.405310354354291,-494.98696811619095,198.6904406523135,500.0,50.58626223184364,383.3430857744998,-287.2354484846103,-81.47001579153819,269.48877415591403,-9.651993299803564,-268.5319996429281,-99.50852834939171,3.2947088500413177,-49.228428588192024,-93.76737237104113,-499.9534430859823,142.92071402397707,55.0959009365182,-48.158399195758975,-292.21266089921806,-51.1637610304042,1.5248191750522675,-139.23902413936375,203.44247140723758,-315.03152098586776,-396.4590961584733,-403.7782311760355,-240.23295580027124,6.341870089291138,1.7494882764302873,106.43272746485302,337.50759643038754,197.1640785745074,-239.7008248816877,314.6740018067154,-260.1133466433784,-60.91281924109925,2.3743787868288964,223.18928671790388,118.34916554810674,19.657825045546886,489.4440540271022,-475.60770310044506,-240.55262957231426,-82.48953854818082,-361.9416037070999,-225.73676730387615,392.27523866165063,-61.89237121528445,-213.4711902378018,-464.74481599582913,-123.85142518801374,358.3988667160796,-133.06920900008987,499.9960034020213,-429.9852756955361,242.81689482715132,-405.38408540891317,208.9884222362809,473.17247504894755,444.426416111335,-104.303310879134,12.782910275495109,357.6528475037668,-84.03817574875359,-93.53313812733788,-128.17809542430373,-295.4399127043994,-211.36426170767768,292.4810082643883,-257.4502245979548,-329.41485557511436,3.337813873200704,-65.14651802203416,-180.3066285809442,-105.38116060746684,-89.39191036104529,-362.78585702065465,32.38062063807881,304.50971404958915,394.8360877402781,64.59965474681306,497.67888035750303,-370.9551023183239,325.87465494400976,60.441862560904305,419.21221719892213,-19.781162650876922,-11.215896362694364,-470.83312017070784,-223.03207132663667,-437.58843123435895,308.97531250101997,-124.93582417310574,-0.195446553592616,-462.0687307277995,61.11341557848277,398.4873695934096,55.922276882246635,90.92114782013189,-245.0897479063761,365.7686089691247,293.84966623922645,422.8849390129414,441.07922872897353,-7.148801257287432,208.13279839762401,135.91282335207205,-289.4840142051758,-12.560387517536755,388.76454668922685,-120.26145715653894,486.73693591165693,192.2650397230126,252.8656499254029,-67.61146994411956,-499.9999999822123,445.5633716611117,-92.00095170620682,67.82600679485664,150.10951311777706,189.18388103850904,49.56446806951075,17.06223395395353,-178.025664120649,-21.001953458602657,-142.2375395770146,-15.757886088510324,-4.782766776560366,87.46922729415593,499.9730465762571,-235.2540644136529,185.7802747338496,412.12043350092745,274.36346149381,-135.60627094026552,33.117275289053545,150.12669023719462,447.7129983688936,378.70267264146565,397.7309102013007,496.575564166751,16.33501098706704,-39.596595502163105,47.493128255388335,-123.88396770491572,-44.995251547761725,89.98784634285103,-61.63389963343845,-21.743650656331752,-133.29791961649812,39.229882429402,84.87832937946916,198.15330588698959,265.14765704788033,105.29126960256313,-85.1218691026439,500.0,500.0,-46.503940704621634,-83.46489124201418,67.97357460695247,-1.0509870421454024,-160.09400014583247,67.12332570029947,-141.57073290979136,-120.59210048024953,54.41576194701147,242.73737177179157,107.84043573642693,18.797340626361407,-22.98544090335135,-253.11708191256682,97.6790173878577,-465.90257167138253,85.27058803183553,34.48972713512214,-194.5939473563185,-497.7112762680399,-493.05516229541803,-105.2806298797987,48.70771401335394,-230.84595464163428,7.507065288503375,37.9464131783599,54.43381340490234,18.995345657546235,-250.1268681230106,-9.920828741921683,36.2586654980852,-293.3485243953459,-127.94636291158473,342.9668071358054,67.72638113209342,95.08321300649534,-22.754876744172385,-204.92572804267846,-219.9372979458016,37.32391201942731,11.349311559432449,84.45100723020768,-40.23099146916474,292.8095833923188,-130.22097888786337,264.1241604870656,18.081387948299607,34.331836914127294,-499.99965886620123,-0.00022920396440893667,-5.138386881178697,-74.10816699176927,113.79458835439007,-31.154087328299884,-142.64828489492547,-115.62283300980219,-7.807815619314825,178.7881111082756,186.62976559979919,-59.523369810595725,102.28628015698133,-152.78206633819588,-1.8095193917228947,-16.876797743968652,-220.43226048173705,-34.108297968321764,-30.29892383979089,3.960041277697506,-204.02461211770185,83.39845009570604,24.02024513611314,166.00406903990492,31.766850104431082,-231.2585324757453,441.85130601495496,-5.953169255764601,-388.5810705667449,37.47335900134723,-18.384458493875954,-449.2048384100492,105.90944977900288,381.10048453096783,-0.00022920396440893667,59.10220570611097,-33.263145357206206,256.09518892226606,-374.5400813697926,371.3504167433874,-499.9110978227023,-499.95023494345617,61.127935032355275,231.7665035289818,-347.96140294617834,332.40332389641503,-419.4543583298227,-499.9999821082814,12.038196751282594,-28.959947470411997,18.886341576723453,-498.02981047901415,-123.82932970778558,1.3810128266256747
239,-8.567863915231928e-05,-499.99999999986613,499.9935295111321,-22.560739241911214,432.0117673703935,-0.00012859305206802392,95.30085454389358,250.11366757213844,34.84805742112595,-85.01576678243889,-2.6068071001256126,183.61732740332124,357.5583225265369,-114.52734636923782,315.6393931912821,222.9014610426954,372.2310892343647,499.99784162761335,4.99754032219432,-495.0780404459846,197.41612137996876,500.0,48.571765311324945,382.6443424835374,-288.7456258639416,-81.97968064794593,269.87301167957736,-8.79448284450969,-268.156917862112,-96.4640065469461,3.340152456369791,-46.72432530864676,-93.99085104045298,-499.95344286744626,142.58778202925984,54.14896953398381,-48.14316506867873,-292.0796833068405,-51.64591538268279,1.5193487848535938,-139.3117576708493,203.9635960706052,-315.01314028494613,-396.5653231413343,-403.78860207667447,-240.05299410866687,6.34930687815231,1.5485837183781568,106.43626290987507,337.4802910536213,197.395552662441,-239.72300363702382,315.319202823921,-260.1787735055537,-60.77094961527018,2.507583665388402,224.7975657740593,120.71803111934643,19.065607576536422,489.3765254635348,-475.6070231702783,-240.45630745130094,-82.43004744141516,-361.81726728501576,-225.6857674540359,392.7969570163143,-62.18608578857438,-213.93947500440242,-464.7573196886023,-124.20386975203603,359.32342292226366,-133.07685136519038,499.99599844134906,-429.4584127018109,244.81347079644524,-405.3375346227028,208.4601493701573,473.1392780256459,445.20284352522276,-103.93142381082544,13.159679692678072,357.67979470164073,-79.15387440257715,-92.5010589408696,-128.0171659942572,-295.5846857088964,-211.25296252749098,290.99241623791994,-257.2917451471793,-329.3784479262043,2.6028734363016177,-64.88351034547284,-180.1545808772701,-105.64619299902101,-89.70969028179408,-364.86342608956403,32.22499477085518,304.0882867699861,394.9064113245576,62.271694795518414,497.7104601369002,-371.4065924969036,324.94043350666846,57.37110195478167,420.5604940190708,-20.38002016381456,-11.31828446654242,-471.2097433559238,-222.53262154948368,-437.54856077171735,313.6165045841292,-124.99022480003649,-0.3731094420906554,-464.9736492798584,61.24749604671454,400.9103301013816,56.79643288386442,93.04458330675963,-246.0769266383338,367.81894385736155,293.96719932862135,418.280405125525,441.8197153385606,-7.301713505838429,208.13962517492638,133.6044812241169,-289.4713335274023,-11.718290426656884,390.6826019899375,-124.17314380292062,486.73390651157956,190.22092584117343,253.76469559179404,-67.48777512331694,-499.999999982246,445.5105600114854,-93.12470379259821,67.87631887733076,149.21384774027956,189.1775812272072,49.41135246402344,17.568236383929513,-178.46551214704107,-21.293782320977524,-141.2832269232949,-16.46312621105508,-4.403477213272574,87.03042956953234,499.97428861378813,-231.08187641521226,184.40984988730023,414.9843577992973,274.2578691075089,-136.6642038217841,33.1402113196153,150.49380160946708,447.5314316127712,377.96127279060306,399.62342285476706,496.6525435492966,15.596055222469081,-39.531572763342844,47.717959033243815,-119.95877978331374,-45.86058246329044,91.22367419151537,-54.98254522463889,-22.12464452056678,-130.11545187841455,40.927773651970355,80.35765785034425,201.8197891706233,265.28194662289656,105.69448189411493,-84.71910158478809,500.0,500.0,-47.46368671845596,-83.28098797530227,67.47140917866771,-2.5027030455072925,-160.3472278120452,68.56707530063477,-142.1833511401935,-120.94840999588737,56.71051587882437,241.775668886791,104.43218971335972,18.330068053493157,-21.022731091947417,-253.41958456522772,97.89187967095634,-466.15016113713136,85.28568528846505,34.64338740205724,-194.96808885243834,-497.7466983022252,-493.0993649374597,-106.29632859032903,49.08647960471783,-232.17714930673102,7.540742437912428,37.5659252506592,53.953103074613175,19.79527045712046,-250.97611351159344,-10.212571557426703,36.71492144816415,-293.2051072223761,-130.14023802597703,341.87470391444947,67.74923009012944,94.88824806518429,-22.75882869598209,-205.29385099926296,-220.84152658228874,37.259244408583704,10.795051334896899,83.80550353702384,-39.63324081591617,292.792948477255,-130.73370185594322,264.17960409750435,18.225760423331675,34.77934713855531,-499.9996605671244,-0.00021442189608932087,-5.122784386776222,-74.14451822947093,113.56542766457434,-30.972824469813727,-142.7205977198947,-115.99654726398987,-7.062403626273884,176.45277238584234,183.65566442665823,-58.81483881701979,102.6039949016019,-153.95965293689605,-2.4345136411502524,-17.771071346758113,-221.50709942904805,-34.13095086161457,-31.52246401408573,4.938506016123082,-206.03776822098257,81.73630980517451,22.679673085561408,166.40241389313084,31.520034104489053,-233.60085999993746,441.73799588345787,-5.893006226739951,-387.97927654572544,38.389031246118606,-18.229093071506433,-449.3485532226998,104.67890776774371,381.12772236750595,-0.00021442189608932087,45.533237936161704,-35.06656620588741,253.92035190258412,-374.34762591605124,369.23525261292656,-499.90810691650165,-499.95023859089986,58.481703983888515,224.22594555063054,-348.6739841047695,318.6440293015617,-420.0152079290484,-499.99998210854204,11.444594590957417,-29.03361246431655,23.699436726249736,-498.04924038668776,-127.34968146062862,-3.538523784684598
240,-8.015296407393111e-05,-499.9999999998664,499.99350834669673,-22.013415844803315,431.3247715090871,-0.0001202996900246921,95.56330445414247,248.2002538993264,33.92991569878088,-85.0265510241781,-2.7220883663596127,183.40963613848723,357.316170231093,-114.36920540368028,316.0774897739009,221.42863537559202,371.8555588311592,499.9978208058305,3.62150276214238,-495.1642534910297,196.17175190851745,500.0,46.61886835201397,381.85370716074334,-290.18154320456597,-82.48858993243039,270.26024168942564,-7.824168775745986,-267.8040197703383,-93.3514261447672,3.3875215933998595,-44.15557745814486,-94.19294637836047,-499.95344265256017,142.25793476989804,53.20892129885464,-48.08519611718587,-291.94573113814033,-52.164655860612356,1.5099704771695415,-139.37866542950033,204.40981600383913,-314.9889865322922,-396.66701096357895,-403.7862699146326,-239.82070801004343,6.352544115452617,1.3682801908834747,106.4384702404261,337.4561305172967,197.6990384970425,-239.7395119507279,315.93564838683915,-260.23297379081237,-60.623948891594885,2.6773299778423345,226.35540927370315,123.01087554257333,18.47625627480011,489.3102697857443,-475.60625274198196,-240.34719981422793,-82.36525909637083,-361.67826706707024,-225.62801991850927,393.3166098306272,-62.46977274521577,-214.3889324155574,-464.7693273202107,-124.3455947846966,360.2212495615069,-133.08152038938974,499.99599327042506,-428.9457737342846,246.82450088938887,-405.2946340928794,207.95793066543854,473.10779996338863,445.9494269699872,-103.55108011886335,13.534429789961449,357.7059645375923,-74.42000887735742,-91.44310272331228,-127.84771188018607,-295.7213267195977,-211.12551048420107,289.5489528259804,-257.125498328206,-329.3516045007519,1.8684217681428756,-64.6464815094916,-179.99543509798391,-105.88572107320189,-90.0085341789451,-366.81290422061096,32.08010528349925,303.68558429825345,394.9743036241943,59.92886845338057,497.74097898983507,-371.8390594920194,324.0329330820053,54.3396910470739,421.84357203444125,-20.953249836631283,-11.406871724671037,-471.5508593063462,-222.02148648735243,-437.51055535129234,318.2714929929128,-125.0330576428603,-0.5396933886619721,-467.66102952833563,61.389675268711805,403.2268610555394,57.644028560694245,95.17736598226324,-246.97328124818145,369.7959144659123,294.11389413295484,413.42289659021696,442.53494638508585,-7.436292578149744,208.18714946712814,131.3853576448465,-289.4724544933897,-10.826689504627998,392.5192286621432,-127.94844202460206,486.7313511096006,188.24845014017893,254.63845086718635,-67.3664162373427,-499.9999999822783,445.46000481788315,-94.19778014277276,67.92515309428074,148.36737693879905,189.19546487248044,49.29000060390191,18.07512486466592,-178.82802463747478,-21.54885052811362,-140.32814581443492,-17.059789459320566,-4.018600044759719,86.61459838762313,499.9754210959624,-226.96122515018538,183.09623226308025,417.69410594879963,274.19940038365047,-137.64940925789892,33.171385463386706,150.87914307067808,447.35714271169655,377.2324879538184,401.42570452632816,496.72210997984035,14.976042728669443,-39.40192806031667,47.96723197394346,-115.98664642960513,-46.665242155328286,92.47379396678059,-48.32759259784817,-22.42147287416318,-126.91530451193384,42.63632512854089,76.04511558779203,205.3881332874244,265.4551018023634,106.14899812848043,-84.28904483311044,500.0,500.0,-48.34029724440729,-83.08525669708285,67.02205253524541,-3.3383013936491595,-160.55255922208895,70.0177738202866,-142.79194235221712,-121.18053931646902,58.99166529510975,240.87351379652165,101.7729854006624,17.918338931308384,-18.97204955327195,-253.67898368983438,98.14939302337578,-466.38420754237177,85.33688970500872,34.85102844912673,-195.30933682910918,-497.7808590094512,-493.14083111595846,-106.8267876447331,49.49065738925873,-233.44549252549592,7.608342799167068,37.21642389716708,53.51456949990526,20.597157897977276,-251.7721456149639,-10.139447062157185,37.23596548862026,-292.77275266398505,-131.97431703842665,341.7222442191437,67.80877617002132,94.7104761908501,-22.714613231459047,-205.62647563102925,-221.71190532364704,37.20155119821049,10.243508775355183,83.14929106548331,-39.01897298979852,292.73663225378107,-131.22318723206385,264.1813033078236,18.37668966678752,35.242970158761544,-499.9996621702963,-0.00020059317466801816,-5.1165994528307,-74.14103075634462,113.35251252280102,-30.74707233576105,-142.80288012990442,-116.30299699155759,-6.283336370274549,174.0688279804015,180.60965488871585,-58.08045110811919,102.94383523448293,-155.12468313365474,-3.065590870728271,-18.73728690133455,-222.554624529734,-34.115321570514126,-32.67743409172826,5.9343205498954115,-208.06997493358256,80.0842079417169,21.265592398757427,166.71145546245765,31.325940446980976,-235.956488372381,441.70747918171145,-5.789504005564072,-387.3811963061399,39.34175228540328,-18.03974239190746,-449.4947853862244,103.43862031764947,381.1622748886667,-0.00020059317466801816,31.079515398130642,-36.88169395875723,251.82954311457962,-374.1410118590003,367.1949244663931,-499.90516746166503,-499.9502420950435,55.87976211590195,216.54697919960412,-349.4552221177899,304.1340613047884,-420.5713443391437,-499.99998210879244,10.888716040317412,-29.065059430083185,28.662167649443802,-498.06838620000144,-130.83647695579958,-8.703978462427058
241,-7.498365448554921e-05,-499.9999999998667,499.9934880355603,-21.460540733399316,430.62991090228985,-0.00011254119453951525,95.77700771083585,246.33508586952524,32.99243495833961,-85.01326320943451,-2.8693828849675596,183.24226417320173,357.0738642805696,-114.18333393947658,316.4465987954873,220.00399604230896,371.49021137355913,499.9978008122757,2.2762749757572514,-495.24589854329656,194.9562949468209,500.0,44.72493898645936,380.95675395221576,-291.5502238502729,-83.00419877219818,270.6525703985637,-6.744489777219576,-267.4757609441329,-90.17548686354566,3.4355357485243085,-41.5263510938681,-94.3759126551297,-499.9534424413422,141.92973630261045,52.2731301165135,-47.997063483984576,-291.81157793679256,-52.725847729875056,1.4933579203842076,-139.44223741570133,204.75357535491605,-314.9593349869493,-396.7639059438316,-403.7745931440515,-239.5360913058776,6.34683539449677,1.2309860617859691,106.43888982999002,337.43739051594684,198.06918979597575,-239.75094311921922,316.5248716830003,-260.27675323479104,-60.47349305253798,2.9056592790171925,227.86392924616396,125.23143173997975,17.9003350508583,489.24584967706124,-475.60491682113457,-240.2253730382202,-82.29747885008611,-361.5232690299457,-225.56458303569806,393.8347313946367,-62.74279057074704,-214.82024908421647,-464.7808587438969,-124.27438626103242,361.0933460367933,-133.08308660978517,499.9959880340555,-428.4477122760612,248.85080244568533,-405.25536229061527,207.48449444976808,473.07804191509155,446.6674456024263,-103.1652505882777,13.911129827332642,357.7313784415891,-69.83932808224807,-90.35518676896186,-127.67020405498373,-295.8499574127156,-210.98322047042888,288.1525698745048,-256.9509275659744,-329.33423813782076,1.1241261279422046,-64.46304633825699,-179.82977796203357,-106.10452832132378,-90.29064166324206,-368.64780457500507,31.94467286123777,303.30159988239376,395.0397675730722,57.63178688993374,497.7704882503271,-372.25302774619706,323.15522583821934,51.43825820209993,423.0633282496867,-21.49597254433269,-11.482831971972375,-471.8609499480083,-221.50295509320975,-437.4744135202979,322.9346707154492,-125.06382572953773,-0.691254380827849,-470.1442598606116,61.54663752368174,405.44274949247887,58.531165077587886,97.30661264122708,-247.6874731108316,371.7026055315476,294.28775436835406,408.30464228828833,443.2260399680886,-7.549448417400719,208.24894134219798,129.25605710830757,-289.4871865565403,-9.88450053248708,394.27790005183004,-131.59514292816786,486.7292597890362,186.35000617487722,255.48772702579976,-67.24658252282725,-499.9999999823094,445.41189715829535,-95.21429086040422,67.97271146151712,147.5647133740657,189.24262315390814,49.20073220036175,18.560539446303636,-179.11353600710672,-21.74261074819423,-139.3412002601697,-17.544202329939925,-3.6478883742575827,86.22718882439924,499.97645216589683,-222.89450570340475,181.83495338635217,420.25198517424843,274.17711254664647,-138.53570827827554,33.23199254383726,151.27948455127955,447.19099004643937,376.517519175051,403.13159472357876,496.7844774154468,14.473541234259551,-39.20855719952062,48.231920272692335,-112.0114391986626,-47.41441269071079,93.73941602776297,-41.723060550854655,-22.629628649963855,-123.72403504492623,44.34560781877681,71.93055154999425,208.83821436192062,265.6547343096012,106.65001606716064,-83.84449107449181,500.0,500.0,-49.141896271736876,-82.8757395899226,66.61717380971805,-3.820574597932876,-160.7288881580938,71.47533685986384,-143.42765773996297,-121.30700639536752,61.2506629929355,240.01563016286792,99.57538923657808,17.553040624719,-16.86535916570368,-253.91276564309433,98.4558778851694,-466.6012117111665,85.41647706430656,35.09949784042032,-195.62826076751261,-497.8139260758627,-493.17976141957377,-107.11933388927336,49.89453983308707,-234.6576656555661,7.712854573470204,36.89466201627979,53.11164423030257,21.39824464441479,-252.517339999894,-9.85053021543587,37.81712180719603,-292.19915299702257,-133.38633485897392,342.47520535210543,67.91098329329014,94.5497517539761,-22.619709084244658,-205.93389744482786,-222.5467327682925,37.1546163245146,9.700750617757407,82.4798926817396,-38.39400344080832,292.6455052536084,-131.6839055736357,264.13259556340574,18.536155779251608,35.717594461127945,-499.99966367033113,-0.0001876563037512736,-5.138853139135635,-74.10098272637825,113.15658680733827,-30.49180966039813,-142.8951891180565,-116.53296896120536,-5.491997632642954,171.64027883063017,177.49533987655676,-57.3304892990533,103.3014138523892,-156.2664050545099,-3.709621886087162,-19.792614553525,-223.56715265889514,-34.06716905910098,-33.76843347406091,6.9476620767239075,-210.11096860191967,78.46994239914777,19.76731312516878,166.92892919794696,31.16378562819556,-238.31205627312417,441.73830326310383,-5.658148433597423,-386.7882009179785,40.31086186781185,-17.80673205563589,-449.6398203334857,102.2149093975954,381.20685846326364,-0.0001876563037512736,15.764633964467139,-38.690153608926806,249.8680300145258,-373.9198852574182,365.3085137200335,-499.9023385232976,-499.95024546152797,53.37026541626037,208.8799134843576,-350.3153978306692,289.30336374768854,-421.11301984648003,-499.999982109033,10.368922151329748,-29.08886178306129,33.8145425422287,-498.087489961416,-134.18408295802956,-14.123652977030114
242,-7.014772927504918e-05,-499.9999999998669,499.99346869808636,-20.888994696411547,429.9243602081776,-0.00010528307029744454,95.94338641652935,244.51785945787063,32.03176638332684,-84.95356793503946,-3.053005770067405,183.1400444336894,356.83218771360043,-113.9465566874431,316.7431905120499,218.63008331897848,371.13724040605155,499.99778165389426,0.963984326092333,-495.32314961270606,193.77061949785298,500.0,42.89234123983093,379.9371942252613,-292.8560102877702,-83.53067566029345,271.0674833052619,-5.561860973781326,-267.1741194126504,-86.93834338461065,3.486059611785235,-38.83831147867465,-94.54027194894627,-499.95344223380454,141.6018164790978,51.339619747125695,-47.87908117080595,-291.6765071591533,-53.33510449139387,1.4688721693267888,-139.50456250854177,204.96419813140744,-314.923336067026,-396.8551299078689,-403.755570519554,-239.19952889876797,6.330554368473191,1.2422295273582555,106.43685979248777,337.43238846693055,198.49882530845133,-239.75789548679617,317.08912186284743,-260.30983665831025,-60.320687930495964,3.318495111595301,229.32412822685944,127.39711745393123,17.34791589911321,489.1851429355141,-475.6015330052095,-240.09105197462162,-82.22860887870591,-361.3494890613592,-225.4879675716658,394.35271639540406,-63.00140493494275,-215.23354977309273,-464.79193301416973,-123.9692040043506,361.9407239449113,-133.08122510746307,499.99598301516573,-427.96467976597097,250.89484134469186,-405.2197089229447,207.05136096857274,473.0500730640501,447.3581217722325,-102.77393470387175,14.308750060555083,357.7560572445088,-65.41602119650778,-89.225177599207,-127.48098277360361,-295.9695898976051,-210.8277559178262,286.8090474886885,-256.7670828835594,-329.32632020194694,0.39858405061098456,-64.33665432519815,-179.65461143687565,-106.30357123082885,-90.55556223463667,-370.3792516374124,31.82715762741626,302.93766568730575,395.10275075571667,55.47500854277226,497.79904115251674,-372.6481854429643,322.31410123316306,48.86136298157906,424.22103143689327,-21.985299870724454,-11.544535081280852,-472.1438288743073,-220.97909047818283,-437.44014856958887,327.60167383364364,-125.08116930386915,-0.8095151268854114,-472.43495799413284,61.74500960287123,407.5636015651763,59.6880458456701,99.41850368156253,-247.80614172783436,373.5416218708274,294.4862274061106,402.92054693124965,443.89400388440293,-7.634706713429159,208.31629770716455,127.2215010137985,-289.51573281165076,-8.889272156981587,395.96251532425646,-135.11976514241528,486.7276316083988,184.53490503490102,256.31425835976245,-67.125103693433,-499.9999999823393,445.3663255269535,-96.15410290788805,68.02116905009473,146.80834279642383,189.32362121421502,49.1472851756204,19.02150519589659,-179.291303922515,-21.747231534895775,-138.1770327895742,-17.869791063861175,-3.2917948393098846,85.8752419364827,499.9773892830427,-218.88790229599627,180.62693555132105,422.6571969379329,274.185861181016,-139.19617724712114,33.39936237863348,151.69605093721012,447.0353577173898,375.81959282007824,404.7388967320651,496.839983277754,14.119699222276942,-38.916867902452815,48.508037933105534,-108.05810606429577,-48.102919437070895,95.07303815027147,-35.19968059002926,-22.692560573521842,-120.55102438156773,46.07959843497475,68.01992299488106,212.15242273185984,265.87367443060623,107.22688943250051,-83.39214765499463,500.0,500.0,-49.850573997627954,-82.63849310738102,66.25660932750237,-4.140837046683723,-160.8874926224809,72.98379037348025,-144.11571426213533,-121.34209000570029,63.51420811195463,239.19017187086905,97.6365776183001,17.236359401204375,-14.743067908085955,-254.13058222265562,98.87072118872108,-466.7774685419251,85.52741599637656,35.39413308087068,-195.93221865197773,-497.8457210222719,-493.2149806432912,-107.35027701704394,50.29708409508152,-235.81877841768153,7.907994319058928,36.60932504098505,52.75564324861759,22.230477061451865,-253.21328764712098,-9.485934291776488,38.49752082338348,-291.6075678637313,-134.39927828706723,343.94604294333067,68.12357683954569,94.42388095427746,-22.427581896359655,-206.22351466586332,-223.34388326437517,37.1599131845269,9.210138264797544,81.81111548155395,-37.728330924632736,292.5458330543105,-132.10898270810617,264.05780958671534,18.70857272141133,36.23329655781858,-499.9996650593213,-0.00017555378144606224,-5.17989376188707,-74.00379196471347,112.99145792744118,-30.20196614857697,-142.9965106153504,-116.6738114062512,-4.701425676813562,169.18294333271328,174.33070572804954,-56.54848246449144,103.71237556622111,-157.3729570413498,-4.335601335339915,-20.949515728343453,-224.53958117177962,-33.986365014267705,-34.793576948246844,8.018505311593058,-212.1534360363221,76.91544618811636,18.198313371357504,167.0850113903193,31.02197896976788,-240.65877965649662,441.8169155623439,-5.493761234624228,-386.2008029273742,41.2895426414101,-17.486868838400753,-449.78108586962236,101.02697548096812,381.27149913125123,-0.00017555378144606224,-0.40044436210149076,-40.4704070990013,248.28666191258517,-373.6837149943267,363.95399774082864,-499.8997141034825,-499.95024869577077,51.06382739227718,201.32446834781268,-351.2622269751944,275.1197398272582,-421.62667547617013,-499.9999821092642,9.910295216136081,-29.11468581787569,39.16529074947253,-498.1067106330795,-137.06774137737455,-19.795016087516956
243,-6.56236879876811e-05,-499.99999999986693,499.9934506167505,-20.281906729761637,429.20482070852967,-9.849304115050346e-05,96.06327541808558,242.74878337228446,31.04416925577711,-84.80258315888132,-3.2755439630552625,183.1587496705711,356.59307719543176,-113.60334992432172,316.96230148909575,217.31082286373115,370.8003700372422,499.9977633396741,-0.3125421144833639,-495.3960956577566,192.61666696820902,500.0,41.13011848668976,378.776649623868,-294.101337480796,-84.06752555939492,271.54290627722304,-4.285985268227738,-266.900750980632,-83.64330599976127,3.5485072232508017,-36.094505766343715,-94.68416471918528,-499.9534420299537,141.27298402915096,50.40709188021415,-47.7273049174414,-291.5361417664132,-53.99824939655521,1.4421297834390294,-139.56818676180524,204.99968518874323,-314.8787443788266,-396.9386945133311,-403.7292661533088,-238.81215979188187,6.309069082987495,1.5112864794854655,106.43142286731184,337.45950364343184,198.97558295986056,-239.76126040391716,317.6318788070071,-260.330874317412,-60.165652878917236,4.05314963018662,230.7365770505873,129.54739178416935,16.82702558421263,489.1321194592133,-475.5922906511741,-239.94490366900231,-82.16008619553398,-361.1519130703769,-225.37452489838097,394.8728715897573,-63.24143866325893,-215.6284863350509,-464.80256845493165,-123.38925398226584,362.764673267354,-133.0755480648188,499.9959788968731,-427.4974849039565,252.95573118036523,-405.18779047826786,206.685531809053,473.0241256044309,448.0226950498045,-102.37543776581592,14.770339854361476,357.7800210968126,-61.15944043859742,-88.03308633802877,-127.2700599041596,-296.0777969510839,-210.6621678158289,285.528060712988,-256.5728244351827,-329.32861334354186,-0.20386273482324793,-64.24552094558975,-179.46177031196063,-106.48209918820261,-90.80156251634136,-372.0169570563201,31.73405811478449,302.5967160151571,395.16311361214827,53.59231303685385,497.82669388898125,-373.0234527625844,321.518092694076,46.86355717512011,425.3164926307827,-22.392541592564935,-11.58847192772676,-472.4034183127511,-220.4510175965885,-437.40786095307226,332.2575480424942,-125.08407370580859,-0.8689653711316734,-474.5441268956082,62.01900170210482,409.59447476012645,61.45307904062188,101.48631141340753,-246.70804278034646,375.3145872562588,294.7052108753734,397.2693314957557,444.5397126326414,-7.683318889119421,208.38458854016986,125.28761618292359,-289.5607191217975,-7.842856504705856,397.57788707865257,-138.528770530647,486.7265321587113,182.8183867632578,257.12172852353126,-66.99631681257989,-499.9999999823679,445.3234601245724,-96.98203816728908,68.07519523550192,146.10561637075836,189.43981759765288,49.12929225115999,19.480895116468748,-179.3202401789982,-21.2813020267484,-136.5111131344669,-17.954006313868337,-2.923862704505764,85.56356035008355,499.9782386001892,-214.95736948622599,179.4750576492129,424.89558557858504,274.2228146233379,-139.37968629013233,33.83236635640804,152.1348725499405,446.8948747017504,375.14420857466837,406.2485972239155,496.8889538545582,13.959509280171082,-38.480858753011425,48.79362959522133,-104.14193312047759,-48.71662238827872,96.55561352166357,-28.77715286535282,-22.53862296685978,-117.39579559429627,47.8712958786295,64.34283996251973,215.27946922193308,266.1020844184552,107.91111810096658,-82.93436309457245,500.0,500.0,-50.45918245553086,-82.34906198878457,65.94700676184016,-4.397303022966176,-161.03465306608734,74.60866284268008,-144.87635666225793,-121.34040670529787,65.801721005404,238.38133527927113,95.85514241952649,16.97596740873476,-12.690998600511648,-254.3380902140081,99.46667127260304,-466.8611084649225,85.67622388039496,35.69735874856966,-196.2289722796637,-497.8755661615212,-493.2421821997206,-107.60601225660935,50.69778182630845,-236.93455271610821,8.24543381897567,36.37459682834168,52.45367764382813,23.13482381169157,-253.8634648177357,-9.129861755442928,39.310225266949544,-291.06857808166444,-135.09619368635006,345.87959210663007,68.55544441583534,94.35087468750066,-22.099837012069308,-206.49962116915998,-224.10422594478047,37.236202435383674,8.818391308313776,81.14267285373862,-37.01851803605654,292.45475854806256,-132.4937704976167,263.96741083616433,18.905730448354422,36.77513205730215,-499.9996663278531,-0.00016423178021795457,-5.225189576938072,-73.84537497383155,112.8736219722411,-29.91013682115176,-143.1060657804939,-116.71355838684313,-3.9813254688927633,166.71619195783708,171.13108362323663,-55.72478680379612,104.20662965204545,-158.43181757049928,-4.942310026783141,-22.287715498975768,-225.47292550201902,-33.87398408579731,-35.74942909520555,9.194876256843708,-214.20346276109322,75.4349123397267,16.527668396206728,167.19069334219515,30.876662079818097,-242.99840793756636,441.93470912733767,-5.303249512007827,-385.62402576867504,42.27416972553638,-16.991788583167523,-449.91668932380367,99.88904327041045,381.3770195751354,-0.00016423178021795457,-17.56190885272483,-42.240701485399,247.7479476085687,-373.43213944527014,363.9372543429295,-499.89752605223293,-499.9502518029758,49.10342055384855,193.94561662169568,-352.33277147737596,263.3251042291067,-422.08985709597545,-499.99998210948627,9.570810921962478,-29.151515004210356,44.684959486999205,-498.1266274387731,-138.95280117634124,-25.74682969230874
244,-6.139141260064177e-05,-499.9999999998669,499.9934341917695,-19.62703023427806,428.4667096174988,-9.214092278852954e-05,96.13118891865419,241.02088437260028,30.023534590401926,-84.57858415875187,-3.5452222114048633,183.29094777520675,356.35826898244596,-113.16707257076817,317.0966870546443,216.04462058016162,370.48053553442605,499.9977458810827,-1.5552250798981586,-495.4648304780231,191.49480836101006,500.0,39.436817239615436,377.4548804918606,-295.2892901523174,-84.61776417254359,272.0713400531599,-2.9294804749001817,-266.6595931972031,-80.3072289759663,3.633786056705344,-33.311774294512226,-94.80746108155299,-499.9534418297909,140.9414882631096,49.4735189139397,-47.59233209780032,-291.38512108607347,-54.72578288183591,1.4200782783462755,-139.63930970508778,204.80173574422562,-314.82754796001257,-397.01236846279977,-403.6988819120828,-238.37848897464093,6.289122592889408,1.8172955800653865,106.42120494003196,337.53093949741435,199.4822857116676,-239.7624897047603,318.1563329241025,-260.34276335633336,-60.0102856205353,4.865575052812812,232.10136177460618,131.69036358991895,16.322290677034474,489.08785009524985,-475.57415349889976,-239.78811197375472,-82.09615445666454,-360.92720858510904,-225.21030080643393,395.39627647799813,-63.47639888253692,-216.0061738068358,-464.81278270659766,-122.55570657992823,363.5665020253554,-133.06655553292634,499.995976519264,-427.047841217635,255.0184089355268,-405.1602630247591,206.40170764672297,473.0002942016561,448.662133377747,-101.97790638016076,15.314191015129122,357.8032894063119,-57.08949962661905,-86.78084214299416,-127.03895951263216,-296.17591878932575,-210.490696794039,284.31643853606727,-256.3675575141056,-329.3447830091266,-0.5729260806472871,-64.17178409840758,-179.25339904133614,-106.651919348432,-91.03846591376373,-373.56958559433104,31.61204347867385,302.27977132850873,395.2205844740829,51.94226058068707,497.8534894259209,-373.37910361369893,320.77150314365633,45.28177634396657,426.34706642894713,-22.777518873813953,-11.62138643403009,-472.6437154345779,-219.92430948214385,-437.37793269768633,336.85896180781856,-125.0768998699007,-0.9021494802584095,-476.48317336515913,62.317675320613446,411.53872578065494,63.629818893688125,103.45407335430446,-244.69188271419756,377.020897470512,294.93833686571867,391.35276689619343,445.1636269244061,-7.691733380717207,208.43827924021534,123.44629702075645,-289.6320756912548,-6.76391112479498,399.12751121916756,-141.83497578446207,486.72595655869094,181.20524461953622,257.91316198308175,-66.86404458517723,-499.9999999823954,445.28352643850917,-97.7168419033715,68.13136476179223,145.4292204986909,189.57781898589639,49.129406618667616,19.953553922087195,-179.3031229075523,-20.278887718501185,-134.25197127214093,-17.88037714517533,-2.524416259275902,85.27939516456155,499.97900375487256,-211.13758857572444,178.35954661182615,426.93844130274795,274.2596723594359,-139.08322484267643,34.55180625613257,152.58927666840776,446.77268153745746,374.492554228113,407.66073524574256,496.93147192135973,13.845468309516454,-38.01834874576888,49.071463800055284,-100.28657434048483,-49.283940791122426,98.06483016329322,-22.4865830682701,-22.3221439966429,-114.28584705617524,49.61488767917195,60.876987802561345,218.0702612842161,266.2972779432585,108.54798228928924,-82.4778676032252,500.0,500.0,-51.12586897621423,-82.02668495519336,65.66342253712119,-4.627039042204996,-161.17513939518062,76.2138227258666,-145.7214423486376,-121.46878941606481,67.9309311119908,237.5559555380885,94.19350722681774,16.72604008013235,-10.864484085370362,-254.53846652503609,100.06575352430825,-466.8373758205949,85.8128151166205,35.79152779957584,-196.52342374584887,-497.90312256427467,-493.2559096213882,-107.91171526414129,50.944503626142684,-238.00823486153948,8.516606240926379,36.14463785618977,52.11334928734352,23.978265854320075,-254.47938137984326,-8.816578141959189,40.05469452110892,-290.6087007266414,-135.57945437667684,348.0418720845297,69.08269026116483,94.25213943500049,-21.819213190199285,-206.76465283451455,-224.84172464675794,37.192399738107575,8.405818907089433,80.36866892779157,-36.49229893382806,292.3464102255256,-132.83810767896185,263.8286381226149,19.135100231519548,37.08048572555799,-499.99966746694696,-0.00015363997954409084,-5.2874132289399,-73.76971143838969,112.75685701432755,-29.82600843800792,-143.2048213351643,-116.6354709256446,-3.5774270257844623,164.20990619467634,167.84045764730786,-55.01363266918133,104.59999506579848,-159.41138810214116,-5.747806980928092,-24.032041063079358,-226.36178743961142,-33.743439933963835,-36.64373706515497,10.342387085584695,-216.2533188886457,74.01768017517306,14.543625515455167,167.09354796999284,30.630506704020974,-245.3309502357299,442.07881153045304,-5.233624234274606,-385.0752666472823,43.24894536307878,-16.314263936410576,-450.04584517279545,98.8022029663392,381.53136819109227,-0.00015363997954409084,-35.99764694674442,-44.13700814059474,248.78412453896786,-373.16692174986355,365.5607497422146,-499.89612029982953,-499.9502547881416,47.36361862727071,186.7723275647035,-353.61536542888166,254.44751186953707,-422.492437133041,-499.99998210969966,9.324897143746059,-29.288928408440096,50.33836375029763,-498.14893653908644,-139.9463263665257,-32.103605844230934
245,-5.7432094763498496e-05,-499.9999999998667,499.993419595084,-18.921551163877,427.70435126376526,-8.619847722002221e-05,96.13358996762412,239.3159758198168,28.959262868992994,-84.3919262976337,-3.8811662659723263,183.422446614028,356.12500968684014,-112.76449493075582,317.1381572293287,214.82046980159458,370.17140028721616,499.9977292926305,-2.772162936595755,-495.529501698539,190.40213539223086,499.99999999999994,37.7834764315112,375.9528582927358,-296.4267080991343,-85.1991850481929,272.56701317736133,-1.5059745730753629,-266.4593531564929,-76.9697769288593,3.7337026998545184,-30.52968383267519,-94.91809046346826,-499.95344163331276,140.60436983800273,48.53383837785787,-47.571033095752405,-291.2266882320708,-55.532413216164706,1.3945012901638596,-139.72718107120957,204.31443997826568,-314.7791405666057,-397.0765947523683,-403.67741548486714,-237.90586634159268,6.260541420097191,1.8723304067182835,106.40429742360371,337.6216019686746,200.00835084580936,-239.76300211501945,318.66051998316806,-260.3568703275602,-59.862114712803695,5.43307259503892,233.41881675419395,133.73746456631508,15.805723160812635,489.0474993290718,-475.5505323373849,-239.6213963448477,-82.04781462431245,-360.6798569840326,-225.02545612703085,395.918748618906,-63.728805268691794,-216.37062350631598,-464.8225926469085,-121.62169694443867,364.3460128727267,-133.0568408564074,499.9959759108804,-426.61878005300304,257.05024816248886,-405.1389410733832,206.16415931235176,472.9779832630955,449.2762235039817,-101.60161164214261,15.879868308548769,357.82588115550544,-53.23675446236825,-85.50439009232639,-126.8166569896951,-296.2718907274114,-210.31520689856185,283.16768130159033,-256.15124032743506,-329.38359957713004,-0.7583853956395035,-64.14855826841679,-179.05500618337385,-106.83915123351444,-91.29078776053485,-375.0454571398204,31.37588287079564,301.9811054934698,395.2747022590509,50.30588925722904,497.8794191785165,-373.7190897373585,320.06941077966354,43.720598645482994,427.3081586604557,-23.255061157040366,-11.663461541406322,-472.86775303459336,-219.40846366198284,-437.3511860127959,341.34055625600365,-125.07187167040301,-0.9741792340379073,-478.26379488610286,62.54912718932302,413.396767537848,65.7244641120992,105.2504250837691,-242.58881712248808,378.6561161119433,295.1798225362759,385.1743696007261,445.7651713034382,-7.667966537843006,208.48029810279493,121.66512173489726,-289.7486050287367,-5.686927114934427,400.6093363169551,-145.0623079677721,486.72556728291664,179.67124687522173,258.68468787560886,-66.74331811031898,-499.99999998242174,445.24639279986536,-98.43743780236225,68.17428197119402,144.70853021021233,189.71170390285738,49.11808573487054,20.390702866806357,-179.41526939515452,-19.111374133845114,-131.822642327042,-17.885214830618057,-2.1391769369266265,85.00117614287454,499.979686062167,-207.48718061286164,177.22933144039726,428.76142771953306,274.2376089999092,-138.6609631471972,35.341468120808464,153.02855710366225,446.6647904977454,373.8512701106574,408.9716987745665,496.9673831500657,13.442785912990374,-37.73093692629032,49.30391992976098,-96.52355382447534,-49.89033657945604,99.34861810630562,-16.36751109098702,-22.290466567485716,-111.27419518173586,51.14257226567272,57.494754305761894,220.36316532068133,266.39578578888836,108.88895796317908,-82.03609966775235,499.99999999999994,500.0,-52.04968117693478,-81.73836178121994,65.33393994850859,-4.837833945897899,-161.3146398782338,77.52380765113213,-146.6477595814364,-121.85180436134709,69.65346436293298,236.68105060636424,92.6431645925392,16.390493313793453,-9.393506361395511,-254.73093178790245,100.38812382132188,-466.7649989466932,85.83726528516945,35.49922736351502,-196.80909831062203,-497.9295356495116,-493.25624591119345,-108.26196838212891,50.814484026745646,-239.03862272451155,8.446950968378632,35.81797096797635,51.608860925119416,24.529205587479588,-255.06821391430785,-8.561045869697857,40.47732823935434,-290.22855812792136,-135.93051791523993,350.2612458647032,69.41679842130688,94.00635524571153,-21.79972374302484,-207.01747721649681,-225.5661232041285,36.83776120702381,7.805635911184743,79.37522435624977,-36.38356082418745,292.18237349389983,-133.1317513258845,263.6088430293708,19.37750115741207,36.93415570679631,-499.99966846683395,-0.00014373126032296172,-5.400155156976443,-73.92512649041129,112.55441901325695,-30.134870035403484,-143.2328016741853,-116.38739848884279,-3.691345989967828,161.59459837562287,164.37927434939078,-54.625486161006464,104.65579205973523,-160.2312425691317,-6.9352464305842085,-26.3066966358595,-227.17296688068237,-33.60331475898357,-37.498095143467154,11.252293510948165,-218.2383196688068,72.64501237622262,12.10797751112372,166.6640466984329,30.152435127423047,-247.6284405852678,442.24174646849855,-5.471700347025963,-384.5711758135349,44.208720786312064,-15.604789422452322,-450.1694246710297,97.7544435853243,381.7007164471761,-0.00014373126032296172,-55.64384271048377,-46.256426141789994,251.00410161423898,-372.89389716439877,368.13605764691795,-499.89564387016225,-499.9502576560689,45.55421234988194,179.8034331361059,-355.18022140282034,246.924703469152,-422.86147920854586,-499.99998210990464,9.000397521844631,-29.628590175481527,56.14834883399092,-498.17543133889876,-140.7583539141813,-38.99527833254028
246,-5.3728123020846193e-05,-499.9999999998663,499.9934065280186,-18.15840900689204,426.9137158415575,-8.063927452894791e-05,96.06166323804669,237.6209572700167,27.840266801182317,-84.30024671514899,-4.296335541360474,183.4786767852301,355.88496690787474,-112.47693168184563,317.0817124158457,213.6323221786005,369.8666472306757,499.9977135928476,-3.9654444988626643,-495.59018146193114,189.33665242916882,499.99999999999994,36.14189584107988,374.2582491922154,-297.5203323923859,-85.82945204987583,272.972320862182,-0.027374471668442372,-266.3078580492006,-73.67213638956676,3.8225035391015876,-27.789240634380022,-95.02561527341165,-499.9534414405113,140.25959411990348,47.580728538895215,-47.66777003977946,-291.07213754449253,-56.42521339064191,1.3436213948769655,-139.83535248022062,203.51646384501095,-314.7390021837866,-397.13474891072997,-403.6775846352306,-237.39792783143153,6.1991216771905595,1.7157176327496715,106.37817881224602,337.68986099344806,200.5587516592478,-239.76282610360582,319.1362207305543,-260.380966295788,-59.72992839439151,5.7862536401214255,234.6903219535809,135.5969800214405,15.276339920549479,489.0068569302012,-475.5275838735825,-239.44383817950217,-82.02749569045183,-360.41507057916897,-224.85874716360496,396.431984253786,-63.99808544304839,-216.7246023945304,-464.83201423427636,-120.73358329380952,365.10026677698426,-133.04946518693836,499.99597614639504,-426.2138628595091,259.02209382893426,-405.1265830880933,205.92623358871055,472.9562532972626,449.8632294419809,-101.25323735033747,16.40079104105579,357.84781556277676,-49.62521470388828,-84.2077981365638,-126.62643097492123,-296.3703213239523,-210.13275568335385,282.07083873196007,-255.922269302308,-329.45517938353663,-0.9210702531373284,-64.23297279765718,-178.88607913887515,-107.04987235931402,-91.57072642175618,-376.4516659496582,31.037944256695347,301.69331336942605,395.32475062876586,48.62269342873647,497.9044044897072,-374.04758014502914,319.4069993494347,42.099786520161956,428.1963806506484,-23.823301293890147,-11.723299880909586,-473.07648490672204,-218.9031559213925,-437.32848870715725,345.66003034226054,-125.07675668766993,-1.0898324674788231,-479.8969653263432,62.71192928072046,415.16710751443884,67.60390931316158,106.84089692020817,-240.66345822084853,380.21302421279063,295.4292940582233,378.73943098431477,446.3423329453184,-7.618567717368342,208.5821788120535,119.91883167419553,-289.9221129689729,-4.6300826677504165,402.0187748881116,-148.23351476974014,486.7248665446747,178.19284200506303,259.42799475083535,-66.63905167131986,-499.99999998244704,445.2112656879743,-99.17265506209678,68.19553707117996,143.9250713696806,189.83377909324307,49.090940996838135,20.718346614847757,-179.64704960942493,-18.07655393811257,-129.5814248552162,-18.011500397507405,-1.8442323184093243,84.74098361055552,499.9802875199675,-204.05685138798162,176.0676918644965,430.3652016609724,274.14001265551946,-138.32834525064263,36.047942221912045,153.43277636703104,446.5647921023817,373.2028317371277,410.1813083368955,496.9967845869437,12.538281712461222,-37.604600716340535,49.47393448476245,-92.83824917698988,-50.56430357918835,100.40201098831699,-10.39379878020479,-22.420971740782115,-108.35161502106283,52.47863376047514,54.1226924613352,222.20377091772386,266.3968686791154,108.92426057789415,-81.60607775380241,499.99999999999926,500.0,-53.1677632038958,-81.5078997444056,64.93362125858567,-5.020119101088266,-161.4464943952562,78.53292600650755,-147.63255959751487,-122.38097674587134,71.02210548272727,235.78495065760694,91.2070578654071,15.9587400465095,-8.23526139290344,-254.90932756475064,100.46903554270679,-466.69208227335,85.74478278814182,34.96162659106711,-197.068460563758,-497.95620007131373,-493.24920175263117,-108.63870000155858,50.34558213282301,-240.013566040043,8.113983379808747,35.38508530096548,50.97048416846277,24.807972806652014,-255.61527802095236,-8.378997215223173,40.65683966908533,-289.91855974002107,-136.18638722560402,352.43756820140055,69.525827941137,93.6382291459686,-21.967536546877565,-207.25196671334453,-226.25669444399003,36.27000238430516,7.065096312088496,78.23181276028711,-36.57187961399739,291.99988119912655,-133.33970132515384,263.36034892992024,19.6003519555746,36.500248942548396,-499.9996693125392,-0.00013446158845908612,-5.542007173241521,-74.23015782260497,112.28276015795151,-30.69711005452256,-143.12142378362387,-115.87683017117907,-4.157954902394614,158.88668371309328,160.79751326741552,-54.49103780449329,104.45083786999905,-160.78630302723252,-8.33877607181703,-28.90635202974077,-227.86162714843695,-33.41999296128488,-38.321724465076606,11.969915770077078,-220.07796520607536,71.33369326022097,9.436874700452838,166.04898284771338,29.462252389085396,-249.84678312037187,442.4556660863348,-5.940763554382019,-384.10014132556404,45.20726688221558,-14.987534449190916,-450.2882244639788,96.74619089202939,381.8442760472609,-0.00013446158845908612,-75.83679714761841,-48.48162105878907,253.64518788939455,-372.62023484294696,370.95922629315305,-499.89586576408254,-499.95026041136964,43.654777796122495,173.04921817564315,-356.9680561060933,239.53451048238568,-423.2286226175783,-499.9999821101016,8.526159210614441,-30.027331266153794,62.17701237185876,-498.2055749732404,-141.68493851707981,-46.300124002687014
247,-5.026303188060394e-05,-499.9999999998658,499.99339462014547,-17.303670744151056,426.09501416670554,-7.543860192527006e-05,95.9241298189697,235.94852298103467,26.66407746695231,-84.25168049189423,-4.779172429052032,183.49672269234418,355.6326297062101,-112.26779207245265,316.9262369951935,212.49676153165873,369.574291761765,499.99769880556516,-5.118683880254349,-495.6466635355085,188.30484452698815,499.99999999999994,34.51596345513776,372.36461911983014,-298.5672828316203,-86.50328903939106,273.31325175584334,1.494947542940331,-266.2056649995586,-70.42869468926392,3.8873182624863376,-25.105021716247247,-95.12857731093449,-499.9534412513744,139.908588801215,46.61122638961154,-47.788772323818364,-290.9269959256448,-57.399990263389085,1.2576772608917703,-139.95863718499092,202.41668048449654,-314.7025434981976,-397.18859407680526,-403.69549711184874,-236.8536472241441,6.095723252640228,1.5125750693526037,106.33959859073624,337.7269291956502,201.1443263932407,-239.7604238176246,319.5785044943992,-260.40911169115446,-59.614820341684634,6.092480006450832,235.91869344400658,137.27449915166613,14.749304292928645,488.965455908716,-475.5073104728041,-239.25354696781102,-82.0404124012281,-360.1251763808896,-224.7156839280457,396.9310732370658,-64.26848883645705,-217.06565522847282,-464.84106253148263,-119.91287076028836,365.8255361769258,-133.0442905488057,499.995976373451,-425.8346202106857,260.92683742433525,-405.1248593709095,205.68323524290278,472.93494824618443,450.42172733008084,-100.91830073305813,16.87572885856633,357.8691122942693,-46.248299164907934,-82.83876117914726,-126.45634061508335,-296.4678393845876,-209.93890592545608,281.0332958956282,-255.67698248408354,-329.56137700036294,-1.1303350864789325,-64.42658091572147,-178.73515444643536,-107.26220958863061,-91.86736198168352,-377.79126254666994,30.684809780991785,301.4181110304736,395.3696916963604,46.97183227885722,497.928359831867,-374.362508667934,318.79863140138116,40.524404428904475,429.0130814191088,-24.39159483626822,-11.787984407357802,-473.26938644816283,-218.3980289935343,-437.30997769810904,349.80969002686834,-125.08487086108835,-1.2160781201859774,-481.3914264479734,62.85301032128891,416.8499369742101,69.31434210629078,108.234740521914,-238.82203624332328,381.68925104602,295.6907790313941,372.05840764627794,446.89314922684383,-7.526498130149384,208.83385308983665,118.22424389757082,-290.1445368310261,-3.5807988309212306,403.3559533031174,-151.3510842301884,486.72374255106496,176.78991501823776,260.13992929499665,-66.54473630219773,-499.99999998247137,445.1773184568203,-99.88924678858153,68.19821477959644,143.14221903855463,189.96444176291197,49.07388571254483,20.927761549637793,-179.87922394252564,-17.159041176193476,-127.52792061392135,-18.12214600941262,-1.653699912127973,84.53995601567054,499.98081442161936,-200.8325607857429,174.92143661607705,431.78340549340976,274.0175627257745,-138.0625897548255,36.67254798229653,153.8153670667926,446.47288242935235,372.54795694042184,411.30128896669305,497.0204240316885,11.025859894021997,-37.49096027208308,49.60019871944089,-89.17928088824448,-51.24113131766698,101.38193221004104,-4.496090792877432,-22.550296376494643,-105.45788081594493,53.757420871698415,50.83593599091158,223.79278557324753,266.36541996666995,108.78778371320702,-81.16713948439181,499.9999999999946,500.0,-54.28841104516869,-81.29756539223064,64.52881488265726,-5.149804767370512,-161.5571553133395,79.42843896170677,-148.6503702940221,-122.8766527078949,72.25383740568974,234.95356580515715,89.89578664705442,15.517692909769805,-7.21875645488033,-255.06724009563774,100.50291033183231,-466.6227547328814,85.63352466096504,34.401256293654654,-197.28957371924753,-497.98306950640904,-493.2397643628923,-109.01424117522483,49.75519718311384,-240.92050178982743,7.734234476682664,34.938001996043596,50.326349077664105,24.998921425761004,-256.1012800344545,-8.269980478861648,40.80933383875216,-289.66160422001593,-136.34822753646762,354.536596123065,69.56566873302292,93.2636052528359,-22.147421085143172,-207.46143179400997,-226.88582260481064,35.67145961931443,6.329839218478985,77.09198532243276,-36.82639839144899,291.87526703420707,-133.4223806802628,263.1696502013788,19.794796545412094,36.01567037980573,-499.9996699832409,-0.00012578974565257984,-5.62353970836702,-74.52651510373057,112.03970987205871,-31.26963162209681,-142.83713528189543,-115.0161594081409,-4.692164096207209,156.18734478099734,157.2235276150306,-54.38415503511038,104.19414436427648,-161.00405573699712,-9.71846551705524,-31.56371937276172,-228.41103303226456,-33.13984887601819,-39.09980786740575,12.680759439083118,-221.7474620317888,70.12433455208988,6.80076084076182,165.455107954943,28.71756200633434,-251.96391176345716,442.77981436435675,-6.419537816194425,-383.63781202976645,46.32032316534425,-14.458070160781837,-450.40068560231595,95.80078195146586,381.95718525967146,-0.00012578974565257984,-95.850183137957,-50.65275627501597,256.36623906053126,-372.34850893140145,373.8050520401013,-499.89645800560487,-499.9502630584731,41.820122981812354,166.54638375275198,-358.83813775566585,232.33127524407257,-423.59265425923456,-499.99998211029083,8.056468883757217,-30.176898002574482,68.44398003839603,-498.2369265151791,-142.6211885832928,-53.672036776810685
248,-4.7021418140502504e-05,-499.99999999986494,499.9933839363081,-16.293488347860098,425.2517706610435,-7.057333641569083e-05,95.73793789175754,234.32732583189897,25.439366186529178,-84.18751755653683,-5.306452242916993,183.53314260931452,355.3717152854032,-112.08654860104855,316.66935266572165,211.4436909660731,369.3157741863898,499.99768496096505,-6.204729926239864,-495.69845857879045,187.32256401796684,499.9999999999999,32.92525361683883,370.2662001372864,-299.5557262282227,-87.20163542097396,273.6295044279208,3.0468508944687236,-266.1525388644722,-67.23588593926094,3.93588932477436,-22.474475661066435,-95.21833810773954,-499.9534410658859,139.55518571876485,45.63185217757779,-47.87729157825032,-290.78802632944013,-58.45044579166308,1.1453875565309035,-140.09032931876771,201.0239974262819,-314.6640632814649,-397.2359973262046,-403.7168205952309,-236.27301192938208,5.961880060548534,1.3014111450791443,106.28440965640006,337.74935952042676,201.7692380984204,-239.7540162326822,319.9922726128241,-260.43321139509754,-59.513784980662,6.393586554871551,237.10588099287872,138.80769877971605,14.228180825793068,488.9239742833467,-475.48895449716764,-239.04906306288714,-82.09058839368318,-359.7941747094105,-224.5863160881317,397.4179810979923,-64.53284466499869,-217.38909009964874,-464.8497519703047,-119.13294082982398,366.5203893927355,-133.03871278454577,499.99597632880113,-425.47987003010616,262.7751870620621,-405.13305754489994,205.45463892207027,472.91484245390996,450.9521765054279,-100.5886582626042,17.330975875869985,357.88979084392383,-43.08836123705926,-81.35302903944238,-126.28474105163953,-296.56073631012237,-209.73163836829536,280.0800018520731,-255.4125856139254,-329.6966292060976,-1.3548284380080098,-64.67562017109886,-178.58330672425106,-107.46544285245525,-92.17081189809355,-379.0649408404422,30.358681806569184,301.16538538726974,395.4080844489272,45.38495848976648,497.95127910381814,-374.65654690115855,318.27808052827163,39.02356849372184,429.7617620500856,-24.918588736653916,-11.844189495050028,-473.4468743426882,-217.88944712253027,-437.29522607227153,353.7959159034455,-125.08803792304151,-1.340422108321729,-482.7542924690967,62.987939963864065,418.44888899385944,70.87434864411642,109.44686167716819,-237.07193883005186,383.0883120662897,295.9672213263945,365.1520688527054,447.41758426739494,-7.353081314579834,209.25071794953192,116.61749926848765,-290.4059621361769,-2.5214071044112014,404.6241898199824,-154.39990136284024,486.72252369079575,175.50483490540574,260.8226662433907,-66.45730277407111,-499.9999999824947,445.144594786182,-100.56553901019879,68.1827603739164,142.40734092135952,190.11783124465043,49.07523293782645,21.0699230982181,-180.07498067767185,-16.30680705409813,-125.61354794989873,-18.15426569157838,-1.5220427594485,84.41546027931366,499.9812756401913,-197.79599732429082,173.82577200790416,433.0455290256653,273.91120756969826,-137.83909017490686,37.237010599351066,154.19147395471498,446.39488051725675,371.90058017780035,412.34613867827596,497.0394095364956,8.738735586057825,-37.339412674147944,49.69070629805108,-85.54756648528766,-51.87129036195851,102.34160104615675,1.3215287252729822,-22.627863688811754,-102.59316915709464,55.016374923944305,47.6978195056831,225.24050869209933,266.34361780334484,108.50301479788524,-80.71978143218647,499.9999999999662,500.0,-55.3564255177538,-81.07371305433799,64.18165766235036,-5.212693251617678,-161.6523960252698,80.27942317503923,-149.69604335026025,-123.28295107163193,73.43152979359827,234.24391350826204,88.71176016098337,15.122584857813088,-6.220735617272661,-255.20490600054475,100.54935369661925,-466.5564506142419,85.56465953581527,33.87526958580389,-197.47440715012843,-498.0094438950349,-493.22946223739956,-109.36229311145108,49.138656544291045,-241.76259899253205,7.364267538846796,34.53437854793248,49.7354783599791,25.17315738573362,-256.5239536649302,-8.205600911981195,40.99470134710362,-289.4344446611911,-136.414617690378,356.5573335588538,69.60379794099715,92.93232659996139,-22.29367134227204,-207.64340681229137,-227.44931368911162,35.08810417914622,5.64872274683852,76.02019403950607,-37.08722559856276,291.8050659061116,-133.3629989730725,263.03534512273546,19.97821411982443,35.529979752014384,-499.9996704528073,-0.00011767718388000285,-5.598328799886557,-74.77007809282651,111.87065796257804,-31.78424723897716,-142.3736152861685,-113.75781640791227,-5.20992319054937,153.55834310363883,153.71924278280403,-54.22625100941639,103.9475896444511,-160.85225252084888,-11.019823300978128,-34.20113320691515,-228.8330926556797,-32.74559462929384,-39.824415327609,13.449139963160155,-223.26436955236497,69.03076650251657,4.250533883751622,164.9233082803739,28.009437610704012,-253.9826876959373,443.24097979616306,-6.827391717064576,-383.18003278911124,47.565110765490374,-13.980014406022718,-450.5041791288954,94.93785452715483,382.05448248510055,-0.00011767718388000285,-115.39379161810129,-52.733838674845614,259.11474996559326,-372.0759531718129,376.62025131262766,-499.8972684685885,-499.95026560163427,40.0973466159015,160.31642628297308,-360.7100797316073,225.47980913574617,-423.9366270248981,-499.9999821104726,7.741910386963892,-29.94029957359009,74.9232325547585,-498.2677410582102,-143.52253505954957,-60.86659418241537
249,-4.398886085255061e-05,-499.9999999998638,499.9933748866667,-15.056272838865185,424.3876288749761,-6.602184294024444e-05,95.50586800027274,232.77519433751826,24.176053370531577,-84.09745935091763,-5.862568719931325,183.60174158069694,355.10953070520054,-111.93033189873256,316.3021761424854,210.493015099066,369.11035738777264,499.99767209568233,-7.204533169491313,-495.74502481892864,186.40645423129,499.99999999999983,31.379779229642107,367.95516990399335,-300.47632514572814,-87.91144167547704,273.92720107795424,4.611078501708542,-266.1550574708386,-64.09252874743777,3.976264320296475,-19.8971504819183,-95.29047975165993,-499.9534408840264,139.20292019049705,44.65370805746131,-47.93795633941729,-290.65249957070154,-59.57507423695156,1.0159212864067417,-140.22685405579924,199.33827010381043,-314.62254226924944,-397.27388058733845,-403.733981004056,-235.6592057169035,5.808579982261007,1.061116293459425,106.20746606476811,337.7668641233957,202.43199596829686,-239.74241551117427,320.38552887858646,-260.453093068511,-59.42913824651082,6.671152204869791,238.25244934995914,140.21292141363796,13.70720159982516,488.8827689174887,-475.47237627221045,-238.82942943422225,-82.1907569553528,-359.4116466276929,-224.46824759980686,397.897228462273,-64.79162292431697,-217.69198712883272,-464.8580964582281,-118.39191595116651,367.1853948791625,-133.03213772263908,499.99597600820204,-425.14835187326264,264.57962323245386,-405.1498839880905,205.25137276514286,472.89670659565735,451.45557913424403,-100.26700818077343,17.77738135401306,357.9098701220094,-40.13824138531132,-79.74090303691185,-126.10666558772657,-296.64896981195096,-209.51084763395502,279.23205832237056,-255.12820744909652,-329.857372408746,-1.5727694514515382,-64.93865469012984,-178.426926207719,-107.6652328283741,-92.48498990155106,-380.27480776528114,30.055636207744765,300.9428820915532,395.43801446361596,43.85233067469881,497.9732233895006,-374.92419263822285,317.876767519214,37.57927217948229,430.4442320618699,-25.409434707248508,-11.888719269075011,-473.6108328644516,-217.37637648274784,-437.2839258709468,357.62962343411,-125.0887628566207,-1.4670308212129992,-483.9938729234494,63.11108255879501,419.96873410596714,72.27155282081972,110.4816001692278,-235.44770876143195,384.4125900486628,296.25870405210867,358.05017062787397,447.9165903667504,-7.061927376214343,209.80337055154172,115.11639134988238,-290.70418196126303,-1.4482595304213584,405.82517636879413,-157.36826983796132,486.72151484065745,174.35881691602452,261.4775586640405,-66.37851544029942,-499.99999998251707,445.1138585426789,-101.2048436174565,68.14349199316376,141.7170271134878,190.28828468888736,49.07755492694598,21.18611274390652,-180.24830277155877,-15.543844415123774,-123.86639053837102,-18.124239906336168,-1.411845008023099,84.35797087363446,499.9816787273606,-194.9612912003278,172.77446639094376,434.1588173020448,273.8213371092278,-137.6708832875047,37.74127279086101,154.56067319907226,446.3357885086822,371.27038161557067,413.3276390911781,497.0546237525202,5.585078553628317,-37.1656043884845,49.73468834686867,-81.88735339386326,-52.459152505567005,103.26329914075016,7.084415337448818,-22.670059650708424,-99.75465603590655,56.24531854289764,44.687187456973994,226.54830896251917,266.3322515552827,108.03546228881034,-80.27138313160344,499.9999999998235,500.0,-56.39213026646305,-80.83176585520128,63.89844107164412,-5.209877768662193,-161.73875226553162,81.06370832052237,-150.7754175104848,-123.60337893268817,74.54377213589898,233.6590625590954,87.64083589056872,14.772935060320755,-5.207265769355926,-255.32647140732928,100.58859717642538,-466.50032515875535,85.53822257356765,33.37325845888575,-197.62728118543404,-498.0352362560193,-493.2192464987894,-109.67227746064418,48.482736851540395,-242.550936372168,6.9850992891703605,34.17279349360213,49.19487790856313,25.316562311947937,-256.88901759650525,-8.1535691593597,41.195262599618005,-289.2183160941179,-136.39796307140483,358.4981431870122,69.62421787778574,92.63736417800527,-22.42114477878354,-207.7985927796986,-227.95320679927272,34.50261326050504,5.008014041544328,75.01568197177683,-37.369263481100774,291.7130711218251,-133.16495689600262,262.8812369998402,20.16635911336597,35.0275204364298,-499.9996706898984,-0.00011008783621946171,-5.514676747191346,-74.9727644348289,111.76118302292377,-32.25762549695512,-141.73628848012345,-112.08926024450781,-5.7236748634387675,150.9964946479281,150.28345137461085,-54.0405387047906,103.69494636612798,-160.3229147287648,-12.26140236495023,-36.830849566382334,-229.14263046427885,-32.24537639721534,-40.50678310797293,14.246529103902903,-224.64919314449037,68.04055946221158,1.7538513412807735,164.40781935311566,27.327848336311085,-255.91100192986494,443.8201348001373,-7.182463982046984,-382.73698411800973,48.93027464438642,-13.54213977530369,-450.5979683801889,94.15586490694507,382.14400521679096,-0.00011008783621946171,-134.4245934804589,-54.743591092017674,261.82470325203985,-371.7996575704091,379.34480131358816,-499.89827406425684,-499.9502680449399,38.44942556517385,154.35164934870073,-362.58154347444406,218.86841156294187,-424.25552726234264,-499.99998211064735,7.582969933303332,-29.392357253061107,81.56571501177565,-498.2977071151256,-144.40692944650533,-67.85365972534481
250,-4.115188494324675e-05,-499.9999999998624,499.99336789582657,-13.53081247317457,423.5047000344482,-6.176389433676346e-05,95.20589364230254,231.29419557291504,22.875115741524738,-83.98164056168525,-6.438105740581266,183.7037848138454,354.8513980230176,-111.80634298040742,315.8065932559998,209.65145723239996,368.968985731759,499.99766025219054,-8.11280061341152,-495.78594126597693,185.56715161229275,499.9999999999997,29.88168667136733,365.4206805842014,-301.3252201139188,-88.62394387717669,274.2042630902634,6.168521563213168,-266.22559767692144,-61.00158841922482,4.010462072202917,-17.3763453692829,-95.34417995323733,-499.95344070577306,138.85423877267857,43.685287298251275,-47.97428223450704,-290.5200797481624,-60.77750834003134,0.8731168270777238,-140.36579677121176,197.3568008592555,-314.5781078144473,-397.3003646530739,-403.7466197222888,-235.01625707594556,5.641007909681907,0.8052553410498273,106.10250076555842,337.7825508527608,203.13070590025401,-239.72463567388027,320.7638965844808,-260.4708390094974,-59.367165854481215,6.938558158012792,239.35944179631994,141.50359126705615,13.181027381040948,488.8421027558334,-475.4576994650422,-238.59354069626903,-82.35965321991367,-358.9729339525037,-224.36062225429887,398.37184783159154,-65.0442427126685,-217.97248643957488,-464.86610923581634,-117.69636187992124,367.82116637501133,-133.02601656517348,499.9959754368966,-424.8395689217072,266.3448912016466,-405.1747692637727,205.0770535828251,472.88093424563544,451.9323733267851,-99.95413354708373,18.2192155352113,357.92936884332573,-37.39164725617588,-78.00069587094795,-125.92341217219067,-296.7332248071474,-209.2765191049338,278.5005330380446,-254.82374198974435,-330.04217750624684,-1.7858705114409945,-65.20905409131187,-178.2676708710131,-107.8647601361287,-92.81883881273782,-381.42274269424036,29.778078302296482,300.75373438118135,395.4570303724009,42.37279780077408,497.9942540592067,-375.16407249517846,317.6138486572475,36.189390245942576,431.06109602897527,-25.85980097862968,-11.920666947407126,-473.7624471646072,-216.85619577880738,-437.27589600438085,361.315458104726,-125.09186526284194,-1.5956959791629513,-485.11994741830205,63.22401949161458,421.41327588663825,73.51727833697399,111.33750617196101,-233.93876572959738,385.6638755669307,296.56445637865653,350.784283629455,448.39092582424547,-6.629671166768611,210.47124496979998,113.72634472005613,-291.03604720144807,-0.3632504244406673,406.9592357468436,-160.25532669822815,486.72083443383195,173.35731090967548,262.1044287729725,-66.30973682104266,-499.9999999825385,445.0858738704213,-101.80880228212007,68.07389227802706,141.06744681448677,190.47053662523572,49.07238389149584,21.28658726710096,-180.38796031914575,-14.875055181399848,-122.28986101156569,-18.026442818579135,-1.3141988353066663,84.35933735923265,499.9820292135828,-192.32750104385028,171.76316143659452,435.1317020661394,273.7469752540313,-137.5536870655735,38.188094739901004,154.92045111277554,446.2983625825079,370.66316867628416,414.2569353593799,497.0665857073617,1.7261592570120197,-36.956664394360736,49.718452996240906,-78.1088179879014,-53.00951590857735,104.16006548246575,12.825172297295188,-22.664553401573368,-96.91720026518767,57.46333087441901,41.7954163067856,227.73303519135732,266.33325424737336,107.42047728063153,-79.8173762997374,499.9999999992246,500.0,-57.37787701904874,-80.57096869174929,63.67673444421182,-5.151917670299883,-161.80837214255803,81.79453650957657,-151.8928254964713,-123.8194527828133,75.60883697958946,233.19480922665858,86.65957287249717,14.470507290901285,-4.160560619987156,-255.43452295683755,100.6342480033753,-466.45776905889113,85.5565434212342,32.91716223320278,-197.74926932969174,-498.0606743870775,-493.2102978009631,-109.95003818819941,47.79249092943731,-243.28737992172498,6.614568484511521,33.85440305643713,48.71115066520908,25.43988845917957,-257.20065651744864,-8.1004751637384,41.428364852664764,-289.0072242558849,-136.31272867875177,360.35713591449064,69.63156700743541,92.38197093955988,-22.515783528480362,-207.9284090105742,-228.39969272353144,33.926165741345834,4.412284643658954,74.08757899420652,-37.65131524044025,291.5481730880038,-132.83494362505505,262.65765441360884,20.364495774096675,34.532708431407826,-499.99967065912125,-0.0001029879276757114,-5.435380029784921,-75.12436632084837,111.7020152752678,-32.67230987762093,-140.9372389434406,-110.01515635735075,-6.2072007704656045,148.4958563497676,146.92010118130506,-53.822743226561784,103.45126711021912,-159.42553410226049,-13.427638766422094,-39.43804014684897,-229.3519117682249,-31.64611274120071,-41.15688636935881,15.060602084025804,-225.92292252811325,67.14364723368718,-0.6805176733330228,163.89289979584936,26.663062782982855,-257.756286675935,444.4867362788291,-7.476588396617303,-382.31614027841954,50.40902660402298,-13.137739877553306,-450.68295197219146,93.44647298306158,382.2279850884051,-0.0001029879276757114,-152.88349476171572,-56.680330008527086,264.4479440079492,-371.51896874163555,381.94918938451696,-499.89947391129556,-499.95027039231616,36.85876379120038,148.64084660043463,-364.4608553218433,212.4439153803548,-424.55246786110393,-499.9999821108152,7.5263731621169505,-28.650419015979935,88.3148538200786,-498.32693163018365,-145.26532146817527,-74.66769875797479
251,-3.849787026410914e-05,-499.9999999998605,499.99336329420606,-11.6687852287785,422.60379654915675,-5.778055492555697e-05,94.79163127861919,229.87858315728138,21.526040581610136,-83.83094940190166,-7.0239580454735995,183.84950156445495,354.60118123906426,-111.71060327379142,315.15362428395144,208.91990746301795,368.89884946856233,499.9976494780544,-8.933928315406506,-495.8209241086949,184.8092775078999,499.9999999999996,28.432531020745294,362.64998361045184,-302.0993848424837,-89.32839288604323,274.46796891697966,7.700769390877677,-266.3817991720513,-57.96873425947668,4.040925078034679,-14.91830957158181,-95.37823921602255,-499.95344053109994,138.5110272812733,42.731355207047066,-47.97591623009091,-290.3896214188387,-62.06553898623831,0.7213502625092165,-140.50401035091042,195.07976936279306,-314.5299588188611,-397.31420951926333,-403.7536450621527,-234.34735424039619,5.466067724543235,0.5578841916259992,105.9622499241646,337.8004937260359,203.86385117283044,-239.69946795944242,321.1317870333889,-260.48680801963883,-59.334055216876536,7.216445297027389,240.4273631100419,142.69306249541046,12.64410205040761,488.8024142849894,-475.44460718510464,-238.33978570407632,-82.61796827733956,-358.473267289796,-224.25909257249222,398.8434536786525,-65.28954444495142,-218.2283332025721,-464.8738028161318,-117.04953625034015,368.42811550356754,-133.02100722591138,499.99597468873446,-424.55284055317685,268.07260718336556,-405.2071731193133,204.9369190881047,472.8677962622204,452.3829757536777,-99.64937166082561,18.662542722519138,357.9483058977503,-34.840864548407346,-76.1288563923985,-125.73210729571818,-296.8136775942648,-209.02863652757543,277.8928043740696,-254.49934648818117,-330.2486353866375,-1.9939625580373734,-65.48805563196989,-178.10347720169528,-108.06506142733703,-93.18184596959837,-382.5095475491605,29.536002006318505,300.6000279616099,395.46210451987054,40.95095441476821,498.0144135081505,-375.37676874895556,317.5020365038084,34.860630520800605,431.61247810897777,-26.257908584176345,-11.938256822306045,-473.90186287814373,-216.3256606285819,-437.2709224506559,364.8533416185885,-125.0982037197054,-1.72392430858808,-486.1422846406868,63.33174263575775,422.78562916534634,74.63255745208492,112.01615690657475,-232.52736561602876,386.8458802653419,296.88394935782367,343.3842500893933,448.8415489156871,-6.040692663212555,211.23863281055344,112.45434379591482,-291.3978056094722,0.7353091695316583,408.02617324184473,-163.06434589738177,486.7205592736528,172.50702944063295,262.70300265560684,-66.25164406156924,-499.99999998255913,445.06115463188075,-102.37412221926401,67.96746753366189,140.4673238685704,190.66490357142868,49.06499023687906,21.374188036477697,-180.47061186487582,-14.278128110468273,-120.85765010135175,-17.837865715602472,-1.2269689606167768,84.41561826623074,499.98233105668186,-189.8783963470383,170.79971504774988,435.97965387974625,273.69784540081884,-137.47598685702033,38.58930371671847,155.26973213202558,446.2846995257829,370.08404034253294,415.14392953333174,497.07564721991383,-2.5147971570281795,-36.687368950643986,49.6286027112745,-74.11982715565534,-53.513010880737006,105.05748813683607,18.58688954859334,-22.58831001355721,-94.05354328804503,58.69692557322282,39.043577519492956,228.83922601934182,266.3576599095168,106.74047956978696,-79.35275394679513,499.99999999708615,500.0,-58.28722829835879,-80.28463302034989,63.527937040866234,-5.053298694404712,-161.85375633547952,82.50679167835946,-153.05371098119463,-123.91276339853299,76.6600377499553,232.85562844436296,85.74230184664215,14.22869716287967,-3.0556583666975974,-255.53120090735771,100.71195287460854,-466.4278885225011,85.63328882273633,32.530097500126395,-197.84226319763647,-498.08578955572517,-493.2031923946801,-110.20883033135064,47.085224865262184,-243.97474472714006,6.2782396573646215,33.59210604052015,48.29931253975593,25.565918694400526,-257.4634509694496,-8.047812812310468,41.71783530462272,-288.80427443267405,-136.16743551669109,362.14077942478207,69.64808322974226,92.17801300427337,-22.558479211871365,-208.03460499212017,-228.79098933448657,33.3766632608703,3.8750518771788265,73.25042715100543,-37.9085804331146,291.31432284771375,-132.37899477165573,262.37040222754183,20.576710202577267,34.06993556260759,-499.9996703209927,-9.634592424845205e-05,-5.3760305423589445,-75.21101897375411,111.69717287289512,-33.00696897773112,-139.9920419583927,-107.55254390083537,-6.63220591079725,146.06630134182404,143.64509294182142,-53.55674641063213,103.23872535209507,-158.18128879576406,-14.500774291925225,-42.001529391526795,-229.47331412139104,-30.953137062477367,-41.778162139045094,15.894254148784867,-227.1032797790551,66.33497321367082,-3.0394287987888906,163.37705899945922,26.028256919235393,-259.5243090317019,445.21664588806334,-7.690832206084955,-381.91997595251763,51.996654248758055,-12.758725151762508,-450.7598261719744,92.80531294826555,382.3096393351736,-9.634592424845205e-05,-170.69967502476243,-58.53788420219216,266.98154481180654,-371.2336816695445,384.43601663871107,-499.9008656638445,-499.95027264753423,35.326273692963966,143.1782076497878,-366.3422257229544,206.2402694451599,-424.8280379013159,-499.9999821109764,7.543401358472266,-27.79830188699448,95.11986806978784,-498.3553756447994,-146.08432428496295,-81.31895908542572
252,-3.6015029763802825e-05,-499.9999999998581,499.9933613454497,-9.434067594173026,421.6845874351319,-5.4054111387813254e-05,94.18766767430763,228.5131408119701,20.106484739434038,-83.64356326729951,-7.613533740089391,184.04405801826377,354.36172449626395,-111.6445586299297,314.3005362097623,208.29198515311904,368.9045840612572,499.9976398252657,-9.682964704331102,-495.84982445673353,184.1320416435384,499.9999999999994,27.031074639284522,359.62895808638893,-302.79702459465904,-90.01501192958398,274.723448637914,9.191694209758266,-266.6495648818113,-55.00261306525235,4.070435402716695,-12.532834796447906,-95.39236844029678,-499.9534403599786,138.17487347577074,41.79402437287815,-47.94111155364427,-290.2596528033034,-63.45204475639923,0.5654802983878915,-140.63789822776948,192.5111357612008,-314.47785628681754,-397.3144440179897,-403.75325496095627,-233.65513765923484,5.291594881416131,0.32389199990610507,105.77884898348415,337.82383800100104,204.6294719064958,-239.66548309794345,321.4927090475807,-260.5023632872213,-59.33723374995212,7.506307743811033,241.45646856133902,143.79002555919124,12.087922115882192,488.763997674669,-475.43279426179674,-238.06588979956217,-82.98988934563862,-357.90826602678663,-224.15978716868773,399.3131457269309,-65.52839205996243,-218.45703110542968,-464.88118904059434,-116.45990639677531,369.00690556762737,-133.01728010433084,499.9959738775752,-424.2875007825572,269.76306855345643,-405.2464196484099,204.83449102916825,472.8574774899257,452.807902234762,-99.35494097572068,19.109954320976023,357.96670035385216,-32.48119362031614,-74.12913456442952,-125.53107510522824,-296.8911111718901,-208.76755236184252,277.41274393486856,-254.155701695599,-330.474723006577,-2.195639054187229,-65.77383196703468,-177.9336267083145,-108.2720723383109,-93.58720260425248,-383.5370725450996,29.33023523627708,300.4829587207712,395.44965715472256,39.58521681355572,498.0337404940645,-375.5643907246084,317.548983279135,33.58993052481888,432.0975043323189,-26.603358955217143,-11.942244513859762,-474.02955495882134,-215.7846534654034,-437.2688240698412,368.24221617950246,-125.10933215367805,-1.8534382174777944,-487.0700814112774,63.433655445031256,424.0886044707478,75.62435185162374,112.52088090671705,-231.20972362314825,387.9621042477104,297.2165007517046,335.87938122634745,449.26959768816266,-5.285062615836169,212.08097496450213,111.30382144491615,-291.78755312384146,1.847597169809009,409.02513263112945,-165.80072965832153,486.72074447650425,171.81043060950668,263.27267378154454,-66.20591315409801,-499.99999998257886,445.04008182344023,-102.90190563339047,67.81625852526125,139.91693307613514,190.86878571224855,49.057038169334234,21.45199955869132,-180.4850716592477,-13.74148800395224,-119.55604906765103,-17.55001080333379,-1.1474284148120304,84.51712565955492,499.98258672287034,-187.60550200791624,169.88503704089487,436.7143285161361,273.6774281302344,-137.43452326307616,38.95085199259706,155.60316038155955,446.296105716806,369.53566554856104,415.99458897685554,497.08204330021846,-6.8429987268006425,-36.350191424679075,49.44166882528083,-69.89811595937641,-53.96802819335648,105.96119781512284,24.361626531299077,-22.436186404273034,-91.16256265021212,59.951433721837546,36.431557002002684,229.89180432866155,266.40896653693466,106.06008213417493,-78.88022724366603,499.99999999047054,500.0,-59.11883041404162,-79.9701425375184,63.45745821291765,-4.930829068364065,-161.87633936995044,83.21450298066726,-154.266608129403,-123.88623801890243,77.70549436271769,232.63721503899768,84.86556158435134,14.050999856585385,-1.885429643080134,-255.61961205864165,100.82502131985241,-466.4094620465555,85.77147770729917,32.20962245439951,-197.91024105811985,-498.1105390956801,-493.19797354471694,-110.4611791555299,46.353434146941275,-244.61843007551408,5.977058880316094,33.388926677775956,47.959839388915704,25.696907173117665,-257.68401546182537,-8.00067581220706,42.061492102515665,-288.6143984813872,-135.9699923906022,363.8552393599065,69.67775244144762,92.02537687358964,-22.550855025080935,-208.11946863585874,-229.13300779582582,32.853316143133654,3.3951869774599905,72.50235724442757,-38.14279609249108,291.0300338118895,-131.80651442723504,262.0385371001213,20.807786878513436,33.63601319492788,-499.9996696293947,-9.013227827381245e-05,-5.3296365377707975,-75.23623332321942,111.74329543655394,-33.267950670662756,-138.91737863438524,-104.73234652520678,-7.003490262385092,143.71282614275802,140.46457177534504,-53.25046300441605,103.05603191094737,-156.61947881451326,-15.48766578873256,-44.52495268140515,-229.51934924263745,-30.179599545088983,-42.37572223163231,16.735416226462753,-228.20333533461593,65.6046118978606,-5.33724532126297,162.8423630087997,25.423467357250548,-261.2197945163369,445.9847438325495,-7.830536626434525,-381.55096458122495,53.674363386200596,-12.401228630898887,-450.8290992958815,92.22697032085858,382.39131698113573,-9.013227827381245e-05,-187.8441927669173,-60.32451358498745,269.42898986469424,-370.9433135294731,386.8109025752723,-499.90245194148326,-499.95027481421647,33.84352716631564,137.95410640381317,-368.2212944498282,200.26141433787404,-425.0815191309458,-499.9999821111313,7.60742904817975,-26.91366005387858,101.93795954107237,-498.38301531963776,-146.86300615096778,-87.82310554515087
253,-3.369230762473303e-05,-499.9999999998551,499.99336222001443,-6.804015725677589,420.74531908027,-5.056799636804481e-05,93.2829442119961,227.16899706999664,18.57966200278897,-83.43012382733554,-8.204781749782605,184.2820399818406,354.1340471241007,-111.62065489931828,313.1875760906545,207.7509894198377,368.98676491193766,499.99763134993947,-10.388502721407843,-495.8726494570294,183.5281275688955,499.9999999999991,25.67150112336254,356.34181687803783,-303.41979951245946,-90.67788092453011,274.96839721461754,10.628753043839687,-267.0651908303399,-52.11443955693204,4.099367125593753,-10.233176883061063,-95.3887733369231,-499.95344019237757,137.84740692767863,40.8721217032731,-47.875260746962134,-290.129705878099,-64.95609234893134,0.4081102279546088,-140.76305696579004,189.65974197209616,-314.42253505706833,-397.3007201469011,-403.74541261236186,-232.94119482662663,5.122746203550149,0.10079593046675628,105.54454786381851,337.8535368288345,205.42604759387052,-239.62080946531918,321.84834430472307,-260.5205198000018,-59.386647797137485,7.804312382849717,242.4472034298586,144.79969926273094,11.50277123938079,488.7269441095989,-475.4221798304046,-237.76833598426165,-83.50353392927421,-357.2753604127164,-224.0607658832528,399.78117276974143,-65.76254430851455,-218.65563435977728,-464.8882790717521,-115.9393266683371,369.55806133790895,-133.01580893410474,499.99597309365026,-424.04325166822036,271.4141183690555,-405.2921029755764,204.76891696828457,472.84994206142846,453.2073508882174,-99.07556147412379,19.559024277730465,357.9845715634258,-30.310016595009145,-72.01196993510567,-125.32269627105472,-296.967020402514,-208.49373893296564,277.0586136806769,-253.79403967887637,-330.7195119149454,-2.3921091785362223,-66.06441570717688,-177.76108892312325,-108.49554283734109,-94.05117112319307,-384.5086124005921,29.155954926578413,300.40155407419155,395.41565377357676,38.27069185012084,498.0522653326948,-375.7311863090636,317.7555070137854,32.37145924919284,432.5142824696955,-26.902367990083842,-11.936510510613369,-474.14643992916325,-215.23593221254984,-437.26949898360783,371.4810869270567,-125.1296118001799,-1.9880594618648488,-487.9120850075844,63.52648219357915,425.3243047568736,76.50085375552261,112.8561620552056,-229.98256663572667,389.0147998221594,297.5613821075459,328.2989462520725,449.6759072462412,-4.360252646301887,212.96858517029975,110.27068602595693,-292.2042564829211,2.9697636926901296,409.9544363301873,-168.47334765503834,486.72135304200566,171.26133286553886,263.8119896202501,-66.17492183894207,-499.99999998259784,445.0228706118886,-103.39741204877909,67.61161320129264,139.4077264327126,191.07540246923196,49.043818515952054,21.522041290326722,-180.4255245017213,-13.262650711200317,-118.37961691932358,-17.161725978417365,-1.0739904461265508,84.6476198472512,499.9827973435074,-185.50395975344912,169.01278703491948,437.34354705125037,273.68240870366026,-137.42974725905222,39.27498807204044,155.91010530440658,446.33259972564446,369.01788435326137,416.8091462100703,497.0858593877349,-11.068509920883296,-35.94613688400035,49.126221843955236,-65.47721094482047,-54.3814393330851,106.86692448872472,30.120799090988292,-22.20895676729131,-88.25870384311732,61.21847285536131,33.94268641054407,230.89849368136422,266.4843203669507,105.4165296507835,-78.40506682896532,499.99999997243685,500.0,-59.87780136457155,-79.63065070108132,63.461123979964356,-4.801665216693018,-161.87836516812953,83.91872265992593,-155.5393715405631,-123.74897773925929,78.74294454321118,232.52606591002467,84.00994714024807,13.932606837728786,-0.6596142598996559,-255.70279271770508,100.96750373901489,-466.4018251293588,85.96533739262915,31.94660105505466,-197.95698186536205,-498.13493799724176,-493.1945888523747,-110.71628734683424,45.578397037566006,-245.2226483750483,5.703603392518506,33.23933639977299,47.684854642020746,25.825966293115542,-257.8697442924869,-7.963366038411277,42.44935785212201,-288.4409203752345,-135.73024619026876,365.5012443107245,69.71364208808603,91.91692653181629,-22.50090963339621,-208.18566883398327,-229.4327880122305,32.34928795357609,2.964857398284786,71.8322035242587,-38.36286793892382,290.7044843087456,-131.13236762097074,261.6706208966665,21.059423898102303,33.22169271790831,-499.9996685294412,-8.431936294073159e-05,-5.296918329365508,-75.20862305470504,111.83092851292521,-33.46975309867337,-137.73177920400397,-101.5998082518609,-7.335063488573289,141.4331315385303,137.3763472821348,-52.920167981158,102.89431527546073,-154.77837578919792,-16.39993169538616,-47.019539299912445,-229.50188876570405,-29.34567686425995,-42.957360435540956,17.56728382852211,-229.23399379167745,64.93762922000651,-7.592073314836987,162.27052121313702,24.836230239534586,-262.847619785538,446.76439139554134,-7.911556716498378,-381.21040633461047,55.41418985531956,-12.064044813344985,-450.89173857002635,91.70158177342826,382.47377860281915,-8.431936294073159e-05,-204.30752252890494,-62.050988283870254,271.788955803981,-370.6479939864724,389.0761334589459,-499.90422809648874,-499.95027689584276,32.400198125635036,132.95278703440772,-370.09725473431394,194.4862903841925,-425.3132982930622,-499.9999821112802,7.683749495905416,-26.06645092310098,108.73222827307002,-498.4098756942473,-147.6045333045453,-94.20976292604706
254,-3.151939017698165e-05,-499.9999999998514,499.99336596705257,-3.76847008593512,419.7827459470705,-4.7306708438554636e-05,91.93340444511391,225.80641192891855,16.8931670605279,-83.20330113324648,-8.797112791060558,184.55581298924082,353.91740533627564,-111.65206892056253,311.73780329119194,207.27222542783656,369.14300400993955,499.99762411293347,-11.091331472749173,-495.8895564993007,182.98352579743593,499.9999999999988,24.34704581205107,352.7708590066253,-303.9717067753234,-91.31321612614191,275.1992736451061,12.003692954515802,-267.67341837045336,-49.31599576326607,4.126681960315568,-8.033500640372228,-95.37077057369955,-499.95344002826357,137.53148979830837,39.96069225913607,-47.77904892451992,-289.9998733443056,-66.60204590591499,0.2503159606144835,-140.87271503893373,186.54099847801533,-314.36461177468294,-397.2733011194191,-403.7307686263259,-232.2049208747178,4.962728428553209,-0.10899980364863732,105.25265935830964,337.88979772800917,206.25366028698116,-239.56260237612835,322.19884051915557,-260.5439207559432,-59.49326722691583,8.112773440146006,243.39959613943918,145.72636552902392,10.880211946634468,488.69128007909876,-475.41268261930145,-237.4414340342314,-84.1880203405434,-356.5720147149918,-223.96032424210617,400.24675317074974,-65.99288590494257,-218.81947486171345,-464.8950833473535,-115.49836146962849,370.0816343921904,-133.01791606346887,499.9959723887168,-423.81992898564704,273.0215945555041,-405.3439986552586,204.73757937035106,472.8449735974158,453.5812443372855,-98.81549142547831,20.005565595854986,358.00193939936923,-28.324937734400105,-69.78742125627606,-125.10992775346888,-297.04265930894803,-208.2074043226875,276.8246670103011,-253.4155035060485,-330.98217649467466,-2.584736115161645,-66.35787201456154,-177.58914413625914,-108.74400727513466,-94.58828974197073,-385.42731687335004,29.011274619170837,300.3535970482495,395.3557655309166,37.00538524447863,498.0700016285261,-375.88281530482584,318.11731306654235,31.20360154213403,432.8604041054946,-27.158577637318725,-11.925292073640716,-474.2529773508934,-214.68222513252647,-437.2728686680315,374.56888763064285,-125.16329904939569,-2.1302317488031624,-488.67661158345396,63.60847950475801,426.49425438455324,77.27165655176701,113.02971352436873,-228.8367719295469,390.00584711284347,297.9183915239842,320.67062538840673,450.06102380954394,-3.2697166310291728,213.87664652972336,109.34835202747384,-292.6464631648856,4.09725895121576,410.8121569432248,-171.09279067755926,486.72227020358656,170.85029710510244,264.31904160240043,-66.1607651547708,-499.9999999826161,445.0094740897675,-103.86474769896626,67.34601726819781,138.93387270907556,191.27887073465084,49.0222121857836,21.58574065126992,-180.2814939760872,-12.834730407373936,-117.31756288898265,-16.664934251123356,-1.0055462694113788,84.79198158811674,499.9829630469066,-183.5658201504571,168.17919599443394,437.8755147099209,273.7117272590984,-137.45974457557944,39.56491721500881,156.1798667843226,446.39333324748463,368.52903048564247,417.5852250064177,497.0870584088053,-15.076657160501059,-35.47001900946479,48.652379188582145,-60.92735818392725,-54.7568937748213,107.77600796698943,35.82279988227896,-21.900481900279846,-85.35809357880171,62.493048356870666,31.5708474800012,231.86848384481692,266.58344702427524,104.8365325480565,-77.93050560140814,499.9999999284296,500.0,-60.560165472768226,-79.2693709710304,63.536700527924694,-4.677613740274965,-161.85972322941942,84.62360926373779,-156.87675316515615,-123.50387700670406,79.77624214801203,232.5109763676596,83.16382371567416,13.871838345165443,0.6127305522244695,-255.7830726504299,101.1389716579133,-466.4038637406019,86.21192775331357,31.738748088090517,-197.98558203990441,-498.1589915927587,-493.19295766682365,-110.97856491522063,44.749123909216415,-245.7930979150511,5.456681168440795,33.14050917322797,47.47008151131773,25.95168535542135,-258.02772582624004,-7.9387844446704365,42.87829705954656,-288.2852089774382,-135.45653895445633,367.0796221521066,69.75477049651876,91.84888337667593,-22.41113962252138,-208.23575362136427,-229.69641984083054,31.863057290378368,2.580944856660832,71.23158675057823,-38.57116178013521,290.3472586341144,-130.37298134788446,261.27523728375024,21.330388171827295,32.82430037910057,-499.99966695690347,-7.888134859967912e-05,-5.280696471823961,-75.13145932805148,111.95472425539154,-33.619704739307124,-136.45404292263268,-98.20597944834914,-7.633438588347327,139.22811529853706,134.3807860933419,-52.57310266767062,102.75129165595868,-152.70065668420943,-17.240430065401437,-49.48772693652073,-229.43141617036306,-28.470791571905654,-43.528839898332215,18.38325559355374,-230.2042512678017,64.32060072719685,-9.81053050894834,161.6575915608406,24.261324493585867,-264.4120938431272,447.53497807002736,-7.943137931261353,-380.89712324609314,57.18907922286302,-11.74623154314932,-450.9489778380288,91.21859769400965,382.55737379242305,-7.888134859967912e-05,-220.06661570831815,-63.72160675917016,274.06261441253474,-370.3485751279115,391.2362418526568,-499.9061751416905,-499.95027889575584,30.994360566856873,128.15847284578854,-371.9640826376846,188.90849812167198,-425.5234008072331,-499.9999821114232,7.748519976737383,-25.298434968028253,115.47196513420755,-498.4359035367907,-148.31002402308792,-100.49638150364557
255,-2.9486611310858246e-05,-499.9999999998468,499.99337254052807,-0.32627941114218484,418.79260904140705,-4.425575389177527e-05,89.97982161385035,224.38026963163992,14.983229457514723,-82.97421711200226,-9.38926515667968,184.85860505777273,353.7099795248315,-111.74934085902645,309.86390732976304,206.8267251568702,369.3701960210713,499.9976181814662,-11.839503510483214,-495.90081977611254,182.47924276940878,499.99999999999824,23.052606077136907,348.8977224211989,-304.4573693989176,-91.91812724107244,275.4136186477159,13.313106411568025,-268.5225556276866,-46.61819652014838,4.151723746264359,-5.9473559350028244,-95.34167281079505,-499.953439867601,137.2337285482072,39.05193511153982,-47.649366137790814,-289.8702061005428,-68.41636297717977,0.09328790276805626,-140.9561240100296,183.1775492242671,-314.30417317409285,-397.23272492951725,-403.7091873517213,-231.4426909554486,4.814298681789624,-0.3030229335762894,104.89862369688248,337.9326717740291,207.11412862988112,-239.4863896793124,322.5435319234169,-260.57408593014446,-59.667694453248245,8.434595505162877,244.3139435995796,146.5739166223577,10.2139566653098,488.65702206654186,-475.40418749039793,-237.07608919252624,-85.07066663839682,-355.79389079746124,-223.85642602466316,400.70859242974007,-66.21907388415782,-218.94065238575504,-464.90161158125915,-115.14637024889733,370.57743312828416,-133.0245721382992,499.99597179415343,-423.61733376858496,274.58087490067606,-405.40183252132744,204.73779909358615,472.84231545037204,453.9294755329716,-98.57893958152064,20.44542163641567,358.01882439988304,-26.523391230906743,-67.46365578641232,-124.89478870392091,-297.11862568252656,-207.90847838020008,276.70354570261856,-253.02108511336186,-331.261660475031,-2.7741139229650336,-66.6514483378667,-177.42009391394717,-109.02549645391787,-95.20869907233659,-386.29599266165326,28.895946991207822,300.33719674042754,395.26562624032545,35.78856105975002,498.08695316146617,-376.02498324611753,318.62786541001634,30.08609214689191,433.1333362749375,-27.374336279494052,-11.912451272588427,-474.34922899777,-214.1278221993397,-437.2788416104876,377.50497826089315,-125.2133584177309,-2.281442760159115,-489.3713186045391,63.67865590860619,427.5997554588727,77.9469635963102,113.05310372711035,-227.76355967170252,390.93694568433125,298.2880566420388,313.01983813190054,450.4253677508637,-2.019596834225514,214.7809217391934,108.53084038001455,-293.11249961263115,5.226074968590692,411.59659845179186,-173.66795580738315,486.7233633452703,170.5682381762319,264.79196490970276,-66.16505647545752,-499.99999998263354,444.9996512929437,-104.30695310894257,67.01420222084172,138.49207136494604,191.4742812199588,48.99065401437932,21.644747668459676,-180.0410856068805,-12.448897190556243,-116.35762872703779,-16.047762139797193,-0.9406931068855632,84.935660785201,499.9830833137031,-181.78293304394165,167.38240289756675,438.31827592108715,273.76633027976754,-137.52205767488476,39.82394456296245,156.40184101357607,446.47709151151366,368.0668067917584,418.3176824672532,497.0855198993073,-18.800882146819067,-34.915673006827895,47.993193229810686,-56.3301967194226,-55.09512640890995,108.68975684689174,41.40947422611719,-21.50252735242985,-82.48814670174798,63.765229796482636,29.31388822724001,232.80992408563483,266.70787254097235,104.33738656535157,-77.4617302970664,499.99999983090703,500.0,-61.16097812144733,-78.88838371703991,63.685361336454804,-4.567735545015176,-161.82111636880413,85.33283759467908,-158.2810997045401,-123.15255031373373,80.80953208589499,232.58399887419543,82.32160979343234,13.869383037257284,1.9254849087955843,-255.8626296841623,101.33937387101243,-466.4139609702546,86.51072023363507,31.5839591659603,-197.99923205584733,-498.1826503084884,-493.19290732617003,-111.24812999985006,43.858872666272255,-246.33853977328081,5.235161138972295,33.09199073117185,47.31288939102693,26.0739046954615,-258.1649310223966,-7.927222154025337,43.34532892044773,-288.14622214227455,-135.15423346856258,368.59371091964977,69.8025716076956,91.81913398201922,-22.283777200018086,-208.27201841296517,-229.92997223244174,31.393554045817353,2.241993171459051,70.69334876792925,-38.77025865532422,289.97221530096556,-129.54456282568492,260.8649340178602,21.61898752646037,32.440260082009324,-499.99966483690764,-7.379404996754549e-05,-5.2790875994266795,-75.00718617543336,112.11247013085108,-33.72468483490834,-135.10132626335817,-94.60288751851621,-7.905407645708429,137.10209136690096,131.48000280884034,-52.213557799135764,102.62537501834998,-150.42792308734641,-18.010522804337448,-51.93010687647126,-229.31756959895765,-27.575167660343965,-44.09364914365597,19.18213283404873,-231.12087370605977,63.741031323655506,-11.997476353205746,161.0062175491354,23.69927063191099,-265.9168781209952,448.2828965994187,-7.932930112335422,-380.60814137618877,58.969375971262515,-11.446962294829778,-451.0019384657435,90.76856372278561,382.64235014887305,-7.379404996754549e-05,-235.09651279370877,-65.33885073671532,276.25343880284976,-370.0460096249883,393.2970879476543,-499.9082659435959,-499.9502808171667,29.62795210941969,123.55648633042787,-373.8106229277857,183.52937851802153,-425.71049008016024,-499.9999821115606,7.792460005996164,-24.627192126692144,122.13309387034056,-498.46095961513964,-148.98037654475772,-106.68334422312782
256,-2.75849306490272e-05,-499.9999999998411,499.9933818343713,3.5170118092032414,417.7708395007603,-4.1401566704735065e-05,87.29066808600456,222.84805412120534,12.787624291704136,-82.75272308012796,-9.977961317456364,185.18270586421488,353.50931517841565,-111.9209084537015,307.48865133938875,206.3848005175166,369.66521529473044,499.9976136318555,-12.679494704619989,-495.9068019204316,181.9940838145358,499.99999999999756,21.78585430471021,344.70763337067393,-304.8821430976741,-92.49073231782454,275.6086506657565,14.559060264435727,-269.6522980136827,-44.03034375353498,4.174584011049029,-3.985821473496199,-95.30470158509684,-499.95343971035226,136.9687217259589,38.13685283031064,-47.4831993682601,-289.74075160639137,-70.41998867156853,-0.061298681168710026,-140.99690611731017,179.59905919587115,-314.24080051210916,-397.1796776561645,-403.68009022004117,-230.6472781520099,4.679659890175661,-0.48015539800672413,104.48085421302343,337.98190342623116,208.0107949812661,-239.385300908413,322.881241341583,-260.6114938383948,-59.9195347759437,8.771146089462379,245.19043899423647,147.3458092619189,9.50084770366877,488.62417688419254,-475.3966075070929,-236.65817332358344,-86.17464416850703,-354.9344342458792,-223.74706623160014,401.16525283884874,-66.43888101323142,-219.0064815675364,-464.9078727928128,-114.89124452378879,371.04521975143274,-133.03645581591883,499.99597133162575,-423.43523291084864,276.08769269515074,-405.46530215798725,204.76659276631494,472.84174352371156,454.2519771791475,-98.3693475118301,20.874232151695985,358.03524778879944,-24.902360575232763,-65.04782093273285,-124.67899504323033,-297.1947250714645,-207.59670904933898,276.6867407765404,-252.61136279236334,-331.55689244417624,-2.960971087708398,-66.94215252854187,-177.25569818924825,-109.34554544798273,-95.91644574578298,-387.11789812441583,28.809456935619497,300.35131631600524,395.14116242746724,34.61883637148632,498.1031208679699,-376.1626690787786,319.2790857300886,29.017963808018028,433.3307714916388,-27.551964907521736,-11.901079236051137,-474.4354281321864,-213.57450774776245,-437.28732179013207,380.29009054444305,-125.28178688941367,-2.442320776543663,-490.00316885529253,63.736472442090616,428.6420938399822,78.5346401641234,112.94150698416003,-226.7558645994219,391.8094798465015,298.67154408522794,305.37019242318763,450.7692564134577,-0.6174755227118033,215.6629518046286,107.81182783522799,-293.6006728990223,6.352321861669016,412.3066592200366,-176.20472180722308,486.72450768334363,170.4053465012291,265.2291401942399,-66.18887081332647,-499.9999999826503,444.9931039282232,-104.72660483287436,66.61386390396876,138.07891493505923,191.65753901791282,48.947957369206726,21.700836986718492,-179.69298516311352,-12.098121986242303,-115.48984174772778,-15.298330204394123,-0.8779065050601482,85.06723145473643,499.9831573019687,-180.14864992303535,166.61987842392105,438.6785265206103,273.8464989075548,-137.61507674581804,40.05457641991232,156.56719518171425,446.5823761373101,367.62843208520536,419.0020942984673,497.08107646793235,-22.204607530225392,-34.27665703599975,47.13338277543033,-51.73747093573957,-55.39724913419133,109.60896537956353,46.85821647125477,-21.00756392112168,-79.66091837535355,65.03014509962112,27.165069427832588,233.7255940775166,266.8584194624214,103.92767951429458,-77.0018815808397,499.99999963214526,500.0,-61.6773350047833,-78.4897338700069,63.90825099612817,-4.473334611293149,-161.76131506903786,86.04608936117222,-159.75097505041794,-122.69802115499283,81.84362930906417,232.73721837004732,81.48430142134845,13.925353795061909,3.2707700365015024,-255.9415198242574,101.56602689051279,-466.43050536643017,86.86064096300338,31.477935266439257,-197.99922180811657,-498.205843493758,-493.19420219556355,-111.5213640967906,42.90135999285216,-246.85584413360823,5.035379106235274,33.092857218615954,47.20957349508923,26.19018335722463,-258.2866680952183,-7.926443549311214,43.844755619293096,-288.0209321817993,-134.8274545607106,370.0464810701659,69.85645903898941,91.82497083764193,-22.122700550319998,-208.29639833053096,-230.13908187799007,30.93810294951247,1.9458790903199077,70.20935120284986,-38.9654502392052,289.59178759213603,-128.6622425433081,260.4505128003632,21.923680536169265,32.06340374609373,-499.9996620819854,-6.903485336806582e-05,-5.28901200932798,-74.83878718133514,112.30201252015812,-33.79402652864584,-133.6890758664477,-90.83938817007432,-8.161424987423079,135.0589402586952,128.6746258813172,-51.84758706061975,102.5127283710598,-147.99910465485382,-18.71299628541318,-54.3501810855731,-229.16898396254342,-26.6743976552991,-44.65357639281593,19.963315337410744,-231.9893854395988,63.18844508189461,-14.159561295315894,160.31961231240786,23.149045440118286,-267.3651716514678,448.9982364403402,-7.890447606157929,-380.3400270148691,60.734262733842314,-11.165693819733798,-451.0516402182815,90.34284988229483,382.7287479476631,-6.903485336806582e-05,-249.38405360013903,-66.90603203391868,278.36443524524753,-369.74115436619496,395.2637109077214,-499.91047115001186,-499.95028266315995,28.303003733759688,119.1326427597652,-375.6251816755312,178.34629546806065,-425.87251630227667,-499.9999821116926,7.81210378416238,-24.058498087474952,128.69668911243727,-498.4848855610207,-149.6173857812504,-112.76633659249634
257,-2.580589352874083e-05,-499.99999999983413,499.9933936955098,7.749517207998479,416.71588226967685,-3.873145396937609e-05,83.82642499520313,221.1825851835002,10.26856320435694,-82.54535157821572,-10.557221590461372,185.5206281944545,353.3127115106462,-112.17085684489992,304.57652598522134,205.922378199206,370.0249460599505,499.99761055336484,-13.641533453015123,-495.90793699359614,181.50903258318368,499.9999999999966,20.547708902755677,340.19675970445144,-305.2519444229654,-93.02964581602265,275.7822438568387,15.749383951627737,-271.07611117000783,-41.55863552854925,4.196318824002467,-2.155789767724655,-95.26245791267651,-499.95343955647814,136.76519475493495,37.20775278039418,-47.2766073403237,-289.61150058837694,-72.61607770117558,-0.2110038429756037,-140.97114228781587,175.84146386136777,-314.17327460023915,-397.1150094286734,-403.64282148235685,-229.80736047312587,4.560550634002384,-0.6381170449417548,104.00106636504007,338.0369824383133,208.94841090484283,-239.2491556970722,323.2104677903499,-260.65512193282194,-60.2562749080136,9.124788970580227,246.02907064413327,148.0452641679742,8.742315751593727,488.5927456689994,-475.38987859208635,-236.16665039313085,-87.51625029081168,-353.98461768562635,-223.63011426895883,401.61522488286914,-66.64672662773832,-218.99766341775629,-464.91387533504076,-114.73807778749871,371.4847549974696,-133.05390369261778,499.9959710153551,-423.27331411414167,277.53841295496795,-405.53410572989236,204.8206063638561,472.8431136125567,454.54878596276257,-98.18889999994806,21.28751276546903,358.05123146373165,-23.45793796358838,-62.54536839666867,-124.46344069689584,-297.2696523313624,-207.2716951687851,276.7646352174795,-252.18657297251661,-331.86674185348284,-3.146484708889912,-67.2275780885068,-177.0966449395173,-109.70701144323739,-96.70857704913422,-387.8960197906884,28.752216361352204,300.396000871162,394.97894842645894,33.49494880241338,498.11850504521703,-376.29965369447655,320.0611935912498,27.99864046754542,433.4510442672742,-27.692868640774346,-11.89298843245558,-474.5117147406061,-213.02456844238156,-437.29820465264964,382.92682455125106,-125.36900473542458,-2.611556020616366,-490.57849953019706,63.78304094110207,429.62271663304614,79.04201147205053,112.71361661541573,-225.80634061392567,392.6247251749725,299.07062189141294,297.74347713696153,451.0929478593042,0.9276389642182434,216.5074486977921,107.18444655065979,-294.1090733711279,7.472961520470576,412.9421301397792,-178.7058672348847,486.72560372023895,170.35047061842693,265.62936709735874,-66.23240679821137,-499.9999999826664,444.9895644693932,-105.12512067083053,66.14626928263982,137.692675661445,191.82630661764009,48.89410438033752,21.755460541587496,-179.22458910395167,-11.775647045947197,-114.70508107000502,-14.40287243233506,-0.8159607414529821,85.17827468918168,499.9831841964169,-178.65667867258267,165.89065414105445,438.9620180180832,273.95314406903293,-137.73693366502968,40.258782154718254,156.6704820978552,446.70738527875375,367.21079982715753,419.6349196486558,497.07356198408263,-25.265402119630366,-33.544095488703235,46.06857902049031,-47.1968534816437,-55.66340770235871,110.53618219605673,52.12887436668365,-20.406470964066063,-76.89335684432533,66.28330343513032,25.119023674957436,234.61652028406547,267.0364929859437,103.61280072209148,-76.55298251679274,499.9999992554366,500.0,-62.103687307314814,-78.07462428524121,64.20725165533368,-4.3930198737340715,-161.67756906336317,86.76290835992471,-161.28183159863855,-122.14252401702676,82.87989616632453,232.96387322013044,80.65665143079366,14.040777393071544,4.639832868536669,-256.0233381604784,101.81688007102562,-466.4519888368673,87.26145201260985,31.41725330701589,-197.98970431345413,-498.22850426197607,-493.1965968861959,-111.7928887919933,41.8737081646728,-247.3619090754727,4.854553533899628,33.14312028179923,47.15734246678046,26.298675346988833,-258.40048128168473,-7.932584034797638,44.37153645312287,-287.90524924001085,-134.47994409536014,371.4397714763027,69.91691503828991,91.86458081313833,-21.930891258482085,-208.31078104271097,-230.32913141170437,30.494637312986082,1.6915613632382946,69.77267377951547,-39.161372597456136,289.2152152999117,-127.74013130377473,260.0395040961903,22.243019566800065,31.68842873093658,-499.9996585907961,-6.458259304054046e-05,-5.308446162308387,-74.62840208698164,112.52230469660655,-33.835973186707704,-132.23108143234947,-86.96122904871528,-8.411801956687688,133.1026239906237,125.96520371675108,-51.48003404395131,102.41044426018485,-145.4498762241633,-19.34897265852078,-56.7513453159715,-228.99309349085073,-25.782493716485195,-45.208069070348685,20.7282504661842,-232.81491137400184,62.6547783838982,-16.30132102647758,159.60360607334408,22.609864164955173,-268.75997102673375,449.67411020616004,-7.823797941622799,-380.0890647849547,62.46338832441808,-10.901971581113543,-451.09896448528866,89.9345465561171,382.8164348589365,-6.458259304054046e-05,-262.9256915384025,-68.42617216073718,280.3980284640238,-369.4347253057882,397.1406326080699,-499.9127616742836,-499.95028443669867,27.02182265622769,114.8748043483648,-377.3968049734879,173.35583146411997,-426.00716881297376,-499.99998211181946,7.807314697485103,-23.590336538264275,135.14759360735334,-498.50752992796674,-150.2226204384498,-118.73993224626193
258,-2.414159098407252e-05,-499.99999999982555,499.9934079280455,12.35219559943399,415.63210603987824,-3.623354496085078e-05,79.69774364949583,219.38611641075263,7.441212889108132,-82.35462339939119,-11.118571378280528,185.86630751562134,353.1179077724514,-112.49764518057177,301.16439233207564,205.42838943824233,370.4460754079623,499.9976090525024,-14.723291188481888,-495.9047165156528,181.01354125109177,499.9999999999954,19.34223589315913,335.38122026332195,-305.57278419810103,-93.53377881881632,275.9338262956027,16.89669498797214,-272.76650963702264,-39.205674660470116,4.219166250696938,-0.4593602439962427,-95.21683652225161,-499.95343940593784,136.67162671757725,36.26222429423329,-47.02415856747578,-289.48223766471324,-74.9776099531254,-0.3523991956122637,-140.84705987644813,171.9452017123702,-314.0995472685892,-397.0397373295434,-403.596474025533,-228.9081867265531,4.458623652651972,-0.7739946959789964,103.46398151208545,338.09724261853154,209.93261098206105,-239.06410817604967,323.5297042799484,-260.70249293591917,-60.68241976579143,9.498270132428035,246.82988303109917,148.67550642475638,7.944872992117283,488.5627292143399,-475.3839388904607,-235.57284187207122,-89.10285429370491,-352.93300795228373,-223.50314889728216,402.05700336850714,-66.83299078447368,-218.8878688561791,-464.91962693664317,-114.68821559350305,371.895911533579,-133.07677757737366,499.99597085530223,-423.13111888495945,278.9304280913279,-405.6078977242206,204.89630555697477,472.8463854961969,454.8201633295091,-98.03861714421643,21.681055583365403,358.0667979306784,-22.184852016846403,-59.960226391007666,-124.24781320066852,-297.3409887910324,-206.93308223975276,276.9266710811394,-251.74672445509276,-332.1898888730318,-3.332204575653816,-67.506271691946,-176.94226701862897,-110.10973462227408,-97.57584501262296,-388.6333076134872,28.725690556614307,300.47239438430984,394.7765607251168,32.41586533557468,498.13310823934967,-376.43828777548373,320.96260824401145,27.02786241987729,433.4935724047499,-27.797073725585214,-11.88889642886742,-474.5782768737367,-212.47933167642515,-437.311364355365,385.4199869234568,-125.47390375986892,-2.785723714821319,-491.10304722142405,63.82121255858228,430.54340955905286,79.47583980214253,112.3906595976559,-224.9076104784068,393.38408993851834,299.48753204769764,290.1593421763605,451.3967302293842,2.6048615865486444,217.30247632829074,106.64120421652582,-294.6354574424552,8.585667203521156,413.50402885392987,-181.17144660227936,486.72658888336986,170.3911164770485,265.99208051351854,-66.2948700847252,-499.99999998268186,444.98885592539716,-105.50266031001101,65.6161553727573,137.33389837896812,191.97948459214646,48.830232553989404,21.809538753951077,-178.6227498941772,-11.474263095360019,-113.99421749905315,-13.346338918939784,-0.754123820976682,85.26368115681993,499.9831635572478,-177.3008556612964,165.19496320137128,439.1738285304546,274.08834260896003,-137.88510254772024,40.43851861500444,156.70956839006297,446.85000743672316,366.8107787711661,420.21303180619395,497.06283024788036,-27.96766482293549,-32.70864812756695,44.80862579241996,-42.733511190325174,-55.892064198277396,111.474681487934,57.20887694183774,-19.689440581014708,-74.19384604170396,67.52202509305319,23.173724510307892,235.48375919066075,267.2445643136765,103.39627678861758,-76.11614124115981,499.99999858514815,500.0,-62.434318030465086,-77.64302578814083,64.58596403724609,-4.325333755571355,-161.56436968570867,87.48329551283845,-162.86550660079018,-121.48814910638539,83.92028373676324,233.2594000299463,79.84244866808625,14.21820950926989,6.024285342533538,-256.1052084721165,102.09033951557137,-466.4769444511095,87.71435556537203,31.398697330035418,-197.96913598809903,-498.25056867420847,-493.1998494493033,-112.05873160324242,40.77668530116145,-247.8358070007271,4.69025959261924,33.244266581828214,47.15467256495989,26.398307097441766,-258.50942560265986,-7.941842426451276,44.92092034979098,-287.79560145484277,-134.11466545578725,372.77560869144816,69.98590387434001,91.93721104582379,-21.71091242803152,-208.31662734463367,-230.50431005946055,30.061297556479023,1.479029940549655,69.37803244959689,-39.362519952427725,288.8499711407445,-126.79072559090787,259.63771173952,22.576105456985598,31.30998828896244,-499.99965424714503,-6.041747110430122e-05,-5.336284606704334,-74.37738566969927,112.77359920768747,-33.85836502530828,-130.7391335635223,-83.00894985775025,-8.666898440384953,131.23783134727032,123.35290122172778,-51.11465179830538,102.3161727776237,-142.81136498011807,-19.91892503679762,-59.13688994567814,-228.79616625607215,-24.909536127057795,-45.75493202241438,21.479707994221865,-233.60184895576344,62.13428109810885,-18.426148145532416,158.86554981331076,22.08271524094393,-270.1038977586739,450.30682230203035,-7.740086643656609,-379.85160562563584,64.1427280279625,-10.655197433717127,-451.14458717400186,89.538421721076,382.90520810851694,-6.041747110430122e-05,-275.72598228971316,-69.90246344580568,282.3567516639057,-369.1271690616885,398.9323626433036,-499.91511118762105,-499.9502861406293,25.786408955665305,110.77277831454175,-379.1154896226166,168.55609976446948,-426.11196305075885,-499.99998211194134,7.781096164889432,-23.215407728684514,141.47368440861206,-498.52875627917234,-150.79701115468941,-124.59706254001156
259,-2.258462336612864e-05,-499.9999999998149,499.9934242945728,17.297353354757348,414.5323511818757,-3.3896736567839926e-05,75.15816169926596,217.49557064797898,4.387111669339768,-82.17931389915628,-11.651785481469535,186.21509833933914,352.9238380818521,-112.89398660992104,297.3597368464633,204.90890625942995,370.92458929991784,499.99760925538203,-15.884965201884198,-495.8976801261431,180.5102900633062,499.99999999999386,18.175802213855015,330.3014007681679,-305.8507488202507,-94.00229070949182,276.0643690415137,18.016105591011666,-274.6573609882106,-36.96991963853131,4.246394169208659,1.1069535010598017,-95.16877235849955,-499.95343925868906,136.75493753708713,35.30681134340287,-46.72007764272393,-289.3525308253985,-77.4458708512199,-0.48121725519125474,-140.58839708097415,167.95300091624011,-314.016983177608,-396.9550659804639,-403.5398811540234,-227.93382792543306,4.375454896439902,-0.8854215036656234,102.8765695463943,338.1618836739958,210.96881256358765,-238.81395177206858,323.83776906387243,-260.75006143865676,-61.19885127224924,9.893417968754465,247.5925983111174,149.23977084344978,7.119309114959233,488.5340990977622,-475.3787346695472,-234.84317833657013,-90.93151992643155,-351.7664886828779,-223.3636349507776,402.489164206919,-66.9849947832117,-218.64654753576005,-464.92513475649787,-114.73879711439552,372.27879989763903,-133.10451677016502,499.9959708573197,-423.00800455491265,280.26241140881797,-405.68626723265646,204.98979568330319,472.85162242946035,455.06667214438085,-97.91766257809795,22.050815689372154,358.0819701797076,-21.07626232047878,-57.29580002895377,-124.03072486238494,-297.4054783092338,-206.58075603034692,277.1612098290802,-251.2916564787811,-332.52480871563637,-3.5200260103692838,-67.77747105789176,-176.79066699344483,-110.54994336440899,-98.50420483107473,-389.3324782190279,28.73177718802053,300.5825299891365,394.53285001852146,31.380198078456996,498.1469380293037,-376.57960140803317,321.9697146152395,26.104901822306346,433.4591490517048,-27.864149476168876,-11.888440903989414,-474.63538179200356,-211.939177396027,-437.32664936948504,387.77678893894733,-125.59396425395377,-2.959704394068206,-491.581972345458,63.85512096482851,431.40638527810705,79.84128035114699,111.99552086625359,-224.05312073566077,394.08920368907155,299.9246251747508,282.63526086537956,451.6809797522928,4.400643380062255,218.0414992667567,106.17343058564013,-295.1772808031135,9.689010900048537,413.99469809337904,-183.59973788516723,486.7274399028448,170.51286852711016,266.31745984456626,-66.37460657076682,-499.9999999826967,444.99092482011065,-105.85821239574841,65.03095367540683,137.0048729536434,192.11798761308643,48.75913919746525,21.863631046224096,-177.87592074296396,-11.187248796685937,-113.34920408894713,-12.115108003799577,-0.6919994954773728,85.32289818878138,499.9830955544916,-176.07561686912737,164.53456308205043,439.31818199448657,274.25465106125324,-138.0567733166162,40.595261713142285,156.6874238288848,447.0077564865554,366.42531545794435,420.7354825471315,497.0487880328557,-30.301227468592135,-31.760819626141135,43.376290425441034,-38.362164837137954,-56.08076532318679,112.42852273022994,62.084420810902664,-18.848206759701032,-71.56609855536286,68.74735884283908,21.327775237782546,236.3266720325635,267.48538222830217,103.27802471481495,-75.69044619289147,499.9999974562871,500.0,-62.66438154614368,-77.19409565270585,65.04896485899202,-4.267585021398944,-161.41579566106327,88.20589138954307,-164.49140545626074,-120.73865399424557,84.96552409207177,233.620790794219,79.04570776432296,14.460832392691094,7.414874970468421,-256.18771481913893,102.38378413183175,-466.50400933816525,88.22110337418778,31.41768734085579,-197.93979819044088,-498.2719783592081,-493.20372251095097,-112.3160232176514,39.612811609404396,-248.29169926964943,4.539031639473069,33.39847779074064,47.200360414179904,26.48732396855998,-258.618734780514,-7.951412636750131,45.48687266256978,-287.6895576179614,-133.7338042990051,374.05626712979205,70.06518869251062,92.04239462294807,-21.466057025550857,-208.31534057439006,-230.6683642055624,29.635461747661473,1.3083252895862254,69.02098812749024,-39.57463934497003,288.5022850705069,-125.82416297487703,259.2498542317085,22.922808949711666,30.921473261359544,-499.9996489183113,-5.652096297126239e-05,-5.370736427123349,-74.08772477950717,113.05668118076288,-33.86992397098239,-129.22264471427962,-79.01626995295008,-8.93884582961795,129.46914973664653,120.83876905410929,-50.75610145191723,102.22667646433885,-140.10900801168714,-20.42440316913355,-61.51158709807879,-228.58320513225047,-24.061276803251516,-46.29006796216544,22.21993627309432,-234.35407945145036,61.62439721870281,-20.538001305109525,158.1120904863909,21.56845783792911,-271.3991203282917,450.89496532392286,-7.646373093600284,-379.6242859991448,65.76343962958708,-10.4246081979629,-451.18896321022544,89.15141376160994,382.9948298846708,-5.652096297126239e-05,-287.79920025450565,-71.33918832715025,284.2431147532494,-368.8185954823157,400.64318916353443,-499.9174972995054,-499.9502877776863,24.59735311558838,106.818860401608,-380.77289231814325,163.94456140140474,-426.1844038835787,-499.99998211205843,7.737476941097617,-22.92429861800704,147.66553622453776,-498.5484547919864,-151.3412443308775,-130.3313630711345
260,-2.1128071239218106e-05,-499.99999999980184,499.99344251180673,22.546792932915434,413.43738382805213,-3.1710635084891644e-05,70.52442112582558,215.57038600511606,1.238815428073697,-82.0172881562134,-12.148260226269892,186.5630676164034,352.7310904284905,-113.34944133665293,293.305999346045,204.38309967477016,371.4547246094082,499.9976113061788,-17.062441546330863,-495.8874094714566,180.01498097011796,499.9999999999918,17.053805898351126,325.01632575886197,-306.0920005981218,-94.43549829743114,276.1757408304137,19.121919486809055,-276.6652400860378,-34.84606084879793,4.281453607103748,2.5506918814601662,-95.11880745085432,-499.95343911468836,137.08673426532837,34.35790920878696,-46.359122746976745,-289.2218361560177,-79.94460470890037,-0.5931929013543032,-140.16343295073278,163.90650589454327,-313.92316767299786,-396.8624470633702,-403.47183456795756,-226.87143866201805,4.312161646558435,-0.9719435770964951,102.24702611669646,338.22992269869525,212.06064157571245,-238.48399903721682,324.1340353722634,-260.79412156374957,-61.80275236105829,10.310201599742557,248.31682687766977,149.74119262252356,6.278298904909212,488.506751495573,-475.37423065021477,-233.94719310930088,-92.98913262461667,-350.4714847736142,-223.20926907004701,402.9103540068025,-67.09046769725434,-218.24699178625684,-464.93040544317563,-114.88262589297311,372.63382935596536,-133.1362743679995,499.9959710162444,-422.9031311939552,281.53427179264116,-405.76874257173415,205.09646866174361,472.85894581677326,455.28920146661875,-97.82490174994453,22.392660112759355,358.096771524137,-20.123754603416828,-54.55613674687379,-123.81036582822989,-297.4599377261869,-206.2150998068093,277.4552359419154,-250.82170711911223,-332.869794547849,-3.711969550904423,-68.04081034040243,-176.6394906102352,-111.02323086052843,-99.47808737328769,-389.9959156716149,28.771953660895495,300.72868141560264,394.2481239199924,30.386064875888696,498.16000820333846,-376.723787185551,323.0665934828581,25.228281201422426,433.35013108035173,-27.894334395506068,-11.89159858524999,-474.6833781543738,-211.40655453078404,-437.3438829696762,390.006746024794,-125.72602897500698,-3.1281482834732914,-492.01990054119017,63.88895062728449,432.2143127044461,80.14219152503968,111.55095151223072,-223.23718108679554,394.7419710603632,300.3837730156641,275.18666655652316,451.9461918433784,6.297593919831385,218.7171410954667,105.77038555506124,-295.73173961045205,10.781842422950946,414.4178166872398,-185.98888813185414,486.72815604198263,170.6986568829858,266.6064222781582,-66.46938435699045,-499.9999999827109,444.99583608230574,-106.19102142993039,64.39960060724292,136.70823352553063,192.2429647186545,48.68326406662863,21.918136255794614,-176.97568385171195,-10.908999165036674,-112.76348522879022,-10.699027866410475,-0.6293385444826425,85.3555768404363,499.98298116076916,-174.97612893776423,163.91136942708306,439.39841608567497,274.4546148998333,-138.248975651218,40.7299028557088,156.60856239800862,447.177681254066,366.0514569050213,421.2008018151629,497.03140605054745,-32.262289456127704,-30.69527564271568,41.79812671057702,-34.107713758508744,-56.227291459608104,113.39849781177743,66.73039217902117,-17.8775569756419,-69.02438226281717,69.95334600871766,19.579318080020116,237.1425881413033,267.76157674580816,103.25286457605382,-75.276936726746,499.9999956442774,500.0,-62.791720813809405,-76.72687375650783,65.60093394840486,-4.221545949786931,-161.2266795964131,88.92734187161368,-166.14812606972126,-119.90004294475068,86.01454259280439,234.04611810198546,78.26734726799172,14.771723790890507,8.80070488968942,-256.2760128217818,102.69290582657122,-466.53200274187157,88.78323190382909,31.467999583695054,-197.90791757299112,-498.29268738280064,-493.20799496590996,-112.56423710591636,38.38549204514949,-248.77592766951463,4.395801979031776,33.607739634011494,47.29294755830346,26.56280066129843,-258.7367849101438,-7.959700302517395,46.06178553110327,-287.58589867600733,-133.33918245115368,375.2837668034932,70.15541086736688,92.17913098087983,-21.201067810939,-208.30847846843588,-230.8253428184689,29.213206244647814,1.1785869730901197,68.69735118269078,-39.804902804581005,288.1767967241962,-124.84964864143839,258.8791252037161,23.283527283960023,30.514779262385403,-499.9996424527536,-5.287575186230223e-05,-5.410559727091067,-73.76316765224813,113.37205136779693,-33.88062955063813,-127.68898353848093,-75.01316651555109,-9.241182090832035,127.80032144724734,118.42315468017551,-50.41031085124137,102.13732652615396,-137.36366320839076,-20.86852611811706,-63.88163515335754,-228.35842978262775,-23.24439178769515,-46.809182364597454,22.94974346945369,-235.0750062444687,61.122973159007785,-22.641429956247826,157.348503295347,21.066964747432802,-272.6477171522526,451.43859482180574,-7.550796759789752,-379.40423190680565,67.31449539125097,-10.209327314290395,-451.23235300554273,88.7717121481098,383.08500816801325,-5.287575186230223e-05,-299.16794124629735,-72.74160883886655,286.05936074252605,-368.50877243114695,402.2770303364831,-499.91990109114374,-499.9502893504964,23.453484101016244,103.00666636639001,-382.3626063612682,159.51680436370586,-426.2221907077025,-499.99998211217087,7.679837075378008,-22.70719655187306,153.7159585728257,-498.5665463327381,-151.8562307135535,-135.93904036588813
261,-1.9765455363085487e-05,-499.99999999978564,499.99346224547764,28.050982781152793,412.3716038778602,-2.966552347061221e-05,66.073169834603,213.6702621394067,-1.8599973138333403,-81.86715182855816,-12.603559953760785,186.906206086863,352.54167461763745,-113.85242837278751,289.13928133941977,203.87271286363205,372.0280162584832,499.9976153593464,-18.191993726750937,-495.87452093740916,179.54976334952707,499.99999999998926,15.978039284475418,319.59078694638015,-306.3030476896063,-94.83576686746999,276.2699000405264,20.224639600417852,-278.71381529074705,-32.82615065080404,4.326806358590873,3.8821968334240755,-95.06772315370424,-499.95343897389125,137.71948149182296,33.437970659114264,-45.936254810010624,-289.0897231133589,-82.40244284122481,-0.6852492993283598,-139.55661865480113,159.84234425201038,-313.81685437538493,-396.7636092254805,-403.39118031916297,-225.71600027395118,4.268720927844803,-1.034079331588083,101.5839104979359,338.3001740573234,213.20836709076448,-238.0665326531627,324.418462694748,-260.831757127673,-62.48806074481463,10.747373554527858,249.00202222820636,150.18279600843687,5.433508713153975,488.4804686304525,-475.37040837665836,-232.8686257721089,-95.2535176576007,-349.0349080305922,-223.03836052160227,403.3192540063285,-67.14208860103147,-217.67695826579666,-464.93544518276315,-115.10838684890562,372.9617190934095,-133.17114874767665,499.99597130510296,-422.8154649886934,282.7469872722182,-405.85479418950166,205.2109259089985,472.8684622250131,455.4889622695798,-97.75856408467014,22.70240687670538,358.11122546008636,-19.317416807917418,-51.74613786961285,-123.58522246271161,-297.502301109662,-205.8371268624786,277.7944391578975,-250.3378239883876,-333.22296745622856,-3.909908332551572,-68.29612001543256,-176.48657206432932,-111.52366124374159,-100.48243750472592,-390.62608110442045,28.847570322644362,300.9127168538552,393.9241762103218,29.431336566748175,498.17233856123823,-376.87077360563677,324.2354433396597,24.39611390956934,433.1704646923553,-27.88757170433978,-11.899200041377616,-474.7228706707648,-210.88228285125678,-437.36286394102746,392.12116405843955,-125.8670286603012,-3.286842407586019,-492.4209701487774,63.925982537025455,432.9702660449106,80.38110578326037,111.07739006171528,-222.45459106023407,395.3445815459832,300.8657203569005,267.82702633818224,452.19299054575316,8.27376530931788,219.32765812513986,105.41930740758315,-296.29578264365415,11.862696543006551,414.7782840194824,-188.3383162166415,486.7287282994702,170.9291114293701,266.8605788474878,-66.57673981010515,-499.9999999827246,445.00371397842355,-106.50080882480945,63.73139407997215,136.44671899054006,192.35588213613838,48.604955445326866,21.97343411174841,-175.9172365833756,-10.634891347548983,-112.23174924168683,-9.092077431793038,-0.565898583006207,85.36408021211359,499.98282221994214,-173.9983702564309,163.32689293953112,439.4170984868293,274.6906468252407,-138.45843590141945,40.8428058208843,156.47851644723647,447.35638191852416,365.6864239651239,421.60911867173587,497.0107214155373,-33.85355283426721,-29.50902146889054,40.103999011401264,-29.97140599239934,-56.32942875901789,114.38488197842447,71.14545852897315,-16.775408001686042,-66.57001942716167,71.13844210798023,17.9266686469257,237.9274349293605,268.07571225537635,103.30970941519959,-74.87457468545773,499.99999285566383,499.99999999999994,-62.816883208050356,-76.24075541765905,66.2467005000908,-4.187241969045677,-160.98804391152126,89.64257602055216,-167.8209921030783,-118.98000165841884,87.06496484588516,234.5347003536745,77.50827676551313,15.153968345238676,10.169876586023307,-256.35831605757113,103.01236997578036,-466.55991067653724,89.40231467298746,31.542731540914254,-197.8627995987454,-498.3126619829864,-493.21247053241996,-112.80363592939132,37.09911010970095,-249.19519663507245,4.254774075648042,33.873991501531755,47.43109992506554,26.62124303072023,-258.85956795171876,-7.966232503527135,46.637358592322876,-287.4844409273778,-132.93237149969488,376.45996902841176,70.25633300537055,92.34640236938756,-20.92115303766141,-208.29663781627121,-230.97702087035353,28.790415912860823,1.0888517443920196,68.40366803844795,-40.06082395347117,287.87684116943296,-123.8741268984947,258.527557259774,23.658776427654356,30.08164988377715,-499.99963467694124,-4.946563421981393e-05,-5.454924912776826,-73.40731626235326,113.72010979650146,-33.900536127733034,-126.14334850930767,-71.02297699532623,-9.587377025238741,126.23443142514884,116.10612533605472,-50.08365525781291,102.04301560928782,-134.59117002489444,-21.25518556257598,-66.25321521975009,-228.12490200880768,-22.46000194828396,-47.30822757208514,23.66902658289872,-235.76742712204057,60.6296761764016,-24.740304503388906,156.57938190400074,20.57786216116944,-273.851319113737,451.9391175964258,-7.461343169675464,-379.188937975757,68.79309094697635,-10.008340622970094,-451.27491624703896,88.39830401959725,383.17538730260264,-4.946563421981393e-05,-309.8594013580722,-74.11492195881051,287.80759325642214,-368.19723708095376,403.83756389846354,-499.9223057894926,-499.950290861583,22.352781766523375,99.33071641297751,-383.8795623291643,155.26744283496436,-426.2232380002676,-499.999982112279,7.611006238827017,-22.553432130606698,159.6196443905644,-498.5829736502925,-152.3428343646029,-141.41795001154344
262,-1.8490718503016972e-05,-499.9999999997654,499.993483114321,33.750270735896876,411.3575934265074,-2.7752299502026263e-05,61.97456574089143,211.83586412400325,-4.794130765539027,-81.72938658479517,-13.019460579014973,187.2403090413434,352.3582259036298,-114.3921931847081,284.96183317850836,203.39222173644384,372.63311623274035,499.99762156544836,-19.23071859862143,-495.85964875672147,179.13448391349445,499.999999999986,14.944594959002377,314.08308699831525,-306.4906389013737,-95.20777652466525,276.3485448255698,21.329464260461,-280.7482772646404,-30.900278512312717,4.382999082956283,5.112895266654577,-95.016832735507,-499.9534388362522,138.6655807207548,32.56925245604978,-45.446458028400045,-288.95602440526267,-84.77010962537108,-0.7563967472006548,-138.7759293650553,155.7892545611505,-313.6985847196576,-396.66050609684976,-403.2967803279802,-224.47305042529518,4.243590682445608,-1.0734167792487546,100.89543212863083,338.3713064438916,214.40792993545023,-237.56474201174657,324.69143128563405,-260.8613577799546,-63.245976002397825,11.202685501140113,249.64736814646992,150.56751636276235,4.5934206804166005,488.45490657762474,-475.36726381612937,-231.61337993819885,-97.69524798314383,-347.4445254002753,-222.85002851740546,403.714616337609,-67.14042297576952,-216.94540356563195,-464.9402597367128,-115.40129188250462,373.26349338014825,-133.2082945721071,499.9959716658951,-422.7437935307583,283.90255937702256,-405.9438369125298,205.32737477267796,472.88021247982573,455.6674562321856,-97.71721534387338,22.97614992424039,358.12535555710826,-18.64605998275794,-48.87091840221853,-123.35444596408767,-297.5323647573858,-205.44843713187277,278.1639608456706,-249.84193464068227,-333.58229567018753,-4.1155077396939035,-68.54328156574313,-176.33035721458958,-112.0462016014863,-101.5045534605041,-391.2251052327521,28.95988346089641,301.13580173827506,393.56418454001306,28.513856377794255,498.18395442108334,-377.02059810126934,325.4579730852925,23.606298081874378,432.9255637468892,-27.84419791708602,-11.913625362041271,-474.7545297216037,-210.36947294553536,-437.38336884249134,394.13260660822294,-126.01416390834753,-3.4338465891139003,-492.7888782847841,63.967794336651366,433.6776400681827,80.55955032907494,110.5915795762129,-221.7006310986194,395.89949276577096,301.3695579929305,260.567928994697,452.4221248931942,10.30318930959651,219.87162966234277,105.10673545665925,-296.8661725579208,12.930112488024227,415.0820059428931,-190.64920628930426,486.7291156920677,171.18419869700975,267.0821619075928,-66.69426735212886,-499.9999999827377,445.014665602887,-106.78845298713424,63.03504348925519,136.22291823089753,192.45821584878956,48.52590975665683,22.029989418135568,-174.6994267667717,-10.36115917837038,-111.7497810956198,-7.292305929473143,-0.5013484221220487,85.35009343777756,499.9826214525275,-173.1389509099187,162.78269951313078,439.3761864382655,274.96520438294584,-138.68158036927062,40.933904806872015,156.30151972974664,447.54019321495286,365.3276856978731,421.9607168331684,496.98684678507755,-35.08403503829112,-28.2023022427397,38.317460727278686,-25.971951977633022,-56.38510324338033,115.38610871930359,75.3016731023163,-15.54256046869583,-64.21756055745682,72.29570262927152,16.368204752265463,238.67618222938867,268.43046050342366,103.43061362841291,-74.48381950202739,499.99998872030915,499.99999999999994,-62.74192048489395,-75.73558492946094,66.99140931410395,-4.166521573856536,-160.69495057383526,90.3452754655914,-169.49725474028338,-117.98731790050095,88.11379492388983,235.0873542509287,76.76951528233256,15.610834841785925,11.510352479178286,-256.4430021091739,103.33639556817815,-466.58685139358175,90.08018629552654,31.635041007686347,-197.8143281971428,-498.33187570608766,-493.21697734451465,-113.03451671106916,35.75905983579665,-249.63345693520722,4.110111928063388,34.19928072324134,47.613952566057094,26.65921512832953,-258.99711434768477,-7.9709162400217055,47.20536476346021,-287.3852555716934,-132.514618015257,377.58675274063916,70.36722639398675,92.5432891447024,-20.631702454834734,-208.2810646273936,-231.12625678977344,28.36311109396123,1.038027289190676,68.13750524456358,-40.34944833336731,287.60525327203595,-122.90344720475443,258.1968344120409,24.048925573712868,29.614394963038105,-499.999625391067,-4.627544694812954e-05,-5.5024065113988865,-73.02485961785386,114.10140360587987,-33.938779646384404,-124.5890859131412,-67.06554088912785,-9.989659371071575,124.77424886924372,113.88782249840874,-49.78216303622411,101.93877401262023,-131.80325169344636,-21.588399852140395,-68.63151665436065,-227.88490899190455,-21.711247297809727,-47.78377780824795,24.37725909810937,-236.43359851445834,60.14435137913326,-26.837157384335377,155.80902591646958,20.101178999295016,-275.0114196936006,452.3992548219065,-7.385089067851317,-378.97622280638274,70.19286900929987,-9.82049413879855,-451.3167133930119,88.03105031206121,383.2655664918235,-4.627544694812954e-05,-319.9030403671224,-75.46377629275308,289.4898973368953,-367.8833026175083,405.32829250280844,-499.9246956414231,-499.95029231337037,21.29284246627085,95.78658610995936,-385.31936145210017,151.19074671348136,-426.1855751028599,-499.99998211238284,7.533904970457155,-22.45066043444753,165.37296189378657,-498.59768965245877,-152.80186791156686,-146.76625243914458
263,-1.7298192688031115e-05,-499.99999999974017,499.9935047093969,39.57867537667791,410.41277138193726,-2.596246849861925e-05,58.29032471986904,210.08329600536794,-7.495258040029455,-81.60693721516162,-13.403170242698867,187.56064041915266,352.1830962106982,-114.96057732042182,280.8394436795596,202.9449556912976,373.256659644287,499.99763005283455,-20.162214293152953,-495.84341675217195,178.78085496053663,499.999999999982,13.944772371456136,308.53960686876223,-306.66128806379896,-95.55806824494397,276.4124514529906,22.437391868582587,-282.73632514050246,-29.05757241149799,4.448437848084181,6.253958645081347,-94.96830524577965,-499.9534387017247,139.89633509946222,31.76875793235054,-44.884828504688066,-288.8209097996076,-87.0240094095798,-0.8079791590655636,-137.84824657803716,151.7680073681302,-313.57057365794753,-396.5551698100569,-403.18750150937325,-223.1561974939474,4.233786247337751,-1.0924751300228293,100.1890711819615,338.44197312413513,215.65153542340389,-236.99119161486934,324.9534782145011,-260.8826754112257,-64.0659484595919,11.672983742004362,250.25193144084446,150.8982860021721,3.7630377902241654,488.4296262873792,-475.3648032063554,-230.20650823198525,-100.28028675567593,-345.68839825332236,-222.64413010527147,404.09538604256244,-67.09273338440357,-216.07818533590486,-464.94485446382726,-115.74401212164103,373.54045638912925,-133.24702019797593,499.99597200738776,-422.6867599887893,285.0040316845223,-406.03524186279384,205.44030357756156,472.8941403107047,455.8264187898733,-97.70014347179706,23.210846180993325,358.1391854038235,-18.097570721768623,-45.93496486032694,-123.11818124141918,-297.5516510997064,-205.05104070865085,278.5496574949688,-249.33668220872752,-333.9456485425151,-4.330099161953486,-68.78221382680319,-176.17022679923056,-112.5867486097115,-102.53445305057622,-391.79469509724555,29.109976932588367,301.39836656486614,393.17247957265704,27.6314538946792,498.1948862259955,-377.17351810103804,326.71762784798676,22.856533386291638,432.62203851315775,-27.764516317969488,-11.938907668353734,-474.7790233930306,-209.8712290790341,-437.4051579189228,396.0542907384599,-126.16539254857354,-3.5695420037765127,-493.1269254212929,64.01415739315094,434.34005143290057,80.67817944509585,110.10590310494543,-220.97102548685197,396.40937632520945,301.8926983503393,253.41919257925412,452.6344551419657,12.35765685451081,220.34871446541698,104.8201520951717,-297.43959312117823,13.982277073620564,415.33563704558117,-192.92401475824778,486.72922714148194,171.4452469794957,267.27394950965925,-66.8198199581362,-499.9999999827503,445.02871823880747,-107.05610506500288,62.31816519191083,136.03884293324865,192.55062716847962,48.44672284940288,22.088351426170398,-173.32439693612253,-10.084919998299224,-111.31437724716119,-5.301379656582289,-0.43525973156462083,85.31437845506926,499.98238236223636,-172.3952413678136,162.27957874244274,439.27710613215135,275.2806214004089,-138.91458739923786,41.0029035771816,156.07936794376752,447.72551187777236,364.97317788983116,422.25561208402587,496.9599489830894,-35.96872829819776,-26.7787061516979,36.456979946398704,-22.119969145238652,-56.39264671220457,116.39871530606223,79.17955194657256,-14.18230032806053,-61.97908733645556,73.41681942469229,14.90189296579647,239.3828742406916,268.82853148359254,103.58958475890692,-74.10573405043874,499.9999827857356,499.99999999999994,-62.57086755307045,-75.21183052259153,67.84031240709653,-4.161985739619772,-160.34103611738257,91.02766697157848,-171.1640375285565,-116.93123061453808,89.15722711176804,235.70620039829183,76.05106244313976,16.14557920467918,12.810629765404071,-256.5262040886146,103.65874125959871,-466.6120655866304,90.81883073032431,31.73849015689815,-197.75865233953462,-498.3503062466058,-493.2213652341922,-113.25775492239484,34.37120386639436,-250.06056523810682,3.9559552142072385,34.58553786656248,47.84098626277332,26.673326479486278,-259.1502106994793,-7.973841081714349,47.757772415203085,-287.288606742534,-132.08696001314036,378.6659205476189,70.48663869939838,92.7688786250128,-20.33814497602613,-208.26239590802192,-231.27490720579956,27.927603237207585,1.024897139174673,67.89723846040039,-40.67718641844885,287.3641832184285,-121.94266587610146,257.8879567338105,24.45403358461695,29.106095090281688,-499.999614363431,-4.3291001929901425e-05,-5.551955925461138,-72.62034796003906,114.51635905569263,-34.003704114722154,-123.02820192863263,-63.157317749374094,-10.458542367722483,123.42209268790877,111.76829007744249,-49.51138455596209,101.81974240982632,-129.00863041561382,-21.872141261243183,-71.02048906907329,-227.64031058127875,-21.000219952142665,-48.23382373762147,25.073443293916224,-237.07541956013915,59.666379113571445,-28.933170171984177,155.04125097989404,19.63744619201645,-276.1295102695294,452.82284190118776,-7.328721683532,-378.7642425672906,71.5095889545578,-9.6444839299717,-451.35777548566745,87.66955422658025,383.3551475487108,-4.3291001929901425e-05,-329.3294603137206,-76.79195717530696,291.1083217530401,-367.5659978599184,406.7525292451489,-499.92705536750174,-499.95029370818713,20.27124950442093,92.36945916731675,-386.6779569782475,147.280636188785,-426.1072684936023,-499.9999821124826,7.451771662241412,-22.384925161015115,170.9736763857186,-498.6106498707659,-153.23423633179084,-151.9819237781328
264,-1.6182577383005985e-05,-499.9999999997083,499.9935266240118,45.46905328198523,409.54907882809357,-2.428806692478245e-05,55.00878624138019,208.4095671461215,-9.937377022663236,-81.50397916571052,-13.764323497567064,187.86225400550717,352.0179412790145,-115.5519389832239,276.8106400173736,202.52532239030413,373.8850203466221,499.99764091075167,-20.990468963467098,-495.8264055359357,178.49171552059863,499.9999999999769,12.967934431492745,302.9952681310424,-306.82078317642055,-95.89359323339792,276.4614377341655,23.547145238762795,-284.6622083026917,-27.286350716678413,4.520148676153494,7.316225891175318,-94.9247436667998,-499.9534385702618,141.35793457522385,31.04679593774256,-44.24634618080318,-288.68480743635723,-89.15966971276734,-0.8429076304658725,-136.80860758760048,147.7938124765486,-313.4358594271964,-396.44952397435696,-403.0622106473091,-221.78213371161644,4.235561689273446,-1.0940168497305678,99.47140921555882,338.51098098840396,216.9295399002807,-236.3628770952448,325.20518212582454,-260.8962108559112,-64.93642191629674,12.15487795804135,250.81459988390637,151.17820808375882,2.9450179874645195,488.40416143398915,-475.36303601321504,-228.68211142270155,-102.97222712802176,-343.75364299618144,-222.42084983915396,404.4608587817618,-67.00948180783152,-215.10849419540975,-464.94923432951293,-116.11766550467303,373.7941586863294,-133.2868142068051,499.99597221286024,-422.6429066216929,286.05558537742974,-406.1283549956481,205.54525590734266,472.9101051353334,455.96775558828676,-97.70696813403931,23.40493755011234,358.1527386047897,-17.65929206413954,-42.9409594383356,-122.87722969139664,-297.562537953352,-204.64702091366618,278.9393761039298,-248.82487699703424,-334.31086470999753,-4.554650192355919,-69.01293665844192,-176.00616712519295,-113.1419070379698,-103.56412881287001,-392.33614484535076,29.299163100427272,301.7004623452573,392.7542491331516,26.782156623581326,498.2051693772719,-377.3298380542839,328.001931413287,22.144675730694544,432.267355115564,-27.648620676762206,-11.980076738942248,-474.7970400954659,-209.39110717508763,-437.4279825295794,397.8996746882034,-126.31912892155586,-3.6955752947934126,-493.43805779190586,64.06390625535788,434.96124646733836,80.73712167674346,109.62960252398842,-220.26182861693403,396.87705520072427,302.43145866108625,246.3889675168398,452.83093471115717,14.409177869336279,220.76078700750074,104.54993143532162,-298.01276174752854,15.01770604331721,415.54632367346744,-195.16536277781879,486.7289223696871,171.6969411934833,267.4391923977624,-66.9514910012569,-499.9999999827624,445.04579061444747,-107.30632081236767,61.58725341021488,135.89624346074459,192.63399566703137,48.367753675614416,22.149097925850405,-171.79680288650374,-9.803892517348471,-110.92313341738526,-3.123490537186974,-0.3671528651914057,85.25809182926848,499.9821090736144,-171.76520333062376,161.8180306461376,439.12087176159235,275.639215758155,-139.15336491755065,41.0495272232957,155.8121441247906,447.90913914388153,364.62162862389977,422.4939554792045,496.93023744285983,-36.52759026009125,-25.243273990742953,34.53551598376847,-18.43009936670572,-56.35044495262465,117.41869881520414,82.75076144536098,-12.699379380717332,-59.87113634816824,74.49232354004977,13.525601371485438,240.0406713402323,269.27278754742304,103.75224674257157,-73.74151171078664,499.99997451408734,499.99999999999994,-62.308386277604725,-74.67022525963066,68.79889916265834,-4.176101647399621,-159.92100197742087,91.68093820328636,-172.80892282117875,-115.82053693704681,90.19123113488756,236.3946596661241,75.3539232871909,16.761684162141155,14.06043454721871,-256.60552705349517,103.97340562675201,-466.6348956117662,91.62068048313533,31.84787029017209,-197.6951885728358,-498.36793394786247,-493.2255039423151,-113.47371304202898,32.94173243096265,-250.48168721538488,3.7872461835969173,35.034927121137585,48.11241201429058,26.660798437745395,-259.3202730824762,-7.975167899529959,48.28748617072324,-287.1947878954706,-131.6503790699874,379.6991243329776,70.61288387947647,93.02276393996216,-20.04518099490971,-208.24100075598352,-231.42363811573776,27.481204634654052,1.0486433616110629,67.68242815995004,-41.0490556699891,287.1551765710716,-120.99537695262252,257.6014545492262,24.873813269919406,28.551455412855738,-499.9996013234146,-4.04990278184413e-05,-5.60239418740127,-72.19763625437274,114.9656936729501,-34.1018395859233,-121.4615908731073,-59.31122042670168,-11.002086361170132,122.18011748397983,109.7478775651657,-49.2758629782885,101.68208204797206,-126.21310087387403,-22.109579052144692,-73.42226047082413,-227.39230713125588,-20.32802172336049,-48.656935400267265,25.756566660938077,-237.69438716823643,59.19567233416927,-31.027622613517362,154.27970391683073,19.187988140542803,-277.20684132576434,453.21464710602567,-7.297311433928829,-378.5514685959426,72.739543241457,-9.47877723182672,-451.3981460556943,87.3135588531545,383.4438090831179,-4.04990278184413e-05,-338.1693769137729,-78.10196749907806,292.6648908010752,-367.24394907799206,408.1134198002386,-499.9293701305904,-499.9502950482705,19.286062607398364,89.07478987198077,-387.9514442727741,143.53108826779032,-425.9863526837673,-499.99998211257844,7.368287869964745,-22.341008363170623,176.42066384250768,-498.6218081368883,-153.6407436259695,-157.06248956306865
265,-1.5138932212721553e-05,-499.9999999996679,499.99354849275886,51.359028487791264,408.77458764705364,-2.272168421768582e-05,52.08522470693391,206.8022525674898,-12.121320473170789,-81.4247763728695,-14.112090253418149,188.1406125274642,351.8638672991647,-116.162819502476,272.8967364727075,202.1236918410682,374.50630107627364,499.9976541717034,-21.72941280298644,-495.80911503322756,178.26367216556173,499.99999999997067,12.00444239914593,297.4767533246744,-306.973524797294,-96.22038087484205,276.49464371699344,24.656707016103905,-286.5203210242247,-25.57391550084725,4.595051385705291,8.310225659120837,-94.8887517723855,-499.95343844181576,142.9918388771729,30.40830833783705,-43.52584050904365,-288.54817348132065,-91.18237266106311,-0.8643687625470587,-135.68995950162358,143.87939409487777,-313.2974578095808,-396.34517766145245,-402.91974416196797,-220.3660932802259,4.24545453976798,-1.0809762625338817,98.74801439262149,338.5774815224452,218.23262437829163,-235.69617986859475,325.4472868418619,-260.9025592271796,-65.84556035308367,12.644919865490149,251.33402907658675,151.41073469425018,2.140998384485858,488.37809953314445,-475.36196535186224,-227.07323741877704,-105.7347469028822,-341.6250147620227,-222.18011400003155,404.8108665318757,-66.90090280845138,-214.06747147984768,-464.95340389034095,-116.50294568579075,374.0263684784319,-133.32724326267018,499.995972158022,-422.61072931047374,287.0626744263506,-406.22252231408913,205.63957877657657,472.92792295876507,456.0934768943652,-97.73771534081845,23.558918174217034,358.16603880684386,-17.31850407282153,-39.88889464924153,-122.63250377258025,-297.56737855049374,-204.2382478019119,279.3240270904803,-248.30914013809922,-334.67584352753005,-4.78977502782465,-69.23567797214375,-175.83832994314037,-113.70917463514786,-104.58679729736176,-392.84993782369827,29.52907036983677,302.0422129408007,392.3151754325972,25.96430297190275,498.2148444996726,-377.4896000451264,329.30492249633033,21.46884023566587,431.86940178467694,-27.49631605148724,-12.042670686829108,-474.80920715373435,-208.93315441856336,-437.45159511964323,399.6822642814672,-126.47395247500481,-3.813896633773578,-493.7249063827128,64.1156396571401,435.54502061468025,80.73625452534262,109.17042702611379,-219.56943616341394,397.3054667534333,302.98197342137854,239.48383337257061,453.01259927454504,16.43263277229252,221.109847280401,104.29067780711316,-298.5825846025495,16.035783939425567,415.7214309979421,-197.37475422003993,486.72802631638,171.92870321058504,267.5815356112106,-67.08756532658005,-499.999999982774,445.0657051067066,-107.54159954177817,60.84775626470149,135.7968652687116,192.709452789199,48.28921259331301,22.212761711818573,-170.12335277233808,-9.516122444071984,-110.57419533614986,-0.76464585574126,-0.29656429673149687,85.18153631976679,499.98180610239064,-171.24713719282232,161.39860321893747,438.9082119329177,276.0434768963905,-139.39359095290502,41.07382320212873,155.498539033174,448.0885826519081,364.27299967277526,422.67535917936203,496.89794640487577,-36.78483153868807,-23.602989347495292,32.56160128116344,-14.919295163810537,-56.25684564749981,118.44107675183808,85.98136719370574,-11.099527424445931,-57.91417550884601,75.50999169803272,12.237382002887967,240.64203913261863,269.76638134955033,103.87646816523831,-73.39357530480572,499.99996328276006,499.9999999999999,-61.95941753408606,-74.11128092577742,69.87297544155955,-4.211642274472193,-159.43133474065436,92.29560277127534,-174.42193499034352,-114.66306307221726,91.21165687671125,237.15749067192587,74.67963406655824,17.462986269525103,15.251435303327419,-256.68039738129687,104.27489132677618,-466.654773196099,92.4887516790231,31.95950516373889,-197.62339891398213,-498.38474057605464,-493.2292811926734,-113.6823495179807,31.47694781761747,-250.89807172269136,3.5999457116250557,35.54996068573723,48.429311817236155,26.61973678077565,-259.5090907679136,-7.9748259825299685,48.78864188402,-287.1038428568973,-131.20592671978375,380.6878524353708,70.74427816458748,93.30502545359323,-19.756719717831405,-208.21721786070484,-231.57322427520884,27.02218738607624,1.108709297936753,67.49381703411628,-41.468454428281476,286.97932508605516,-120.06478275860201,257.337457314752,25.307840885141783,27.946911797956147,-499.9995859531358,-3.788717003772028e-05,-5.652478436707507,-71.76018416511647,115.45048383172083,-34.23775792474472,-119.88968334473807,-55.53817129980481,-11.62547713471946,121.05047058047619,107.82732225129305,-49.078842699912585,101.52302744770948,-123.4208039859107,-22.30300368644727,-75.83697275165801,-227.14187728402905,-19.69653759416264,-49.052135296490654,26.425647134337733,-238.29179619613703,58.73199544309248,-33.118010994301756,153.52768605793315,18.7552242718605,-278.2446924637355,453.5801893076794,-7.294379131835154,-378.33674222934644,73.87828077813373,-9.321525479747951,-451.4378471916189,86.96294973908971,383.53140150383496,-3.788717003772028e-05,-346.45317382838334,-79.395003789595,294.1616314542749,-366.91503622863206,409.4139681067453,-499.93162585512687,-499.9502963357649,18.335876473329467,85.8983481245484,-389.13604305323565,139.9364834640525,-425.8207873156683,-499.9999821126705,7.2876003481896054,-22.303200952280864,181.71363167801223,-498.6311155170278,-154.02203682380747,-162.00491218634983
266,-1.4162629668135193e-05,-499.99999999961614,499.9935700115984,57.19382598488535,408.09547273367315,-2.125637911376542e-05,49.466302998093845,205.24637873775293,-14.059850223007572,-81.37325110582708,-14.454001472204384,188.39170559182023,351.72190443954594,-116.79140800536236,269.10936894939647,201.7298965728957,375.11096740626056,499.99766980601373,-22.395563048075115,-495.79195533138187,178.0905642378812,499.99999999996305,11.046754711205208,292.0058239860087,-307.12238698371766,-96.54319835389602,276.5107389916307,25.76410045940071,-288.3103690431506,-23.906539903074666,4.67071217797139,9.246441982161443,-94.8627251053486,-499.95343831633824,144.74530817525977,29.855512763977753,-42.71815265298591,-288.4113451404487,-93.1007519260623,-0.8750552157961488,-134.51961936585792,140.03648985146734,-313.1580393439154,-396.2433714723539,-402.75891055384284,-218.92036028873355,4.260757141422065,-1.0563857059911954,98.02352349330116,338.641003543106,219.55280597519297,-235.0049309955921,325.6809038114271,-260.9021541089125,-66.78187551714993,13.139637323446397,251.80859066895002,151.59965118442688,1.3523202498689777,488.3511126131139,-475.36158388172726,-225.4079897449954,-108.53334052223119,-339.2843553712707,-221.9213309643291,405.1457799625564,-66.77573134074825,-212.98104256042845,-464.95736732308933,-116.8810145489222,374.2390178603395,-133.36790344248735,499.9959717273985,-422.5887313711592,288.03179086250657,-406.3171141450766,205.7223445845937,472.9473942558663,456.20563211363344,-97.79264620662367,23.675157472855165,358.1791097170152,-17.062843028489205,-36.776356259810036,-122.38479560708717,-297.56815732423803,-203.82631246568894,279.6973930693556,-247.79176057647538,-335.03862430669466,-5.03574882924977,-69.45092119298181,-175.6668152109302,-114.28664008994026,-105.59645297607011,-393.3355523777013,29.801559983448662,302.4239397672373,391.8610960966825,25.176481136609592,498.2239566433017,-377.65248495344605,330.62765162017166,20.827360524423746,431.43609743915874,-27.307182640159578,-12.132551028532246,-474.8160624348568,-208.5015864747956,-437.4757582388946,401.41546875068514,-126.628524898869,-3.926309118825992,-493.98982155662685,64.16805239299589,436.09513225111806,80.67529127926313,108.73550165199461,-218.8906305803327,397.69760209262773,303.54075908559736,232.7089131947447,453.1805457674116,18.406539504895296,221.3984293462751,104.0406991702382,-299.14627078904243,17.036746912765206,415.86831171156797,-199.55226473182725,486.7263428067411,172.13409325722694,267.7048762135721,-67.22649993113708,-499.99999998278514,445.08822866815234,-107.76413589614033,60.1042346599514,135.74247109552442,192.77859817318338,48.21138687641773,22.279777517063412,-168.31237670051777,-9.219883565542002,-110.26614397156591,1.7675946146274857,-0.22309590283706437,85.08494147083098,499.981478127642,-170.8396255409629,161.02190881564923,438.63961773146343,276.495979780997,-139.63087361872684,41.07620327384281,155.13638657927297,448.26204944660157,363.92861542191616,422.7987355165805,496.86331156070787,-36.767703727233865,-21.86628748671271,30.540654376275437,-11.606391571858598,-56.11017691653279,119.46025041600109,88.83204445548282,-9.389280753133411,-56.13138035378318,76.45605745849196,11.035427301877633,241.17908378819547,270.3126260006616,103.91579092573508,-73.06488146772465,499.99994838773097,499.9999999999999,-61.5292662245825,-73.53516338739425,71.06845697086992,-4.271690450454409,-158.86965301734705,92.86185651001685,-175.99455372830457,-113.46567385620668,92.21416386465098,238.00041695032132,74.03007630128506,18.253505496662452,16.377279335076633,-256.74834375524523,104.55818767772314,-466.6712139482525,93.4264598192876,32.07105260971885,-197.54164612671934,-498.4007095330512,-493.2325998905924,-113.88340203574215,29.982894681157042,-251.30814258236106,3.3908944098772493,36.133366074199884,48.79343331122401,26.548951314269917,-259.716577171094,-7.972572026597572,49.25646087202692,-287.0156776670889,-130.75483609173392,381.6334242352819,70.87907436538345,93.61613113443971,-19.475906871219816,-208.19112823539783,-231.7236459411025,26.54969348265327,1.2046853729970546,67.33303383665961,-41.93738734554617,286.8371466818215,-119.15347921799042,257.0955791942949,25.75578105295299,27.29041456186155,-499.9995678772681,-3.54438525391742e-05,-5.701256923426416,-71.31084460876237,115.97201424387204,-34.414443258093144,-118.3128668721304,-51.84723825489893,-12.33139859421427,120.03515681861755,106.00757533743538,-48.92254326138209,101.34072900811871,-120.63483239935356,-22.454168560537482,-78.2631489253142,-226.8898386991837,-19.10741863245866,-49.41875786930564,27.0795787935803,-238.86884955898282,58.27523297463971,-35.20056663370833,152.78792126481443,18.34244466663951,-279.24434264600865,453.9254099784566,-7.322242890702328,-378.11928771649787,74.92120718800031,-9.170597147496927,-451.4768926933873,86.6176005081552,383.61796364256816,-3.54438525391742e-05,-354.21083108867003,-80.67114670073154,295.6005717187929,-366.5761579742105,410.65704381031657,-499.9338097920412,-499.9502975727298,17.419720135961803,82.83594668857842,-390.228234153818,136.4915436371567,-425.6084745341064,-499.999982112759,7.213963270351471,-22.25636818561206,186.8528405332017,-498.6385222285517,-154.37863546799585,-166.80598650971484
267,-1.3249311450636011e-05,-499.99999999954895,499.99359093784494,62.926403413812146,407.517316138965,-1.9885603251168494e-05,47.102081859600915,203.72780923926965,-15.768160432358936,-81.35293224376933,-14.796015307641108,188.6119227960675,351.5933743283621,-117.4369731489699,265.4559574715854,201.33479566616222,375.69153591972685,499.9976877248326,-23.004311956723992,-495.7752583702692,177.9657658689975,499.9999999999537,10.089219678524293,286.60184916908145,-307.268975552555,-96.86580024056883,276.5080891780684,26.86765130080866,-290.0341497959272,-22.26949730631687,4.745511656917798,10.135563806102473,-94.84883622978488,-499.95343819378087,146.57427064248145,29.38990235338065,-41.81830522251193,-288.2745041595864,-94.92340968483965,-0.8769578619243826,-133.3194025526164,136.27635894659093,-313.0199154237006,-396.1450367530914,-402.57851717644155,-217.45444726761775,4.279509514019539,-1.0232094085109005,97.30181418077507,338.7013698726874,220.88359781905385,-234.3003134851057,325.9076281132789,-260.8952256214018,-67.7346306185749,13.635687097997613,252.23629309764527,151.7489361898347,0.580350814714353,488.32294937420244,-475.3618753528379,-223.7092825413073,-111.3363484429564,-336.7106193338242,-221.64339594274003,405.46637761645087,-66.64112461180338,-211.87005729870864,-464.9611284813578,-117.23411566362518,374.4341332720759,-133.4083999051676,499.9959708223564,-422.57546657127,288.97004294537,-406.41154398947754,205.79387322609273,472.96830902167505,456.3062535213834,-97.87222719107572,23.757366499092257,358.1919751063798,-16.880588107430636,-33.59921961737595,-122.13471597107007,-297.56646706082415,-203.41256023771277,280.0553032571246,-247.2747594947631,-335.39743818065926,-5.292554062874879,-69.65939804462765,-175.49160700956412,-114.87289904496744,-106.5877031986595,-393.79144575387653,30.118593970672702,302.8460426069489,391.397738445415,24.41749010378624,498.23255353608977,-377.81789285496257,331.9776524105292,20.218758232310183,430.97509660872504,-27.080709648325048,-12.256020318349597,-474.8180741294033,-208.1008355027874,-437.5002509427359,403.11254340661463,-126.7814927807909,-4.034335578124956,-494.234903585288,64.2200602435733,436.61521774649634,80.55380814990318,108.33169579435851,-218.22260463720585,398.05643486123444,304.10489790243895,226.06800683909938,453.335900932509,20.312469175913236,221.62937975240686,103.80082107445669,-299.7013882901866,18.021626065168057,415.9941411607433,-201.69690966118986,486.7236600230997,172.30947968219232,267.8132080982044,-67.36690265896158,-499.9999999827958,445.11310100054834,-107.9758316830245,59.36055853510833,135.7348230665449,192.84360630680737,48.13468556843625,22.350450139182815,-166.37300224231507,-8.91363240597698,-109.99793024373373,4.464496445418237,-0.14644799900286834,84.9684736005729,499.9811298022663,-170.541448528257,160.68864070127503,438.31536589796616,276.9992711735856,-139.8609367442847,41.05733284442638,154.722830301072,448.42827205742697,363.591051062202,422.86233764952465,496.82655458085515,-36.50422071205559,-20.042670342498116,28.47588655603609,-8.51223424043295,-55.908820926318924,120.4702995727323,91.25965655533372,-7.575677845262436,-54.54769032618748,77.31542706597229,9.918025086695081,241.64449222427615,270.9148317022097,103.82615666647567,-72.75881545900809,499.9999290474171,499.99999999999983,-61.02340851264832,-72.94170789387111,72.39112899621982,-4.359417916222564,-158.23505457200426,93.37051535332063,-177.51982113064076,-112.23439080736946,93.19448448078045,238.9296856096637,73.40768375450402,19.13727357526069,17.43330359766219,-256.80740747397124,104.81892626646508,-466.68380697850705,94.4374095997511,32.18128693548684,-197.44865568894986,-498.41582653522477,-493.235375525694,-114.07634735362349,28.465263623542516,-251.7122227333974,3.1577761317172124,36.78794359269997,49.20699305180985,26.447857469738924,-259.94228847149685,-7.968088938384219,49.687187781323544,-286.93013336065053,-130.2985953870908,382.53699278495816,71.01555390021748,93.95678716293277,-19.205203593858226,-208.16270791062675,-231.87446725707736,26.063583469361788,1.3361707302439418,67.20231258025869,-42.45665643382089,286.7287169751837,-118.26364978855386,256.8750838005387,26.217482650039816,26.58121012377072,-499.9995466503012,-3.315816138638178e-05,-5.747992860580177,-70.85213767036831,116.53166416749978,-34.63350994600471,-116.73181159691732,-48.24624788638136,-13.120467067889441,119.13595975873135,104.28968100328514,-48.808361058745255,101.1341351014226,-117.85783393637332,-22.56448833064901,-80.69808583732677,-226.63692165055917,-18.562394595563337,-49.75629904655632,27.71713596247855,-239.42670265046675,57.82543808609911,-37.27067543053136,152.06255847210963,17.953509593340996,-280.20706492781204,454.2563471618366,-7.382159680432427,-377.8986708790499,75.8634971454486,-9.023688437135615,-451.5152937384409,86.27748299396897,383.70367622439284,-3.315816138638178e-05,-361.47177731498806,-81.92960305145627,296.98373355156536,-366.22309143650847,411.8453893831148,-499.9359109575988,-499.950298761154,16.53697377258275,79.88360460171054,-391.22485277134746,133.1912405741708,-425.347291107402,-499.99998211284407,7.151405170758072,-22.186658086286084,191.83887748617317,-498.6439793498569,-154.71097233090015,-171.46274370386195
268,-1.2394895748002453e-05,-499.9999999994607,499.9936110942172,68.5181120296311,407.04547875421315,-1.8603237549541508e-05,44.94965457027087,202.23427778020644,-17.260818035925496,-81.366962746583,-15.142626335754818,188.79799154429145,351.48012990794973,-118.09975000347941,261.94109854826496,200.9307511444987,376.24246689345,499.99770777281026,-23.5687362532859,-495.75927289573724,177.8829745139615,499.9999999999422,9.1279470002679,281.2821704304812,-307.41359154222556,-97.19109965805035,276.4847700841954,27.9660292825056,-291.6946924439925,-20.646800535346042,4.818699272445604,10.988745975076604,-94.84910614606763,-499.95343807409455,148.4443530418465,29.012954917585922,-40.821693968600144,-288.13766666600867,-96.65795439483797,-0.8713027192220865,-132.10559927722875,132.6096554397973,-312.88507422784,-396.05080302803077,-402.3774006097369,-215.9750787602762,4.300476908075231,-0.9841354766664148,96.58597315146902,338.7586686943889,222.22012922683075,-233.59077837324557,326.1296966074433,-260.8818206274159,-68.69421811699763,14.130055748244924,252.61459157241822,151.86268329097615,-0.1734510278524683,488.2934338748219,-475.3628158705361,-221.9946081767314,-114.11595728053447,-333.879660698438,-221.3446791494591,405.7738062595423,-66.50267381676387,-210.7502392887222,-464.9646908577557,-117.54611973378559,374.6138089015549,-133.44833603416527,499.99596936570106,-422.5695775318647,289.88499140543246,-406.50528911727815,205.85559577321473,472.99043120457776,456.3973297485503,-97.97722348585619,23.810494017815884,358.2046588331609,-16.760953432585367,-30.351810710374476,-121.88269262671517,-297.56352821535893,-202.99809055030698,280.3953819114741,-246.75991155176547,-335.75077443054374,-5.559831035215982,-69.8621140966241,-175.31257188898832,-115.46708674110481,-107.55592743479062,-394.2147568943842,30.482133524881725,303.3088061567707,390.9305246976765,23.68635634648313,498.24068488175635,-377.98499977902225,333.3701717170206,19.641757194648374,430.493533006965,-26.816351947267375,-12.42022007174965,-474.81563928330263,-207.73543000975198,-437.52487597029136,404.78680688998196,-126.93148508456922,-4.139188093327691,-494.46203077971836,64.27085050901964,437.1087424493028,80.37118997025084,107.96557759236634,-217.56309422608126,398.38488597869303,304.672135158348,219.5636734276999,453.47980852381227,22.13481936652625,221.8058127850146,103.57399549614259,-300.24595710735855,18.992301571094156,416.10583456072334,-203.8068930562395,486.71974331120725,172.45365646643302,267.910552334166,-67.507557103595,-499.9999999828061,445.1400304034141,-108.1783359641498,58.6198723978897,135.77563822094166,192.9073202781436,48.05960032213855,22.424922719690077,-164.31448437025873,-8.596051127419683,-109.76893935483234,7.316194591883192,-0.06644812294974406,84.83220823831478,499.98076556513985,-170.35159407498813,160.39952672281987,437.93549926308475,277.55577372039113,-140.07977860345235,41.018065631624,154.2540879089605,448.5864591042272,363.26433488180373,422.86372625961036,496.7878705659038,-36.020956724347776,-18.142678381327467,26.368431835774675,-5.658461791480203,-55.651308578296714,121.46519794255546,93.21927518549782,-5.666104103995029,-53.18798792214335,78.0721196371731,8.883563658024027,242.0329688968166,271.57618277974035,103.57342740339328,-72.47900680599506,499.99990441292726,499.9999999999998,-60.4474872341001,-72.33040559175085,73.8464166239994,-4.4777544118936,-157.52819051222824,93.81428487460133,-178.9924385866594,-110.97432679360747,94.14881859600446,239.9518801433817,72.81563959679268,20.118180274552934,18.416648462990914,-256.85536756788065,105.05373562477934,-466.6922270506918,95.52526567714428,32.29016461761258,-197.3428867527713,-498.4300805503389,-493.2375377952405,-114.26031653826284,26.92939836442144,-252.10957043024192,2.8992888029666353,37.51644470281709,49.67261648440896,26.31657532730381,-260.18486090568024,-7.9609559531597585,50.0783040522399,-286.84694970968087,-129.83903477539843,383.3995326964971,71.15216779039942,94.3278656462878,-18.946279933168377,-208.1318002483054,-232.0248268121162,25.5644994472516,1.5026923377709474,67.10440995367563,-43.02572960715464,286.65372826189565,-117.39713726744846,256.674954737855,26.693033750910704,25.819957101217508,-499.9995217413313,-3.101988841081035e-05,-5.792127730131218,-70.38628017997172,117.13080813383822,-34.89513162292529,-115.14774221133527,-44.74185416533164,-13.991084299661857,118.35432629089107,102.67468912023789,-48.73678390504457,100.90305503653153,-115.09234671198048,-22.635097771552093,-83.13787225577227,-226.3838470132233,-18.063190662832366,-50.064529278817595,28.33700720496567,-239.96651367709273,57.38283005416598,-39.322972251759154,151.35308427787484,17.592780738866754,-281.13416989563655,454.5789974186867,-7.474301476222051,-377.6748418874524,76.70036284755963,-8.878382638398708,-451.553049748609,85.94269285857455,383.78883978773547,-3.101988841081035e-05,-368.2647677478553,-83.16870730778422,298.3131428985253,-365.85005264669076,412.9816300819419,-499.93792032747876,-499.9502999029473,15.687415124067241,77.03761645656387,-392.12322390451965,130.03090128105157,-425.0351357346789,-499.99998211292575,7.103540550548721,-22.082103837263745,196.6725668470292,-498.64744140901234,-155.01941606749247,-175.9726600630241
269,-1.159558451035991e-05,-499.9999999993429,499.9936303607537,73.9378549466111,406.6853779844872,-1.740356310619972e-05,42.97428769270343,200.75570463306593,-18.549455241565965,-81.41817529619141,-15.49732296042836,188.94680645647466,351.3847525413999,-118.78064788397604,258.56774050774567,200.51164538678174,376.7596631017803,499.9977297280174,-24.099163995396854,-495.7441742155141,177.83680263721155,499.9999999999283,8.160277339867758,276.0625561939601,-307.5553580063929,-97.52157108972334,276.4385916088009,29.058182703662222,-293.295496749802,-19.020942568379734,4.890236155560864,11.817987471578517,-94.86555826882375,-499.9534379572302,150.32991139251678,28.72676901163825,-39.72430884835937,-288.0007225355347,-98.31055943422864,-0.8586826494073752,-130.88997941387132,129.04618896751424,-312.7553166395975,-395.96106760597223,-402.1544684266469,-214.4867079317476,4.3229277009834615,-0.9413498722497787,95.8783534473852,338.8131651614413,223.55895851527129,-232.88249034005753,326.35009465214534,-260.86188745703845,-69.65243293003928,14.620246544416206,252.9401585941311,151.94499122376567,-0.9075230935955976,488.26244659642344,-475.364377590059,-220.27689298723342,-116.84871296408619,-330.7643492916363,-221.02312312890479,406.06946085707386,-66.36473648232975,-209.63309889328357,-464.96805758571094,-117.802922320655,374.7801586232812,-133.4873103461697,499.9959673016939,-422.56982708862364,290.78437441010203,-406.59790721900225,205.9096966418802,473.01347007976005,456.4807801867812,-98.10875690306013,23.84042438308076,358.2171848550107,-16.69427342202715,-27.027403609521173,-121.62903601844096,-297.560302568379,-202.58380317053067,280.7164399894217,-246.24881320171176,-336.09742619642157,-5.836872038697874,-70.06032711448037,-175.12949976026897,-116.06878535401367,-108.4974414084624,-394.6010391618264,30.893986331814947,303.8120914499612,390.4643978475962,22.982307980940682,498.24840080263465,-378.15288929412884,334.82895991343986,19.095261874953955,429.99779876703093,-26.51362861576974,-12.633660198092526,-474.80909231726525,-207.4097593479309,-437.54946511108295,406.45188706471066,-127.07712061307284,-4.241801017173234,-494.67288350723095,64.31988737379136,437.57894565666504,80.12657388249013,107.64331149815501,-216.9104806468872,398.6857748033687,305.2408438394092,213.19735794930648,453.6134044056924,23.859860289588383,221.93135610312564,103.36452087903857,-300.77850101450423,19.951476650593353,416.2100150666839,-205.8801233062808,486.7143231293513,172.56701792712678,268.0008840569859,-67.64742815378827,-499.99999998281595,445.1686774723685,-108.3731153595666,57.88464529808976,135.8665123454185,192.97339661503852,47.986685426443344,22.503168812149013,-162.14530557180524,-8.266093926353589,-109.57902975094161,10.311921509508801,0.016938688556251795,84.67632278924984,499.98038946043727,-170.269227329581,160.1552555103465,437.49980470589594,278.16764172122976,-140.28383883157554,40.95931036526716,153.72521302478256,448.736154776412,362.9540372096604,422.80000161940956,496.74741852065216,-35.34036115772448,-16.177473264754127,24.21780592841545,-3.065750366331414,-55.336426027129306,122.43926939920478,94.66826798847293,-3.6680431304013084,-52.074517404292415,78.71031989345099,7.930505275560747,242.34291652211758,272.29955374297117,103.14093032942121,-72.22887615000845,499.99987358140584,499.9999999999997,-59.80722444362432,-71.7004744817368,75.43908552098688,-4.628796302921124,-156.7511828372344,94.18912687139336,-180.40857979376378,-109.68981181032181,95.07436347758664,241.07355171049957,72.25813126763315,21.19975439580954,19.326053891629524,-256.889668499364,105.26054822718477,-466.6962428991621,96.69353310633136,32.39867885201152,-197.22263191896934,-498.44346481362123,-493.23903122008363,-114.43398165400454,25.380340124976044,-252.49875879101236,2.615196907752274,38.321394532706854,50.193162843550674,26.155933756874067,-260.44194908440676,-7.950609791039889,50.42858838134067,-286.7657339456351,-129.37838342688826,384.2218470485571,71.28769050550652,94.73027968313848,-18.700014534046,-208.09811435880943,-232.1733903355367,25.05381818724184,1.703597773109345,67.04240298685278,-43.64280435284399,286.6115482210571,-116.55543273332366,256.49397615248915,27.182767621459877,25.00863271158245,-499.999492515757,-2.901949483202767e-05,-5.833175541336087,-69.9153058558983,117.77067278012355,-35.19818908996249,-113.56264456240979,-41.33961076247245,-14.93965941426496,117.6912278241996,101.16351508926468,-48.70745866267478,100.64811185336865,-112.34111733751038,-22.666993041175598,-85.57763223712757,-226.13136074652786,-17.611194167471137,-50.34359816539296,28.937848040124596,-240.4894807062507,56.94793412080757,-41.35159003706264,150.66029776499326,17.26490867359587,-282.0270031930342,454.89910607607857,-7.597856406827142,-377.44813115391867,77.42778161746652,-8.732250156587641,-451.5901414154688,85.61351245652641,383.8738201248255,-2.901949483202767e-05,-374.6178479575509,-84.38610486490958,299.5908329940776,-365.4492392384976,414.06828157665933,-499.93983102882333,-499.950300999942,14.87118524976965,74.2946283599401,-392.9213068349987,127.006220250147,-424.6699896342489,-499.99998211300425,7.073401921808864,-21.933083264103793,201.35485524777417,-498.64886906061906,-155.30431078307035,-180.33391266162096
270,-1.0847816156456245e-05,-499.99999999918293,499.9936486603865,79.16049578455693,406.44251583539614,-1.6281257558148348e-05,41.148576316749704,199.28386724133057,-19.642060091403724,-81.50916393334946,-15.863103538736459,189.0551983611533,351.310679376859,-119.48093837448974,255.33797419774513,200.07254014631982,377.2398831966278,499.99775330585754,-24.60345319020232,-495.7300794563141,177.8229507023673,499.9999999999115,7.1841831365503275,270.9574813367743,-307.6923385408532,-97.85969780150778,276.36706836767314,30.14321078421663,-294.8400823292591,-17.372521884763906,4.9605410307247855,12.636625206536324,-94.90041210106841,-499.9534378431386,152.21217401418428,28.534354380886526,-38.522976329504274,-287.86350303208746,-99.8860557027763,-0.8392828375516955,-129.6809852255173,125.5946849592082,-312.63242728005883,-395.8760832090198,-401.9087478731803,-212.99210920407197,4.346333787712621,-0.896461493435984,95.18067725303678,338.8652028604732,224.89776246766246,-232.17989725550785,326.5726341268642,-260.8353766846532,-70.6025961284172,15.104293961178579,253.20857628856157,151.99988757115648,-1.620215311496279,488.2298996338782,-475.36653314347177,-218.56557899724916,-119.5155657145052,-327.33477702859074,-220.67638079966488,406.3548526367754,-66.23088007911575,-208.52700954834074,-464.97123145521806,-117.9926707310764,374.9352715631805,-133.52491649185083,499.99596459215564,-422.5751152448636,291.6758815890733,-406.68904718163634,205.95875634056247,473.0370401173109,456.5584455676172,-98.2683637696193,23.85369949628869,358.229577235368,-16.672045589422147,-23.618752110411993,-121.37404072637618,-297.55763183483737,-202.17045328590095,281.01785889403294,-245.74294569126045,-336.4365143035421,-6.122663325807094,-70.25550430093395,-174.94216525289477,-116.67785527571785,-109.40965509140932,-394.94394839255665,31.355615590525215,304.35498530642496,390.003708350781,22.304711447875263,498.25575021213604,-378.3206964933452,336.3872439072759,18.578286168804638,429.4934033194285,-26.172252762684817,-12.906886044050367,-474.7987164417293,-207.12774483410513,-437.5738821419208,408.1220727368821,-127.21700255349003,-4.342906821261402,-494.8689651580456,64.36686201349262,438.0288048415715,79.81880659092346,107.37054721927801,-216.26387126490363,398.96178283436484,305.8099111983813,206.9695372331163,453.7377919527198,25.474507574905502,222.0105377500927,103.177332052094,-301.2980616510943,20.902698622268108,416.31306121331056,-207.9147671242711,486.70707682674714,172.65079371878335,268.0881008719806,-67.78565824163606,-499.99999998282544,445.19862048264145,-108.56152353031882,57.1567468333746,136.00882226163355,193.0465210513599,47.9165579367879,22.584994531200564,-159.8726031814244,-7.9230551854007745,-109.42856306629554,13.440216260685022,0.10360720654379867,84.50136962540945,499.9800050063795,-170.29360303740688,159.9563937827437,437.0077968114153,278.83659947431505,-140.47013186438187,40.881894168590314,153.12977352896934,448.8770894619656,362.6673678767884,422.6682738977916,496.7053186540924,-34.47899013295711,-14.158357952850055,22.022526323205884,-0.7515160758615889,-54.96333089552692,123.38761963334343,95.57174425151749,-1.5889408901241169,-51.22412547279258,79.21562147911668,7.057325760130976,242.57751156433716,273.08730185697164,102.53311186939949,-72.01113713903939,499.99983561110304,499.99999999999966,-59.108341720140196,-71.0509806844503,77.17291882095631,-4.813078712671683,-155.90744683688416,94.49502097384942,-181.76559972794522,-108.38464971474107,95.96966797821683,242.30078828368505,71.74055006542999,22.384911582388895,20.161476466303796,-256.90748991867247,105.43868523358861,-466.6957271843774,97.945289870971,32.508547217850214,-197.08615670189374,-498.4559778853976,-493.2398158950811,-114.59546883282908,23.82281527563848,-252.8779903331433,2.3062128995682283,39.204878354217094,50.7714742256443,25.967360956870856,-260.71029791323906,-7.936301665473154,50.73798476484796,-286.68593592070806,-128.9192963737246,385.0045857178751,71.42127138283644,95.16480306203078,-18.466645800431863,-208.0612356674711,-232.31834873645025,24.53345959671193,1.9378737942603377,67.01941362619178,-44.30505541388907,286.6012090359197,-115.73962580255197,256.3307453652885,27.687219136877577,24.15022860756557,-499.9994582131201,-2.7148111257702085e-05,-5.87059031203784,-69.44129767321408,118.45216093751317,-35.54056916405703,-111.97935909000194,-38.04388778184631,-15.961062035805464,117.14700213851627,99.75675840015803,-48.71939089695773,100.37055477973195,-109.60725468192982,-22.661257215502797,-88.0119245403861,-225.88022600626704,-17.20697553061349,-50.59415650510226,29.51826599622018,-240.99685531312556,56.52180497561178,-43.35053655919158,149.98425093545626,16.974536463468702,-282.8869134758964,455.22195698471097,-7.751217354285322,-377.219230104855,78.04352793237568,-8.582946521746873,-451.62652057802245,85.2905389064179,383.958988415977,-2.7148111257702085e-05,-380.55837328149283,-85.57907337075392,300.8188410628669,-365.01028185789096,415.10775584396396,-499.9416384351231,-499.950302053897,14.088641381894897,71.65179295124352,-393.61783897131863,124.11319707716555,-424.2499907969903,-499.9999821130796,7.063289770407594,-21.732616926618533,205.886722898387,-498.64823169432407,-155.56602396308503,-184.5456449156017
271,-1.0148265573661774e-05,-499.9999999989616,499.99366594384,84.16519241781991,406.32230204427697,-1.5231318684527642e-05,39.450735120934695,197.81182151907038,-20.543491959065936,-81.64231942808324,-16.24287656565008,189.11965004628814,351.26228934388473,-120.20202703290933,252.2533641949109,199.60924057385913,377.68027798095994,499.997778165127,-25.087558451854395,-495.7170610701266,177.8380835732172,499.99999999989126,6.197808117868113,265.980148586785,-307.8215432263319,-98.20837092072695,276.267285957334,31.2202223789503,-296.3318043634295,-15.679710885407246,5.030248152508082,13.459907376436215,-94.95629474922781,-499.95343773177024,154.07733176521737,28.439610728100575,-37.21560669270337,-287.72585605272565,-101.38829510970201,-0.8130998687487379,-128.48479496815355,122.26263103363715,-312.5183533105195,-395.79603111197474,-401.63943845699754,-211.49291510349644,4.370084309775977,-0.8506537938020079,94.49412896216022,338.9151308977801,226.23503736332077,-231.48623661145425,326.8020388407988,-260.8023376642743,-71.53955530910993,15.58053280080846,253.4139082963241,152.03132672361178,-2.3098198732365622,488.1957152983376,-475.3692592386654,-216.86760447604286,-122.1016075268686,-323.5584351408316,-220.3019456740433,406.63151205191525,-66.10433242592022,-207.4381655158007,-464.974214924856,-118.10586300757059,375.0811874744846,-133.56073945307398,499.99596121059795,-422.584479598533,292.56706020367994,-406.77845377397625,206.00552402554078,473.06061206629107,456.63210006886965,-98.45808534291059,23.85738640081815,358.24186015739707,-16.68684232200798,-20.118524117467185,-121.11810380697699,-297.55637259533296,-201.75869135819195,281.2991684105919,-245.24370961486648,-336.76749257430583,-6.4159687451244345,-70.44927583770317,-174.7503952711808,-117.29423720470263,-110.29123573387602,-395.2348284300194,31.867928326684286,304.9354641103513,389.5521659000814,21.65297881072164,498.2627796606128,-378.4877188927255,338.08920968995983,18.08983664842037,428.98491376525095,-25.792282179255082,-13.253314680305627,-474.78475340029263,-206.8924525774023,-437.5980234106387,409.8127748675605,-127.3496923548672,-4.443146072552145,-495.0516207039756,64.41158122571952,438.46102784690095,79.44643598045468,107.15236567178297,-215.62314847141022,399.21544663296044,306.3786098316863,200.87987085413647,453.85402692385134,26.965139019960176,222.0492257421668,103.01759675908771,-301.804188516819,21.850479818106106,416.4212248032629,-209.9096838160945,486.69760380367944,172.70659611122264,268.17604702900513,-67.92156539317553,-499.99999998283454,445.229303114617,-108.74485566316714,56.437510675847086,136.2036095241995,193.13270537618737,47.84992524038737,22.67004170699106,-157.50225410528998,-7.566660849307818,-109.3184233777427,16.688981828607325,0.19330965795363184,84.30857826182532,499.9796151279393,-170.42390418996496,159.80330489927263,436.4587194657839,279.56378553334224,-140.636324224656,40.7864703738446,152.45937881776538,449.00907047564095,362.4133744306169,422.4663132794922,496.6616577686663,-33.44758947396556,-12.096410024529284,19.78072353994743,1.2727501532454886,-54.53167380995849,124.30638389234497,95.9087457334842,0.56370150981318,-50.64575743464684,79.57624139981422,6.262408724861458,242.74451861263105,273.94106822950135,101.77341771959588,-71.82735233175345,499.9997895376443,499.9999999999996,-58.356565431337934,-70.38098857862133,79.05041020189283,-5.028877054586763,-155.00144496762618,94.73567710262873,-183.06175047427956,-107.06243027916713,96.834550397513,243.63881151796568,71.26951256049166,23.67569666548513,20.9236503539971,-256.9057598043083,105.58861382622176,-466.6906692598229,99.28290710857999,32.621800601948244,-196.9317642996359,-498.46762463786627,-493.2398689027225,-114.74236426147978,22.26111960339437,-253.24515915778838,1.9736977701502711,40.16831111782393,51.4100843549245,25.752643063565902,-260.9858102158281,-7.9170776547718855,51.00726606744105,-286.60685066949185,-128.46485504898095,385.74826959979697,71.55230490812495,95.6318482507021,-18.246067676947465,-208.02063722619644,-232.45742459782235,24.005576570834073,2.203878970652957,67.03829647364608,-45.009024328532014,286.6213043764049,-114.95033057195906,256.183585728215,28.207041759746335,23.2482949275527,-499.9994179201388,-2.539739944040773e-05,-5.9036642695377815,-68.96671059205075,119.17565301828463,-35.91955224381055,-110.40154644167481,-34.857677578696304,-17.049173476237353,116.72117697149447,98.45448589220247,-48.77124991724727,100.07193254373009,-106.89421879265808,-22.61934911446716,-90.43519079092552,-225.6311814799974,-16.849724266086604,-50.817522593650054,30.076698769964494,-241.4899304499922,56.10630325943663,-45.31411875340135,149.32411658302192,16.725966197444528,-283.71520201576783,455.5521972259742,-7.932243442870999,-376.98916618623997,78.5483656886031,-8.428278755952222,-451.6620935009816,84.9748683932826,384.0446768627922,-2.539739944040773e-05,-386.11302789810054,-86.74488950914744,301.999197816531,-364.519543254681,416.1023645223051,-499.9433401064694,-499.95030306650165,13.340119535585332,69.10699782213143,-394.2124545831464,121.34800848894714,-423.7735200974196,-499.99998211315204,7.074618753590991,-21.47651524638534,210.26913993573515,-498.6455096215997,-155.80499744718657,-188.60820868952175
272,-9.493825928075237e-06,-499.999999998649,499.993682177329,88.93402793560966,406.32980248695253,-1.4249089872464534e-05,37.862939675923755,196.33341105493315,-21.256436775642403,-81.81983603908698,-16.639710048656518,189.13594268055462,351.2449960014862,-120.94534167959928,249.3150393631257,199.1179683971447,378.07811035900977,499.9978039159857,-25.55600414917039,-495.70515512944775,177.8796590846745,499.9999999998669,5.199189733607583,261.14240949041215,-307.9388054609097,-98.57124261051563,276.1356394993579,32.288236289195574,-297.7737955917361,-13.917635512209149,5.1000286519066105,14.305514380623901,-95.036479972365,-499.9534376230758,155.91497303777587,28.447183902077974,-35.8013976256492,-287.5877213357097,-102.82053103604281,-0.78010668617743,-127.30614311942622,119.05627028652623,-312.4153911624482,-395.72106701511365,-401.3459631335608,-209.99004358247865,4.3932368240006445,-0.8049936449143315,93.81943834105543,338.9632707074242,227.56986762805025,-230.80392923315893,327.0440663301734,-260.7630083265032,-72.45962101719701,16.047189410048,253.54809858500926,152.04327179997853,-2.9745991180564557,488.1598121187733,-475.37253849327396,-215.18818480772734,-124.5956537050055,-319.40035044720054,-219.89725973677963,406.90094284378023,-65.98840799941922,-206.371320062044,-464.9770101236168,-118.13537196889176,375.21989713593996,-133.59434589157817,499.99595713634113,-422.59708141517615,293.46536488929786,-406.86596704984,206.05284298790457,473.08345652948714,456.70348228112715,-98.68062866831588,23.859099395257058,358.25405796206843,-16.732126945963703,-16.519643246293366,-120.86186041707468,-297.5575269886071,-201.3490818734667,281.5598606615302,-244.7524351053769,-337.09013940183104,-6.715451008201384,-70.6433850424229,-174.55414263936,-117.91776741006991,-111.14228071399546,-395.46218866585775,32.431073565184384,305.55009787183184,389.1128409119576,21.026467350632743,498.26953286348316,-378.65347812089664,339.99190641899224,17.628783008052793,428.4759579869661,-25.374271452900373,-13.690300740225632,-474.7674097169029,-206.70573141408292,-437.62181651612445,411.541037976923,-127.473668101271,-4.543199456883272,-495.22205321370393,64.45381091282763,438.8780714607243,79.00776095654861,106.99332106253891,-214.98896444326445,399.4491846160297,306.94648928728327,194.92735197114487,453.9631158043252,28.316549117472572,222.0550204852051,102.89063170637755,-302.29691497107893,22.800504715225195,416.5407937864954,-211.8646937710128,486.6853932752232,172.7362901347327,268.26858447124124,-68.05464642791279,-499.9999999828433,445.25996810618017,-108.92439166257115,55.72778508890896,136.45145578845404,193.23963921414028,47.7876385341842,22.757792149654502,-155.03955677421945,-7.197154945695152,-109.25000403517832,20.045390382843017,0.2856545197984494,84.10013760334827,499.97922215112766,-170.65900003774652,159.69607792278393,435.8515781407056,280.3496283030566,-140.78075072651782,40.673491981930574,151.70298115920212,449.13192474583116,362.2032609063623,422.1932843590546,496.6165016737532,-32.252914370709156,-10.002237607294067,17.490639939679237,3.0039523312212633,-54.041708281240965,125.19278029614517,95.6779696645579,2.7820492309878766,-50.33857374467144,79.784104863036,5.543898564726122,242.8548150918503,274.8616239190247,100.89755511887837,-71.67758713480359,499.99973439112557,499.99999999999955,-57.55769402039124,-69.68972894771306,81.07252488494497,-5.271735691230054,-154.03841666856383,94.9173026760109,-184.29591847962962,-105.72680093906844,97.66957342223832,245.0916628511512,70.85260295450058,25.073066975294644,21.613691954796426,-256.8811530892427,105.71144476456806,-466.68118717413734,100.70780547950156,32.740384433799626,-196.75784785082277,-498.47841691972167,-493.239186165517,-114.87186698955142,20.69894345220718,-253.5978864788667,1.6192670590251668,41.21222871650672,52.11094520553311,25.513592294209534,-261.26362976602854,-7.891818292674657,51.23757711631231,-286.52767624342266,-128.01854425386117,386.45331872076963,71.68014798099756,96.13124496302842,-18.038188306235607,-207.9756929398512,-232.58786200333066,23.47221026597147,2.499036919554391,67.10134494465426,-45.751050246338316,286.66982459397536,-114.18759554816512,256.0503872859799,28.742896655084877,22.306453283977383,-499.99937053760635,-2.375958138145505e-05,-5.93149076520548,-68.49472642400231,119.94081723250143,-36.33219230420029,-108.83354774534088,-31.782335175284913,-18.19740255051032,116.41230587482764,97.25601338303095,-48.861703880360345,99.75370056007704,-104.20568255308032,-22.543375757217326,-92.84214419273837,-225.3848764024201,-16.53669897858026,-51.0159049024125,30.611240376962513,-241.97000461365954,55.70438573217269,-47.23731683417137,148.67804919627224,16.522846182244894,-284.51306208934557,455.8937093256288,-8.138544775748997,-376.7592649597383,78.94717120481474,-8.266229191828455,-451.6966989870963,84.66830807000514,384.13115944839313,-2.375958138145505e-05,-391.30777418264347,-87.88115405680253,303.1339087340865,-363.9592536780706,417.0543187689581,-499.9449355472949,-499.9503040393784,12.625671738969261,66.65912178983993,-394.70573350728444,118.70683562554377,-423.2392868379404,-499.9999821132217,7.107775212566412,-21.16333977681787,214.50306744403832,-498.6406950668236,-156.021794589087,-192.5233243805153
273,-8.88159411260858e-06,-499.9999999981974,499.99369733477835,93.45109880285379,406.46952101991883,-1.3330205547390504e-05,36.37017562630429,194.8429949725852,-21.78224048540509,-82.04371549609948,-17.056960220169298,189.09871744794017,351.26538122051045,-121.71233554996194,246.52373472555777,198.59521205117005,378.4306381739334,499.9978301297498,-26.012075624069606,-495.69436286958336,177.9458932862975,499.9999999998377,4.186133723089958,256.45479027050527,-308.0385677907522,-98.9530839233407,275.96743928716006,33.346168608063785,-299.1689513286536,-12.057856348460032,5.17047901268441,15.193742126144496,-95.14519554602391,-499.95343751700585,157.71702120729933,28.562368269385363,-34.280927196606974,-287.44921136303276,-104.1856670839176,-0.7403607546441858,-126.14884559747333,115.98080789769763,-312.32639089187967,-395.6513384053183,-401.02800821392174,-208.4839822134539,4.414285139921867,-0.7607467269160209,93.15698511841279,339.0099228273539,228.90178394386743,-230.13483826630056,327.3056776668953,-260.7178979533219,-73.36050153114742,16.501943302222077,253.6001099162661,152.03984282297986,-3.6127985861773135,488.1220989065675,-475.3763591406433,-213.53132076314046,-126.98976505511943,-314.8232046949695,-219.45981140303357,407.1646260560985,-65.88691933872508,-205.33025033718067,-464.97961883617313,-118.07643772549855,375.35336606987823,-133.62527197468685,499.99595235002784,-422.6121823255229,294.3783266174208,-406.9515180932652,206.1037017191662,473.10457833345987,456.7743382063227,-98.93966085772053,23.867126680343507,358.26619523701135,-16.802021984077424,-12.815574747708963,-120.60634575214561,-297.5623766992288,-200.94210413356436,281.79941384676493,-244.27038322498785,-337.40454119423225,-7.019837252066661,-70.83963169307158,-174.35357108388752,-118.5480576010906,-111.96450245869798,-395.61112522139314,33.044285221923126,306.19379420350174,388.6881969385495,20.424401240413825,498.2760509172538,-378.81773373822506,342.16715763843484,17.193760468728822,427.9692683740255,-24.91939942446104,-14.24053851382232,-474.74685870821827,-206.5679941664105,-437.6452177622328,413.3259959737481,-127.58728371642341,-4.643924507232457,-495.3813386019513,64.49310512822656,439.2821809716509,78.50095624995254,106.89759464045095,-214.36266097744695,399.66535400620853,307.51330332475374,189.11045538083636,454.0660277569519,29.51099043697191,222.0374301436693,102.80205941292279,-302.7767275610039,23.759860222246257,416.67826493299884,-213.7807023318685,486.6697823705189,172.74210315668424,268.36969096462684,-68.18458075915461,-499.99999998285165,445.289578731201,-109.1014415613467,55.02799718058183,136.7523674368808,193.37701228860635,47.73074951531733,22.84757373410492,-152.4901787126836,-6.815336479322079,-109.22513296896443,23.495729430884982,0.38010733527047147,83.87935614561346,499.9788278474042,-170.99713711866724,159.634475745724,435.18521029217663,281.19378298956656,-140.90237553546513,40.543253945901874,150.84581943275265,449.24548823964807,362.05078952951754,421.8504172432426,496.5699117523276,-30.900382717457045,-7.885807721002409,15.150899842145812,4.449082529031545,-53.49436327864628,126.04503246377493,94.90159467322901,5.05761191305982,-50.29100244946754,79.83569829876684,4.8995444827815415,242.92019780672624,275.8488007750076,99.9450484493117,-71.56021160908176,499.99966921311176,499.99999999999943,-56.717652850777625,-68.97677113417939,83.23858735167516,-5.534416909143957,-153.02412767689668,95.0469576907832,-185.46738975084963,-104.38160775595601,98.47530816867085,246.66202088771342,70.49779008394279,26.576776470646635,22.232838299146454,-256.830109119565,105.80837017085823,-466.667533221664,102.22030603053925,32.865894261980074,-196.56294483781497,-498.4883735816242,-493.23778411144616,-114.98110877164207,19.13924212366467,-253.9336003510742,1.2444469565383942,42.33615244955444,52.87524490420061,25.251724828451778,-261.5382734195554,-7.859362003956096,51.43001055355828,-286.44764133098295,-127.58420791958608,387.1200832777377,71.80379705006456,96.66207364962143,-17.843236353132482,-207.92569695003084,-232.70640541160623,22.935016033713936,2.819565211873675,67.2100845296785,-46.527611341149324,286.7439928754093,-113.45081962851219,255.92843853704844,29.295326055188966,21.328018482627556,-499.9993147392893,-2.2227381123229844e-05,-5.953005314584369,-68.02957870975557,120.74647216429304,-36.77558088112722,-107.28018652099574,-28.817320407043315,-19.399035729304956,116.21786998109326,96.15974062107918,-48.98967011673402,99.41687572105943,-101.5453259055478,-22.436248212016988,-95.2280005922256,-225.14180195075107,-16.262852559961697,-51.19269225996478,31.119525514969816,-242.4383325490456,55.320327266140296,-49.116004402114505,148.0431473741458,16.367956694605073,-285.2815241490469,456.2495388646539,-8.367718366037368,-376.5310888492183,79.24966701111941,-8.094941960956465,-451.73008624425887,84.37356652540666,384.2186592387579,-2.2227381123229844e-05,-396.1676893011814,-88.98601558645169,304.2249258226568,-363.3065305420371,417.96572502521644,-499.94642578717566,-499.9503049740863,11.944843204216287,64.30825010100553,-395.0991342847542,116.18568705255407,-422.64639196142787,-499.9999821132886,7.162044258955835,-20.7941220348915,218.58949604940764,-498.63379109552284,-156.21713456033558,-196.2940855687874
274,-8.308841643156482e-06,-499.9999999975288,499.99371139480934,97.70204360557332,406.74517611071957,-1.2470572983147575e-05,34.95938296039409,193.33526610577945,-22.121512538916534,-82.31586905347802,-17.49848233096403,189.00105977786467,351.3313703169051,-122.50469001995016,243.879713270222,198.03774661091575,378.73508538954223,499.9978563508822,-26.457760223882264,-495.6846451881941,178.03592780481117,499.99999999980275,3.156042051313813,251.92596831098268,-308.11360838569954,-99.36007459544352,275.7564686721904,34.39274493503758,-300.5200347234293,-10.068137584849703,5.242038302809487,16.14725021753092,-95.28792209786117,-499.95343741351115,159.47674837390417,28.791096945305902,-32.65617965176851,-287.3106913221475,-105.48654396539146,-0.6940948051988096,-125.01643620672142,113.04022650275502,-312.2549511349893,-395.586978183577,-400.68554770093556,-206.97517070336968,4.430955869656529,-0.7195357642014801,92.50671269885059,339.05540726305696,230.23066767349403,-229.48054624163663,327.5952379380262,-260.66790574931616,-74.24132835657844,16.94173080863249,253.5553705275661,152.02550850774702,-4.222721770364369,488.08247421741004,-475.38071300596374,-211.90047777176736,-129.27916743164727,-309.7875427818799,-218.98719876508642,407.4240628563168,-65.80451503940817,-204.31834422747025,-464.9820425127551,-117.92663591417944,375.48357432282074,-133.65302176990483,499.99594683101185,-422.6291193653543,295.3137890770757,-407.0351247713248,206.161366032811,473.1226498599461,456.8464660761403,-99.2401471243752,23.89066857816254,358.2782968390426,-16.891102556597097,-9.00058241437955,-120.353175544413,-297.57262213313305,-200.53814307315878,282.01747891582255,-243.79876016881914,-337.7110850663995,-7.3279648667013095,-71.03978629241429,-174.14917726149505,-119.18465260711947,-112.76167242210622,-395.66271906600457,33.70579516373076,306.8595670732303,388.2801174450916,19.845863759204676,498.282373080067,-378.9804811976468,344.70195344872326,16.783171737301156,427.46670428220904,-24.429594011177727,-14.93323069377065,-474.72323779079045,-206.4784476493581,-437.6682102998131,415.18874812805205,-127.68879413827638,-4.746484025108451,-495.53043853219486,64.52867816911069,439.6754441871117,77.92420045566075,106.869038540935,-213.74616744134246,399.8663240600746,308.07896454283167,183.4272833937253,454.1637169622658,30.527361078743656,222.0075149570745,102.7580851811778,-303.24457552153353,24.737198948603375,416.84047728081237,-215.65979289021783,486.64990948259697,172.72690180289518,268.4835560065817,-68.31124618309806,-499.9999999828597,445.3167322114895,-109.27743766157151,54.338110890625316,137.1056515297327,193.55664219849243,47.68047177029741,22.938594751626724,-149.86070790908448,-6.4225467793196,-109.24596853466174,27.025427127275343,0.476023430231439,83.65047298190586,499.9784334740116,-171.43567434182694,159.6178670330679,434.45837348129004,282.0951114795819,-141.00072519602523,40.395977834883205,149.86837885490408,449.34963086973465,361.9727076928778,421.4412349975771,496.5219588713206,-29.396019243473575,-5.75635195570249,12.759786964848715,5.622814287976295,-52.89130839114771,126.86213383213851,93.62237288948646,7.381166741335913,-50.482351862769036,79.73217792555681,4.326564155354799,242.95153427837226,276.901488506728,98.95411922457997,-71.47213071533662,499.99959308090456,499.9999999999994,-55.842415571172204,-68.24218295245075,85.54624928552164,-5.807837921940769,-151.96470721905365,95.13137542436625,-186.5758997167799,-103.03079595955718,99.25178561282,248.35115347860025,70.21228748861795,28.18532740523859,22.782409263758925,-256.7489053631763,105.88032812748203,-466.6500903728313,103.81956867829395,32.99959411087749,-196.34576064071422,-498.4975197338896,-493.23570049169086,-115.0677289784074,17.58423094580744,-254.24955825519112,0.8505606839856809,43.53850985912347,53.70335002308139,24.968106095149345,-261.80366879715274,-7.818735552685488,51.58542152006021,-286.36621955797955,-127.1660146230588,387.7488733387498,71.9217021278172,97.22259602166969,-17.66187527458467,-207.86990022957016,-232.80928744048782,22.39521200197585,3.160339490179796,67.365213621457,-47.33539605203611,286.8401802480979,-112.7388133632874,255.81432576997233,29.864622956102398,20.315881275484976,-499.9992489206577,-2.0793995645362877e-05,-5.967132964838683,-67.57671127564493,121.59052771165106,-37.246872413322194,-105.74641182901264,-25.960456199807787,-20.647249814273216,116.13421568640284,95.16305500763468,-49.154359864883176,99.06191212169139,-98.91660605716358,-22.30156239476515,-97.58842821816053,-224.90225116991965,-16.021073672494953,-51.352818694615074,31.598745971099053,-242.8960621457736,54.95967673077811,-50.94693535620197,147.41552468746733,16.26315828268186,-286.02143785801223,456.6218875922113,-8.617463004959587,-376.3063651212455,79.46985697304468,-7.912643008694485,-451.7619018087621,84.09431550911557,384.3073796759767,-2.0793995645362877e-05,-400.7167229892339,-90.05812370528389,305.27412603085224,-362.5324549549139,418.8385811814788,-499.94781285221666,-499.9503058721227,11.29675390877767,62.05575932256478,-395.3948166005433,113.78034520700363,-421.9943583767972,-499.99998211335276,7.235699904640391,-20.371850458128897,222.5295109671042,-498.62480881215447,-156.3919140379025,-199.9247530928948
275,-7.77302193455398e-06,-499.9999999965125,499.99372434194703,101.67401499048216,407.15963539001547,-1.1666375939967109e-05,33.619086930686656,191.80527053818633,-22.27444895900154,-82.63813657068945,-17.9686054758701,188.8340407276016,351.45240523955414,-123.32447403544187,241.38291660249084,197.44275540508676,378.9886965504028,499.99788210981995,-26.893433394044937,-495.67590997914414,178.15017614003116,499.99999999976126,2.1059826638135806,247.56358422734164,-308.1548374714852,-99.80015900355117,275.4944684155724,35.42664485713152,-301.8297056368708,-7.912832093566165,5.314930553947059,17.189781910038523,-95.47182549346184,-499.95343731254275,161.1886006275546,29.14005770903452,-30.930426164513563,-287.17288397182904,-106.7258867987991,-0.6417885657051033,-123.91207156531758,110.23805344875176,-312.20563561993555,-395.52807995957204,-400.3188454323862,-205.463944203815,4.439981283034327,-0.6833244141184568,91.8685059669251,339.1001219492261,231.55677384190182,-228.84235669503454,327.92271343325234,-260.61437299977865,-75.102673945082,17.362561984696974,253.3942869028456,152.00524418379223,-4.802730778558924,488.04083205747025,-475.38559203754477,-210.29839814136633,-131.46154381089494,-304.2520034131329,-218.4772800803531,407.68084135820516,-65.74712363500026,-203.33845190686455,-464.9842822200467,-117.68582781215186,375.6125615242116,-133.67707355716004,499.9959405566889,-422.64728325214475,296.2801522236058,-407.1168861737282,206.22954905477357,473.13593372239956,456.9217516986731,-99.58892411526307,23.939980683693182,358.29038808952436,-16.994246911972816,-5.06997978429745,-120.10475003864836,-297.5905230742967,-200.13746919087927,282.21420141773376,-243.33872505351937,-338.0104371672385,-7.638997153539664,-71.24551029030707,-173.9418973453711,-119.8270242519641,-113.53959438180894,-395.5937554923961,34.41279616173007,307.53833813274764,387.88996343854456,19.289820448015178,498.2885378652807,-379.1418945746579,347.69830336465805,16.39523028628877,426.9693376895193,-23.907529273650102,-15.805950528341606,-474.69664207874996,-206.43515472611173,-437.6908008200741,417.15246814906857,-127.77637974025221,-4.852455898530443,-495.67021249811603,64.55927873916605,440.05984167119476,77.27592584378164,106.9114203301979,-213.14183944521048,400.05455254210364,308.6435360502825,177.87570148031014,454.25714989903906,31.34032783407143,221.97748313015268,102.76586449487056,-303.7018025931889,25.742779653509107,417.0346638106603,-217.50517671796328,486.62465712487295,172.69453885802918,268.61464781963326,-68.43470419401373,-499.9999999828675,445.3395643684319,-109.45399459773404,53.65781793313824,137.50985841175643,193.79240295610185,47.638193994289935,23.02996139517814,-147.15914173757145,-6.020570039547904,-109.3148073269586,30.619064992483263,0.5726623107497605,83.41844722863628,499.97803986178684,-171.97080453335613,159.64520814019323,433.6698685414231,283.05173137987293,-141.07578457361436,40.23194362991437,148.74473396291378,449.44430881897597,361.9890076837235,420.97171080117414,496.4727348022375,-27.74785739995933,-3.6221279004319893,10.315464724567248,6.549756776564145,-52.234934912343604,127.6438101263583,91.90535118050845,9.742699061512463,-50.88263354702467,79.47992987311873,3.821587598472712,242.9573451485333,278.01771357003116,97.95651945936119,-71.40877249971709,499.9995051207212,499.99999999999926,-54.93788416008576,-67.48666553127767,87.99156777646033,-6.081761555007756,-150.8665862763187,95.17614707045622,-187.62115641758223,-101.67823461770831,99.99819078546443,250.1589211674383,70.00166134797297,29.896046054777823,23.263927863770803,-256.633671501882,105.92785373377299,-466.6293557892116,105.50364008039344,33.142522737523905,-196.10524590923222,-498.5058850761912,-493.23299373437555,-115.13033918738324,16.035599049346565,-254.54303119822598,0.43874787237744917,44.816670712117876,54.59486109968527,24.663308369489833,-262.05346718332345,-7.769423026535762,51.704381206394274,-286.283347014429,-126.7683887918059,388.3399875506356,72.03168854862314,97.8102643634454,-17.49522206380678,-207.80754745455448,-232.89223661790876,21.85359068077664,3.514835091785528,67.56664414655688,-48.17128352187495,286.95393940592515,-112.04971373588816,255.7039598775439,30.450708546365384,19.27249401741557,-499.9991711354864,-1.9453036657068868e-05,-5.972942320398284,-67.14296707720312,122.469988917256,-37.743224267715206,-104.23733968729599,-23.20743710626208,-21.935030886645688,116.15667872954394,94.26240681746864,-49.35516534221645,98.68865880675561,-96.32267450616256,-22.14340904449125,-99.91940019091778,-224.6663068206395,-15.80225987651732,-51.50307781597465,32.045837807732944,-243.34421623676536,54.62915602920891,-52.72748535438907,146.7906283892891,16.209478259914835,-286.7334800717323,457.0121467246219,-8.885615583762199,-376.0868913017805,79.62598817024475,-7.717599028697911,-451.79168901618823,83.83514802544374,384.39754689440724,-1.9453036657068868e-05,-404.9773654211628,-91.09665609184968,306.2832792880745,-361.60127432433313,419.67476945020564,-499.94909916758587,-499.95030673492647,10.680007565652046,59.904171580499714,-395.59534390214276,111.48633086909943,-421.2831207392133,-499.9999821134145,7.32622513281284,-19.9007757440039,226.32435942113037,-498.613762016404,-156.54719878052825,-203.42036762244808
276,-7.271759386640042e-06,-499.99999999492354,499.9937361712752,105.35594446519711,407.71482529162796,-1.0914041922660543e-05,32.339413798808934,190.24845153902737,-22.240952830341726,-83.01243723709165,-18.472256708865878,188.58637996820738,351.6395408733528,-124.17446711036487,239.03299618384108,196.8081230194172,379.1888288832327,499.99790693678415,-27.317329107712062,-495.6679928538725,178.2908247444776,499.999999999712,1.0326012234513222,243.37389905507075,-308.1512351544515,-100.28325071415014,275.17065950903196,36.44657877315291,-303.1006489740814,-5.554677560099595,5.389083777956378,18.343736061939442,-95.70610320707807,-499.95343721405186,162.8477625805299,29.616854056406005,-29.10796451680434,-287.0369889122935,-107.9063451944743,-0.5842644346083017,-122.83893866009245,107.57746024924877,-312.1841101108747,-395.47465912599233,-399.92842950898387,-203.9508079886436,4.436890194747157,-0.6543707305406823,91.24211044218596,339.14460748668796,232.8807616928505,-228.22143462379088,328.29976027806225,-260.5591704817444,-75.94666027241873,17.759590378111643,253.0917769548948,151.98460762585336,-5.3513879929189425,487.9970705463966,-475.39098417099615,-208.72754498628925,-133.537112437673,-298.17363367269616,-217.9283714027416,407.93671427555324,-65.72220281104087,-202.39328737921286,-464.98633860307007,-117.35609450286803,375.7424604374342,-133.6969084648163,499.9959335034265,-422.6661094242215,297.2865745026654,-407.1969795040609,206.31257172146064,473.1422213631641,457.0021744355763,-99.99521272190442,24.0264445961646,358.3024949635261,-17.106653371420958,-1.0203490460735718,-119.86444935270501,-297.6190379624863,-199.74022018926638,282.3906716084471,-242.89143870666197,-338.30354170205817,-7.952527540874218,-71.458277527575,-173.73324040398313,-120.47499222509467,-114.30648170709733,-395.37681414332644,35.161489121986435,308.218886783337,387.5186106984547,18.755168766048232,498.29458429001545,-379.30224285207436,351.267652163064,16.028039317046048,426.47748433512794,-23.35670617955436,-16.905314072198728,-474.6671143314448,-206.43585552135264,-437.7130193131759,419.24081897586905,-127.84829739686381,-4.96392902981797,-495.80142829221046,64.5831028512159,440.4373064553036,76.55500798429334,107.02853349922556,-212.55222043272784,400.2326453769614,309.20724324144976,172.4534629952967,454.3473311824734,31.919714233363997,221.95942392499506,102.83383060871742,-304.15019655878837,26.788145077205137,417.268299567543,-219.3211638888243,486.59259901358837,172.65023651717738,268.767689316971,-68.5551918663508,-499.9999999828749,445.35565561543615,-109.63303642008269,52.98661391249952,137.96270720423425,194.09953502064425,47.605297320869205,23.12070371214086,-144.39489931078035,-5.611495786556847,-109.4338679275953,34.260662893483854,0.669212200367445,83.18817086116353,499.97764745039706,-172.59745749529023,159.7149895967071,432.8186530138042,284.0611217069177,-141.12790256234717,40.05162450950875,147.44142416200324,449.5296379898488,362.1228842955357,420.4496903929416,496.42235461370643,-25.96648199012647,-1.4904457234672104,7.814477950094786,7.25738934541578,-51.52833100500913,128.39011336844507,89.82512932828911,12.131614028352685,-51.45777574779689,79.08948805724363,3.3806287231115135,242.9430362742349,279.19479901704494,96.97612698000127,-71.36484375997419,499.9994045335414,499.99999999999915,-54.00974373449573,-66.71166999496512,90.56924551113858,-6.3465473796719385,-149.73632694307582,95.185405801818,-188.6032166012567,-100.32743731343204,100.71280415770924,252.08387640491898,69.86874055131891,31.705276387631557,23.679351303344294,-256.48048916831107,105.95109670863887,-466.6059081237928,107.26960296428749,33.29572359605701,-195.84060291454338,-498.51350167393707,-493.22974026791786,-115.16899644797412,14.494707324352328,-254.81131178339888,0.010090184699032726,46.16705646671779,55.548759702733285,24.33747003307514,-262.2811368708583,-7.71162108448388,51.78727411601503,-286.19959904608663,-126.39596917540302,388.893737005428,72.13099897148305,98.42179702277694,-17.344772710685522,-207.737932210031,-232.9505100536853,21.310634209677744,3.8751602506550564,67.8136162870547,-49.03220163070196,287.0801807436763,-111.3812304594365,255.5927208994242,31.05302310171716,18.199898886844224,-499.9990790150151,-1.8198552425019436e-05,-5.969884691068819,-66.73664676405846,123.38103334362357,-38.26167600018499,-102.75783631354942,-20.552797954094565,-23.25495294596383,116.27968079743572,93.45333052610727,-49.59146743467155,98.29642822956465,-93.76627829380155,-21.966082721087215,-102.21697117488996,-224.43389907407803,-15.596509728076514,-51.65243147579332,32.45769577332595,-243.7836871236944,54.33603428112224,-54.455506942914276,146.16346675371568,16.20732148330463,-287.41823973286614,457.42098472921026,-9.170211388607994,-375.8744358447251,79.73799520404046,-7.508060770840055,-451.8189086294453,83.60128484148181,384.48945743503253,-1.8198552425019436e-05,-408.97046741546393,-92.10118991601782,307.2540186445834,-360.470349624461,420.4760504264894,-499.9502870857159,-499.95030756387905,10.092839071388038,57.85681571310447,-395.7033350499035,109.29895057494917,-420.51296541829106,-499.99998211347383,7.43062817279202,-19.385680077328615,229.97550266225628,-498.6006611352043,-156.6842245789127,-206.78629880136342
277,-6.802823918405919e-06,-499.9999999923628,499.9937468959301,108.73910754858578,408.4116588531173,-1.0210220352746546e-05,31.11202750669991,188.66092361463564,-22.020690503839408,-83.44078500095671,-19.01482671210552,188.244675305716,351.90534278054764,-125.05835621651212,236.82938700878321,196.13309223815526,379.3331078662116,499.99793037583163,-27.724873827714664,-495.6606321428387,178.46242568702291,499.99999999965354,-0.06776578598081372,239.3621203872091,-308.0899377374404,-100.82068376855895,274.77167464556726,37.451326763334755,-304.3356564838778,-2.9577422165551073,5.464050342537622,19.627743604710172,-96.00176271295908,-499.95343711798967,164.4498621528977,30.230130165791365,-27.19390569363732,-286.90474574715535,-109.03044303310169,-0.5227699883267793,-121.80037588255335,105.06155981042917,-312.1969820701705,-395.4266016735958,-399.5150515918593,-202.43653477278366,4.4160549995971055,-0.6350432214524769,90.62734884688196,339.1896054529218,234.2037550585395,-227.61889865120347,328.73960270026276,-260.50467040310514,-76.77698305300943,18.12738517797815,252.6179092290062,151.96964837534222,-5.867578160387883,487.95110409211594,-475.39686942956774,-207.19032357752266,-135.50837557497508,-291.5083471580141,-217.33948510373173,408.1936697414345,-65.7385930699726,-201.48557062518677,-464.9882118557134,-116.94155696494838,375.87549990621665,-133.71205448106173,499.99592564878793,-422.6850908560005,298.3430088377386,-407.27565998137896,206.4154773590088,473.138846658092,457.0897652091619,-100.47054846272285,24.162453951110617,358.31464426501606,-17.22409439885261,3.1503410557695104,-119.6366786911234,-297.66180683557843,-199.34637485905543,282.54951346035745,-242.45807009489542,-338.5916225608805,-8.268568837221942,-71.67927815390244,-173.52535643512198,-121.12896591718156,-115.07245916974425,-394.98111373697566,35.94725259536973,308.8881982118302,387.16649559474365,18.240822669311438,498.30055296211407,-379.4617164921469,355.520805079826,15.679727706725362,425.99075054794633,-22.78136015098468,-18.284971485737394,-474.6346327593321,-206.47847525318986,-437.73491971993053,421.4757146180231,-127.90304083621697,-5.083483754406962,-495.92477164678627,64.59782586058314,440.8097600522337,75.76093209325838,107.22417673519854,-211.97989074623555,400.4033727976256,309.77049662130275,167.15832018131672,454.4353192527398,32.23081190768229,221.96406919040243,102.97195581342963,-304.59197296924754,27.885690503215343,417.5487122009085,-221.11295797247624,486.5519889045979,172.60096637918417,268.94750592134386,-68.67309572513301,-499.999999982882,445.36197809116607,-109.81682126049098,52.32392797121972,138.46113041122263,194.49359220432785,47.58302020054209,23.20983351021451,-141.5784744574154,-5.1975951495786825,-109.60510291681553,37.93403330239557,0.764845450500715,82.96378107898124,499.9772563057139,-173.30941788892616,159.8252345739487,431.9039371351159,285.1202361466579,-141.15770569402798,39.85580093971935,145.91843068998344,449.6059869630932,362.4000452286426,419.88401819561784,496.3709492577351,-24.064597912665235,0.6322697936070261,5.251656322070689,7.772247127315887,-50.77521110912662,129.1010971353538,87.45917272840786,14.537071550439974,-52.172937821880076,78.57448845228271,2.999136871696923,242.91071875435844,280.4295179572911,96.02999002681742,-71.33499051271218,499.99929061991133,499.999999999999,-53.06330484035333,-65.91943336149272,93.272838625997,-6.5946150875005385,-148.58077100898075,95.16206317252636,-189.522278072804,-98.98124266635922,101.3931659109836,254.12335991533698,69.81287437387205,33.608567624059276,24.03134904762197,-256.2854802087019,105.95002250777611,-466.5803657462299,109.11374048617937,33.46052878680957,-195.55133243923666,-498.52040142561066,-493.2260298181023,-115.18546493269547,12.962879553731057,-255.0518054508295,-0.4341778365782589,47.58529359526241,56.56361585517742,23.99046897787962,-262.4801442632411,-7.646409506818146,51.83452949632475,-286.11627280627226,-126.05356791336759,389.4104621175921,72.21647319081544,99.05334123306642,-17.212211727523684,-207.66045760424433,-232.97896856085225,20.766725106256864,4.23223450220834,68.10488536598386,-49.91491768886139,287.21350349586857,-110.73086752095826,255.4757658394722,31.670447878650144,17.09977516264504,-499.99896966674083,-1.702497684163972e-05,-5.958018591321906,-66.36744633125639,124.3191351749492,-38.79900844674931,-101.31247130531754,-17.990398484951857,-24.598941603059423,116.49692357647274,92.73062867385883,-49.86239366330243,97.88417760955022,-91.24985339553788,-21.773702544039605,-104.47701791367095,-224.20490385186554,-15.394202242922262,-51.811854549830215,32.831400703926974,-244.2152776716366,54.08738546557877,-56.12898922008976,145.5288915695426,16.256714338830882,-288.0763443105323,457.848451735941,-9.469526396415835,-375.67066902600095,79.82549062499952,-7.282235062307252,-451.8429827027688,83.3980853109374,384.58352066984565,-1.702497684163972e-05,-412.7151185309408,-93.07148847162782,308.18782591746066,-359.09104880877686,421.2440597114874,-499.9513785094377,-499.9503083603075,9.533351420181026,55.91719473109969,-395.721132867868,107.21342006561997,-419.6844505593767,-499.9999821135308,7.545791842811161,-18.831272956405062,233.48464676255128,-498.5855074078538,-156.8043737182835,-210.02781075747268
278,-6.364127330016345e-06,-499.99999998810046,499.99375655676465,111.81790679987985,409.24993114818443,-9.55178984440863e-06,29.930223616989323,187.04021221238415,-21.613147662236248,-83.92488911683726,-19.601519231140816,187.7948313098322,352.26344913762944,-125.98045770630823,234.7713412338465,195.4194899528905,379.4197011405766,499.9979519986454,-28.107995407178073,-495.6534422333039,178.672447373484,499.9999999995846,-1.1986103225939622,235.53249897467197,-307.95647941464233,-101.4232938548172,274.2824682783903,38.43979169784107,-305.5375268107708,-0.09120755143628857,5.539007061013625,21.05583217219527,-96.37022359799157,-499.95343702430813,165.99073469079957,30.9895533631782,-25.19389460127361,-286.778318771082,-110.10042404350703,-0.45894569180906136,-120.79979408746757,102.6935593266205,-312.25106417725476,-395.38360438513627,-399.0796363626798,-200.92208743466972,4.3713555674704025,-0.6275529923775761,90.02418750684718,339.23609078516256,235.52741853354138,-227.03586722528462,329.2565542463265,-260.45347902988743,-77.5985981558589,18.460506546580255,251.94102673126883,151.9665555502375,-6.350579420677832,487.90288066919976,-475.40321696517725,-205.6892135106725,-137.37969977555136,-284.21142424954684,-216.71055695710135,408.4539745437589,-65.80555092892787,-200.61806048199463,-464.9899016994936,-116.4480797492877,376.01395615385815,-133.72211676682207,499.995916975022,-422.7038208772394,299.4599872534626,-407.35326296144507,206.54404223323115,473.1228647667757,457.18649596350025,-101.02750431255976,24.360943334537108,358.3268637757379,-17.343474938320014,7.442851981490764,-119.42653089424635,-297.7228144917266,-198.95570927490394,282.69556280266625,-242.0396932642176,-338.8761844687149,-8.587489722405822,-71.90932406024065,-173.32088597440517,-121.78984609372935,-115.84804285912048,-394.3744245026133,36.765043420881746,309.5326638305612,386.83367340799026,17.745811199324606,498.30648667959605,-379.6200940166348,360.55153525619056,15.348611696096887,425.5080933913672,-22.186147628657224,-19.998775196907367,-474.5991000925714,-206.56117397509172,-437.75658253370096,423.8741156332333,-127.93939146928984,-5.213922650933024,-496.040855068159,64.60086136708547,441.1791233464785,74.89393334072399,107.50204910674891,-211.4273201531791,400.5696212733307,310.33392183069554,161.98811738070626,454.52222281169253,32.236710115087234,221.99992535331597,103.19182599181745,-305.0297762110322,29.048284292269944,417.88235658514094,-222.88611058530364,486.50085077468265,172.55569806904523,269.158692255502,-68.78889132238739,-499.99999998288894,445.35496384998754,-110.00768725694108,51.66926772244275,139.00154389298206,194.98900388002852,47.57249627256495,23.296417888982628,-138.72086493401167,-4.781212821036962,-109.83004685440405,41.62327437377462,0.8587879067163485,82.74842384048448,499.97686611446983,-174.09964570026395,159.97365291536562,430.92526541830455,286.2256719777386,-141.16604818740763,39.64563712114554,144.1340506027352,449.6740796108076,362.8471415569986,419.28363287227967,496.31865188770075,-22.056173316163694,2.740508770002285,2.621284034735286,8.11703632863275,-49.97970534428914,129.77672027788887,84.88068833539111,16.948487264749676,-52.99533350361605,77.95075757026258,2.6721955533782613,242.8592480011416,281.7182887957845,95.1299329348178,-71.3142831700555,499.9991628093004,499.99999999999886,-52.103288148486726,-65.1128082886436,96.09503750392075,-6.821216332757759,-147.40705056165166,95.10831518598707,-190.37879038560732,-97.64150440907478,102.03639644728557,256.2736331038321,69.82994642399363,35.600964238362074,24.323544125156342,-256.0449005971238,105.92475632489987,-466.55334047158783,111.0318022062359,33.638843926149605,-195.2372699255629,-498.5266137374888,-493.2219591534152,-115.18305619506667,11.441717596405569,-255.26207110265292,-0.8923965935569207,49.066517972570345,57.63790046055864,23.622211698985925,-262.64405702698315,-7.57574333262266,51.84696922734376,-286.0353001004602,-125.74613356634731,389.8905403485666,72.28490291137857,99.70079650462309,-17.099089262635594,-207.57468118470197,-232.97211647574304,20.222428727740212,4.576184905716412,68.43899875627339,-50.815797814171766,287.3486510092404,-110.0960485659409,255.3484768449979,32.301307238783224,15.973421155873236,-499.9988395476402,-1.5927078493405127e-05,-5.938063939265413,-66.04614934529614,125.27932391545632,-39.35158413489161,-99.90549194503544,-15.513796681486346,-25.958080287066338,116.80167181989793,92.08865819825085,-50.16656392067227,97.45080913016334,-88.77559960955415,-21.569779307101598,-106.69504069435632,-223.97923608305123,-15.186782541633006,-51.99329014228421,33.16445967806153,-244.6397735009846,53.889440949261726,-57.74578257811086,144.8818453434413,16.357547773091582,-288.70857889245946,458.29409080805067,-9.782024079626686,-375.4770996009593,79.90604486963262,-7.038345189574449,-451.8633502816083,83.23052886557791,384.6802811173099,-1.5927078493405127e-05,-416.2286743492175,-94.0073222214699,309.08603426013406,-357.41112928593986,421.9803108076356,-499.9523747096198,-499.9503091254858,8.999762087467495,54.08835672605319,-395.6505443772581,105.22503681796873,-418.7983214505845,-499.9999821135856,7.668796467346747,-18.24176225000431,236.85373506789435,-498.56828831827335,-156.909096814301,-213.1497344445803
279,-5.9537196648307145e-06,-499.99999998075896,499.99376523273935,114.59069047757619,410.22810970827817,-8.935818186728284e-06,28.789118252993806,185.3865977062185,-21.017746278230632,-84.46512231521459,-20.235989099046584,187.2253120934921,352.7276343003668,-126.94461963288356,232.85792274420757,194.67354499402163,379.447732626252,499.997971417746,-28.45469051629462,-495.64589438025786,178.93153888049994,499.9999999995033,-2.3622754829294164,231.88849756139797,-307.7352264505559,-102.09761443283504,273.68883416409,39.41106207549632,-306.708672827533,3.0669935306407266,5.612939352238615,22.64001995071844,-96.82017577883198,-499.9534369329592,167.4662191631901,31.905491709614946,-23.113756075184252,-286.6598535311203,-111.11794981390796,-0.39454715055535927,-119.84040926649853,100.47684018969008,-312.35182848153534,-395.34511804555655,-398.6232191286931,-199.40840377117084,4.297831536195199,-0.6336490059309186,89.43279807373905,339.28524872452283,236.8539998821149,-226.47348224751235,329.8650186500125,-260.4078164579539,-78.41680479829631,18.754426746702304,251.03453173333213,151.98093058625864,-6.7999464065845885,487.85240421856645,-475.409983771442,-204.22693001323177,-139.15649767218642,-276.2381234684972,-216.04250675085626,408.7201597895373,-65.9306235431071,-199.79354632487343,-464.99140737659525,-115.88284817535276,376.1600337075571,-133.72675709917903,499.9959074739434,-422.72207136770925,300.6480257164077,-407.4302071690056,206.70457536587563,473.09149758900037,457.2940879540281,-101.6766293496563,24.634368792249376,358.33918235042876,-17.46371677300122,11.857154437629543,-119.23882422102771,-297.80556836579507,-198.5677342876841,282.8364543439834,-241.63703151198348,-339.15900793443575,-8.909949683810328,-72.14879145526989,-173.12244425667,-122.45844783961515,-116.64101775714492,-393.52631118899257,37.61009930793184,310.14055285570254,386.51990368138115,17.269371357480143,498.3124302046685,-379.77620172589286,366.4140858313341,15.033363347386656,425.0279181781842,-21.575574840579197,-22.087363919476875,-474.56034013503825,-206.6818320304189,-437.77811927752106,426.44409624657504,-127.95623733615632,-5.357635320455962,-496.1502259769652,64.58994646472428,441.5472919713957,73.95509875628831,107.86559058547422,-210.89674557192058,400.7342668797241,310.8983844955093,156.94086404463908,454.6091702518919,31.90381306083446,222.07269023598812,103.5062556894113,-305.4666576786931,30.28911655284172,418.2737616757207,-224.64545160445093,486.4372411246412,172.52524684625817,269.40507009924346,-68.90303039522105,-499.9999999828955,445.3308074284944,-110.20741538676712,51.022386569096184,139.58044821390604,195.59742362193046,47.575039192666594,23.379637066302667,-135.83290037663767,-4.364652770764728,-110.10969268224697,45.31338106272884,0.950369052693125,82.5446556183864,499.9764761829848,-174.96077046923187,160.15803938201998,429.8825946566998,287.37393539975704,-141.15401978164806,39.422690684835615,142.0553837424568,449.7350781963064,363.48897865319503,418.65677192889984,496.2655826829702,-19.95557871976844,4.829694387079069,-0.07958143800999096,8.30751500615717,-49.14594344879682,130.41692932749478,82.15309241437565,19.35616985149032,-53.89658562778637,77.23526839292052,2.3949363396949868,242.78412456235426,283.0574411127217,94.28415738977239,-71.29858938022831,499.99902069232076,499.99999999999875,-51.133572823237046,-64.29474957492859,99.02807445350922,-7.024502142437385,-146.2226060170884,95.02621432891593,-191.1733772699127,-96.3088273249518,102.6395461944749,258.5300906460002,69.91308730408923,37.67744387885325,24.56064735318352,-255.75525741842537,105.87601690007399,-466.5253931833457,113.01940807766279,33.833414292329344,-194.89862772031938,-498.53216384257286,-493.2176250687569,-115.16607881612099,9.933430753470983,-255.43986149302245,-1.362182907434862,50.60588215879327,58.77044563628445,23.23303388388734,-262.76658941660264,-7.502224097253957,51.82625701660224,-285.9589700161693,-125.47871248511875,390.3343847221207,72.33358425342651,100.36033245608205,-17.006361827393253,-207.4803520712707,-232.92412223246535,19.678833638094897,4.896995316914251,68.81468343118375,-51.73056649519956,287.4809959354069,-109.47421395489621,255.20695469896427,32.94353067863249,14.821611509863713,-499.9986843060209,-1.4899982488714153e-05,-5.911275678378316,-65.78404114898177,126.25661352697126,-39.91518774619004,-98.54076427617801,-13.11663919271395,-27.32250551762618,117.18717624615971,91.52178115317153,-50.50185624972239,96.9955994391506,-86.34550897184492,-21.35673324215295,-108.86606160744911,-223.75692155591412,-14.967219222891929,-52.20736264898704,33.45502757097373,-245.05805139053683,53.747160262011484,-59.303373615073376,144.21757418743724,16.509808406340284,-289.31598590723183,458.7570422310908,-10.106203586554946,-375.29502970682256,79.99382053700361,-6.774838843710841,-451.879518297893,83.10280678732641,384.78040139700397,-1.4899982488714153e-05,-419.5269316421375,-94.90836149185341,309.94984064022736,-355.37905663110746,422.6862032507258,-499.9532763548151,-499.9503098606366,8.490618546766584,52.37243175659535,-395.4927128582503,103.32935635147001,-417.85543992044285,-499.99998211363817,7.797172528799914,-17.62064380511362,240.08489378027525,-498.54897547418994,-156.9997689711145,-216.15631727947914
280,-5.5697819334454834e-06,-499.9999999676484,499.99377304839567,117.06019975371333,411.3429305577768,-8.359573257621378e-06,27.68560500480987,183.70476937426895,-20.234181573596263,-85.05892708943007,-20.91844666219355,186.53215887777554,353.3102175622718,-127.95222733516304,231.08788924810736,193.90770240762924,379.41774202415024,499.99798829904216,-28.749459079759987,-495.63732182271616,179.25308197393255,499.99999999940763,-3.5586188195255755,228.43289044347208,-307.4102060710382,-102.84074712618744,272.98169527006496,40.36446698444278,-307.8504572903269,6.528238493841285,5.685091551040986,24.39637996524687,-97.35295186249505,-499.95343684389553,168.8719460353845,32.988148738485805,-20.959094802748627,-286.5506281698059,-112.08375298434589,-0.3308335113725386,-118.92483323583329,98.41486460486671,-312.50122117762976,-395.31032270020927,-398.14686929307834,-197.89609645980227,4.194351239899378,-0.6543146981150767,88.85356093834734,339.3383550392064,238.18624888132427,-225.93293150646153,330.5778219391129,-260.3685847488456,-79.23561108166697,19.006675045431376,249.88672631753792,152.01661551710643,-7.2151882466817545,487.79975678218034,-475.41711628386275,-202.80663432371313,-140.84387621037467,-267.54464037599547,-215.3369053064309,408.9949010212566,-66.11670059009526,-199.01480702917837,-464.9927276747192,-115.25377519555933,376.31567013706126,-133.72560405842162,499.9958971528478,-422.73990057070876,301.916513168214,-407.5069960453714,206.90335069694993,473.04286702402766,457.4137537837958,-102.42184872310632,24.992997844115678,358.35162989803604,-17.58682804789751,16.393202966654442,-119.07647532358675,-297.9118257043293,-198.1816347262265,282.98269273628665,-241.2500656984844,-339.44212344545116,-9.236857893871582,-72.39762293519219,-172.93169909283998,-123.1344662199207,-117.45219996443136,-392.41269754082634,38.47886806700661,310.7056353008722,386.2247798294656,16.811019942653214,498.3184287814294,-379.92726021673786,373.09802037691367,14.7331618967122,424.54824664163084,-20.953212202688725,-24.56040076784896,-474.5181108070179,-206.8370044635378,-437.7996774026836,429.18101354268856,-127.95215660724216,-5.515655372029394,-496.25337425741986,64.56400822102877,441.9160633822168,72.94640055265393,108.3177593868476,-210.3900890981955,400.8999646432494,311.4649795295791,152.01478347987964,454.6972463506613,31.210716138499645,222.18502326334055,103.92802293930214,-305.9060019617588,31.621595267676312,418.72435637737624,-226.39352402957553,486.35971233595876,172.52130520044366,269.68899763927163,-69.0157735966424,-499.9999999829018,445.28610194147876,-110.41627011306694,50.38347336535456,140.1953295747467,196.32605474749423,47.59260780760428,23.458810558946883,-132.92454774963736,-3.9500204771376057,-110.44439345416258,48.9908818319263,1.0390345985740699,82.35545384357386,499.97608548131296,-175.8857279758313,160.37689821612062,428.77636565815254,288.5618013007338,-141.12303265075013,39.188806921223296,139.67308886738692,449.7905832751084,364.34438927670556,418.01041426025404,496.2118370242419,-17.776828252683757,6.896120399072364,-2.8461117290999676,8.350439480601882,-48.27744357463287,131.02189359694094,79.32734941234094,21.75199848770276,-54.85393954083699,76.4451287813356,2.1631738582236375,242.6770995911164,284.4435449736364,93.49891399292432,-71.28478228681274,499.9988640519447,499.9999999999986,-50.156985713115596,-63.467412855189835,102.06425236951465,-7.204975600012416,-145.03533881357544,94.91824204460032,-191.90684717319226,-94.98241891739855,103.19984385637841,260.88756067696,70.05381432657508,39.833486206653966,24.748414561711247,-255.41347825775878,105.80557543012704,-466.4969994648867,115.07256765448808,34.04802065188502,-194.53606642724768,-498.53707215903376,-493.2131176062096,-115.13908003930331,8.441137334590882,-255.58315628361694,-1.8401584710559067,52.199239113231435,59.96102498716405,22.82416373399389,-262.84157472572,-7.428694882778764,51.775372605339136,-285.88952557962773,-125.25639622344801,390.74243628766993,72.3610196704256,101.02906367424737,-16.933851058868743,-207.3774525371881,-232.8288244931373,19.137901365537903,5.18540406373036,69.23131931857519,-52.65412199287033,287.6069289478882,-108.86287474517601,255.04842792732285,33.59505472720548,13.644272169022848,-499.9984985850487,-1.3939126802142706e-05,-5.87921675677714,-65.59201834745679,127.24657759521507,-40.48490905593724,-97.22176953403408,-10.792918808842261,-28.68144010299313,117.64722005007975,91.0249655176924,-50.86524335337933,96.5187224976504,-83.96137898498615,-21.135435770812048,-110.98465100831216,-223.53814696395125,-14.730030314163502,-52.46006525701026,33.7020760546184,-245.47122786889972,53.66409118787943,-60.7987619686219,143.53177667996636,16.713779466524297,-289.89993589429344,459.2361295531709,-10.440374046033345,-375.12553671906886,80.09886653767475,-6.490788540956805,-451.89109478103165,83.01810667835448,384.8845833137825,-1.3939126802142706e-05,-422.62443216278905,-95.77417524851282,310.7803203892564,-352.95039533148343,423.36303284059477,-499.9540837420563,-499.9503105669321,8.004937916755754,50.770418185464266,-395.24817162740993,101.52233161403453,-416.856743814595,-499.99998211368876,7.929046933943239,-16.970742098932995,243.18032544338254,-498.52752604190925,-157.07749433850543,-219.05129231576714
281,-5.210604285821319e-06,-499.9999999433329,499.99378017076094,119.23295348012513,412.58883486854404,-7.820486644050106e-06,26.617519154589576,182.00458912812306,-19.26317878290996,-85.699474970734,-21.644299880832882,185.72351880132152,354.01998529889784,-129.0001162108782,229.4594304164298,193.1407353481425,379.3318631273865,499.9980023714423,-28.975373097277362,-495.6269703307683,179.65155613786598,499.99999999929537,-4.784082349575119,225.16770873742587,-306.9666575383263,-103.63696255963929,272.1615481314034,41.29959919622413,-308.96260111835346,10.294152608333906,5.7555658378064125,26.350164019106245,-97.95884787404653,-499.9534367570699,170.2030531133161,34.246040335234404,-18.735000628415165,-286.4500933852179,-112.99758416395899,-0.26780502500692266,-118.0548546683015,96.51083422842947,-312.69599082314085,-395.27818589667396,-397.65161434867815,-196.38534895651867,4.066117559288414,-0.6896404349028388,88.28707193545527,339.3965349255711,239.52711508877096,-225.41550911398986,331.4040793891304,-260.33458485672793,-80.05589294754753,19.217584370935317,248.50868710220752,152.07431946515288,-7.595474416144875,487.7451043616953,-475.42455631057123,-201.4321927075457,-142.4449627997854,-258.0897341736285,-214.5952218735113,409.28075204919276,-66.35999650241484,-198.28466063935232,-464.9938610151614,-114.56873946645523,376.4823117028053,-133.71814162021386,499.99588603904095,-422.75774783690224,303.2721941160027,-407.58420941445996,207.1456091241273,472.9767409295845,457.5459664912105,-103.25671886719482,25.442799439465162,358.364237144803,-17.718623542457728,21.051522713577743,-118.93886726424729,-298.04049374140453,-197.7962671179587,283.146569767596,-240.87771119693937,-339.72773930862365,-9.569370007782922,-72.65539428278257,-172.74839151985307,-123.81551436001517,-118.27247926572628,-391.02045655628115,39.36969822145943,311.2302863533204,385.9479064254494,16.370563387718672,498.3245251343123,-380.0685376005259,380.51090247523274,14.447739963965546,424.0669792377349,-20.32108175180542,-27.384698511829864,-474.4721400404731,-207.021025698367,-437.82144121230255,432.06556700831123,-127.92505505755902,-5.686918520882344,-496.3507395068258,64.52385309919121,442.2870176892653,71.87059370993632,108.86073329704287,-209.90892794104485,401.06889462656216,312.03494202602036,147.20832017876415,454.7874036913888,30.157033046042343,222.3367188668418,104.4675278886939,-306.351359931038,33.05852912782235,419.23176954480294,-228.1291994105239,486.26782305927713,172.55440747778812,270.0108074266821,-69.12702692623057,-499.99999998290787,445.2186978252864,-110.6322367835795,49.75332889537073,140.84543825682076,197.17638300021028,47.62806654215237,23.533390163774154,-130.00445496608023,-3.5390348681917425,-110.83382049325067,52.64422420063562,1.1243203988934842,82.18515818457887,499.97569277461565,-176.86843916431135,160.6299815272323,427.6075255869237,289.7866315339873,-141.07496519195314,38.945856253828865,137.01225505228717,449.8424597580561,365.4217068706795,417.3500748953512,496.1574823439012,-15.533063922319105,8.936741332630936,-5.661875935254104,8.243166849623705,-47.37656078832473,131.5922202432741,76.4419857821356,24.129806421060646,-55.850271030649225,75.59673570305391,1.9740251865981016,242.5255521211183,285.87368008357845,92.77993044907514,-71.2707429920519,499.9986928830878,499.9999999999984,-49.1753035921281,-62.63119464116569,105.19641238041956,-7.364606818498687,-143.85384076782992,94.78769284946343,-192.58015100294287,-93.66021775052754,103.71463123545001,263.3405834222168,70.24322184531982,42.06555182650596,24.893350888732417,-255.01711777002612,105.71649624056926,-466.46853479465926,117.18809905742428,34.28743482902714,-194.15077612090292,-498.5413549801763,-493.208515126724,-115.10615423296906,6.968965028285962,-255.69018661321473,-2.3218932797842875,53.84371614054326,61.21079630380624,22.39800981664977,-262.86287333749533,-7.357799865634358,51.69881131064556,-285.82878346488565,-125.08424142600296,391.11515626074475,72.36744073261798,101.70558186182868,-16.879913703538875,-207.2662450245328,-232.67973915914598,18.602622243964056,5.4337593247571245,69.68928675082452,-53.580586927533986,287.72401430281354,-108.2596212516789,254.87142966130511,34.25441364004143,12.439924316884175,-499.99827577872014,-1.304022589465603e-05,-5.843538072059687,-65.47961871561633,128.24583354943434,-41.055194153858885,-95.95166454985566,-8.537063647579567,-30.023469721386117,118.17657287518988,90.59430746987947,-51.25284179840754,96.02162517279224,-81.62481465261398,-20.90506126551302,-113.04514671419815,-223.32329210413985,-14.471013947279765,-52.750077267130195,33.905389071090525,-245.88083164375374,53.642398504440244,-62.22854723250868,142.8205769710299,16.97012837658988,-290.46217304092744,459.72992089221924,-10.782470958656436,-374.9694988990608,80.22714485836327,-6.186423512230101,-451.89779904160287,82.9785798319786,384.99341850406717,-1.304022589465603e-05,-425.53483084969326,-96.60437721510661,311.57843899831556,-350.09472766220586,424.01200171632155,-499.9547971543899,-499.95031124549587,7.542155042060721,49.282174629899465,-394.9170843930794,99.80034305539546,-415.8032509423098,-499.99998211373725,8.063113880164487,-16.29451654295023,246.14216163016695,-498.50388816944957,-157.1429616726056,-221.83816938952629
282,-4.8745860112831e-06,-499.99999989642794,499.9937867933371,121.11755134259619,413.95726905871845,-7.3161645559594035e-06,25.58169739811188,180.30011750089383,-18.107864321590665,-86.37527829380635,-22.4041452656022,184.8216397637028,354.8598483330923,-130.07929642414157,227.96978135123922,192.3952651198019,379.19353886396385,499.9980134374229,-29.117815293703007,-495.6140925705457,180.13977940363398,499.99999999916406,-6.031750975739269,222.09388038976675,-306.3935690573771,-104.45810668152612,271.24135537147276,42.216302317661686,-310.0429882271584,14.358355678044973,5.82579112000313,28.53531400460607,-98.61628872503445,-499.9534366724357,171.4536927650339,35.68383362955801,-16.44598238047591,-286.3552172610368,-113.85871099734392,-0.2036383061668884,-117.23173490499418,94.76705486539831,-312.9273275367058,-395.2476172953777,-397.13838764369405,-194.8762858431293,3.9257780353469602,-0.7389797730259093,87.73416564955488,339.4604141723739,240.87923784109378,-224.9227768212439,332.3468391461014,-260.30227380335117,-80.8739917048015,19.3902774413106,246.93663478882104,152.15024321221378,-7.939735350632856,487.6886783472699,-475.4322510341374,-200.10857587428535,-143.9592686600364,-247.8377066067449,-213.81809245231878,409.5797370699267,-66.65007502455923,-197.60628335807138,-464.9948055899455,-113.83473112305451,376.66069182576445,-133.70366325248025,499.9958741815317,-422.7764943915852,304.71741989016834,-407.6624851564266,207.43418921725183,472.8950249162809,457.69030217649055,-104.16338965238589,25.98319343984978,358.37703517999284,-17.86887632708973,25.83303666127302,-118.82091294414745,-298.18725176525265,-197.41023769730387,283.3398354381747,-240.5177352310627,-340.0181238683259,-9.908922624343582,-72.92138383469356,-172.56971902395875,-124.49675907652605,-119.0827166277352,-389.351383918704,40.28296261820834,311.72671471546255,385.68910656613417,15.948034483590119,498.33075501178445,-380.1936012394557,388.4757053681265,14.177290402040873,423.5822345979368,-19.679514336350575,-30.483870855522536,-474.4221764532619,-207.22587999566497,-437.8436275993164,435.0641768623018,-127.87220068580122,-5.868135250052834,-496.4427169092387,64.47228859126447,442.66135971722287,70.73101625681286,109.49545433596131,-209.45447019348072,401.2424937207294,312.60947587391047,142.52016051652853,454.88035699739527,28.76894375555647,222.524888339018,105.12956081713104,-306.80619174656124,34.609933461903296,419.7897787455191,-229.84708516695406,486.1625295264664,172.63101850268222,270.3684866301916,-69.23624317517084,-499.99999998291366,445.1285712801719,-110.85089997904258,49.13347998569103,141.5320497186573,198.14321297283445,47.68488797524223,23.602952619437897,-127.07984557907345,-3.1328704195916077,-111.27695314425833,56.263828518269456,1.2058200048504706,82.03956057556184,499.9752968421875,-177.90447920332412,160.91842629897837,426.3774935379081,291.0465079941941,-141.01233643575247,38.69533611300537,134.13412721314765,449.8924806547767,366.7146629961984,416.6797578468103,496.10256243721767,-13.23631494020553,10.948808422071153,-8.49834775969638,7.973491370784281,-46.444247870038204,132.12891305926405,73.52353539882849,26.485336482430235,-56.87390096804906,74.70496217388956,1.8262589112960688,242.31133923560532,287.3455254884793,92.13327604263459,-71.2553465894017,499.99850739421515,499.9999999999982,-48.18951675268413,-61.78413160371868,108.41814258611909,-7.506121216060643,-142.68771049665213,94.63870985534456,-193.19438893282268,-92.3392625846621,104.18081320379063,265.88346668988487,70.47285196892231,44.37127719860664,25.00223635188018,-254.56463224940074,105.61301169525328,-466.44027020679226,119.36374407182092,34.55708055621679,-193.74458414862568,-498.5450259213519,-493.2038809989018,-115.07048649659848,5.521858946049895,-255.7594647786587,-2.802160673802296,55.53792865328277,62.52242799639259,21.95809747203441,-262.82424091548404,-7.291635491488068,51.602347920834816,-285.7778658144847,-124.96714516097289,391.4530299072558,72.35490808681946,102.39012518539452,-16.841500222493796,-207.14734642723414,-232.47004438314528,18.076866455200776,5.636606602566069,70.1900163876568,-54.50369143513763,287.8310038021547,-107.66214723274352,254.67582608313828,34.92134638158439,11.204754089142869,-499.9980077330764,-1.2199299817439165e-05,-5.805854852257415,-65.45416631704238,129.25222695574,-41.620122721685206,-94.73334124705883,-6.3440330376589555,-31.337073705920115,118.7711657021458,90.22727727155481,-51.66022117195108,95.50708689408873,-79.33723541292656,-20.663348651492786,-115.04207890069837,-223.1129826130678,-14.187173530515027,-53.067973904615904,34.065343065172506,-246.28900941205464,53.682654272642836,-63.58927997831634,142.08026844615028,17.279815322194203,-291.004895741866,460.23673934147257,-11.130042640384822,-374.8276499764804,80.38066579694025,-5.863731528548335,-451.89947102232287,82.98523782858048,385.1071809456491,-1.2199299817439165e-05,-428.27124053008356,-97.398896737771,312.34505232281793,-346.80232141133433,424.6342229884904,-499.95541723991533,-499.9503118974014,7.101867120860175,47.90630157297622,-394.49956325344607,98.16011238624127,-414.69610999742406,-499.9999821137839,8.198439282598056,-15.594533350343575,248.97230953224127,-498.4780089389079,-157.19644558633055,-224.52065885767473
283,-4.56023553851992e-06,-499.9999998022179,499.9937930991738,122.7214867596853,415.43619928781516,-6.844362360425293e-06,24.570729239125214,178.60585788672432,-16.77567325610779,-87.07169300228882,-23.18602417457979,183.85953542865462,355.82500264999896,-131.1757261913031,226.61483558885686,191.69187398894127,379.00646612614247,499.9980213797544,-29.16969147764086,-495.5980917013038,180.72512592394537,499.9999999990107,-7.29306899107499,219.21050223871273,-305.68689232220805,-105.26982015978227,270.24543361880006,43.11457188488385,-311.0882514808173,18.707931823457532,5.898428250425846,30.986335687140627,-99.29585583035023,-499.9534365899467,172.6162847828152,37.29994175674347,-14.096214956351856,-286.2607337317044,-114.66718540981027,-0.13485768638924764,-116.45722680622909,93.18401728625425,-313.18263108263534,-395.21774878457734,-396.60802319411226,-193.3699274447991,3.791468465363648,-0.8014988092592981,87.19587343772184,339.5297243115875,242.2442584588033,-224.456848082311,333.40132130715074,-260.2664930553391,-81.68163111072674,19.529560505524525,245.22504050718712,152.23543491430723,-8.247360273749448,487.63071694283934,-475.4401670658409,-198.8423654904713,-145.3816786090972,-236.76227662669126,-213.00516483004856,409.8928446561383,-66.97274102291813,-196.98387480515837,-464.99555959558427,-113.05694787938437,376.8507051425167,-133.68137540650596,499.9958616451247,-422.79741370875865,306.2487759948167,-407.742476043165,207.76809999913434,472.8016063251539,457.84548072885514,-105.1160457228809,26.605618648173035,358.39005464078093,-18.050240885891387,30.737797603462184,-118.71371568113382,-298.34547309835426,-197.0221106630316,283.5701304496393,-240.16713138156112,-340.31540841793714,-10.257222611798397,-73.19464620276314,-172.39064089460146,-125.17163158941725,-119.85794134761045,-387.42312114940796,41.22033272229306,312.2145879266718,385.44864157746866,15.543525925929822,498.33714173942593,-380.2955684198798,396.7522755667415,13.922173256532174,423.0927699818991,-19.02770743947685,-33.75442571228478,-474.36804813578016,-207.4422627917414,-437.8664693921661,438.1330269052618,-127.79087731914701,-6.054656933968785,-496.5296630316623,64.41332252551017,443.03976236769313,69.53122668194514,110.22109177110305,-209.0275365791065,401.4212648022521,313.18948906215667,137.94920876791792,454.97648617792765,27.09652392535152,222.74436957717555,105.91004555301838,-307.2734933630149,36.27976188621935,420.3893416212361,-231.53857416036263,486.04618934763533,172.7503946802727,270.7579064262919,-69.34247996221723,-499.9999999829193,445.0182888721994,-111.06642838006285,48.526044718102014,142.25781720134333,199.21479780993823,47.766117630067036,23.66721142111571,-124.15688864370998,-2.7321756393004466,-111.77219251690362,59.841617246465866,1.2831725334699005,81.92474245711966,499.9748968020181,-178.9915382301557,161.2441811276649,425.0879846359829,292.3400370546681,-140.93838554454766,38.437881916907585,131.12373391878708,449.94178570430773,368.20088340116587,416.0021362456673,496.04711216440126,-10.897520839711554,12.92929782756211,-11.319727358281225,7.52048001170492,-45.48039721498714,132.63293079398255,70.58798976888194,28.81557158384575,-57.91796009170242,73.78235812795883,1.7200367820462659,242.0096491821147,288.8571612580677,91.56589404893298,-71.23839449002536,499.9983079731293,499.999999999998,-47.2004537234291,-60.922203856434756,111.72358591092775,-7.632454423394904,-141.54783595285318,94.47584635645775,-193.7507952322349,-91.01635655370367,104.59382004404974,268.5100663944294,70.73523600527555,46.74919309027764,25.081445940327697,-254.05562325015464,105.49985497908341,-466.412381041772,121.5978079055199,34.86231514943275,-193.3200073070756,-498.5480978437436,-493.19926263552935,-115.034197265867,4.104955642025162,-255.78977883632535,-3.2756322087633256,57.28158553776815,63.89969773464617,21.508447277728877,-262.7191327022774,-7.231551915939584,51.49218184867646,-285.73711205663545,-124.90965295962339,391.7565826173576,72.32668644281966,103.08415446487612,-16.814781090855412,-207.0217908967294,-232.19253126341624,17.564820330296495,5.7907777783533065,70.73556724753197,-55.41756971302326,287.92767280654306,-107.06830497938779,254.4626295661909,35.5971293091583,9.931531544408914,-499.99768437455646,-1.1412594176363197e-05,-5.767706157500442,-65.52020115327633,130.26452420870956,-42.17396637925654,-93.56951000754732,-4.209442692159244,-32.6114519346975,119.42779668804913,89.92247397044096,-52.08306311602198,94.97877883146337,-77.09994302408796,-20.407432010018233,-116.97080056924318,-222.90815797115727,-13.876869025566037,-53.398611619074934,34.182393850316004,-246.69870380292096,53.783426402651024,-64.87809671655599,141.30682453296424,17.643743001510636,-291.5308431528908,460.75465633824115,-11.48048531721387,-374.7006622414009,80.55797742421078,-5.526846267894968,-451.8960853814464,83.0377469473658,385.2256023564861,-1.1412594176363197e-05,-430.8464718925277,-98.15826851807057,313.08090985266415,-343.0871167469074,425.23072564335826,-499.9559453157761,-499.9503125236716,6.683420026791323,46.6398687589664,-393.99596166311846,96.59846028398356,-413.53666750449867,-499.9999821138287,8.334053753050716,-14.87404085706941,251.67233079443596,-498.44984317930954,-157.23803800316315,-227.10315206541736
284,-4.266155883669853e-06,-499.9999996050546,499.9937992103887,124.04750267530748,417.0101119406336,-6.4029845816548905e-06,23.56933690878135,176.93136963407426,-15.280340367307636,-87.77381313954783,-23.979117390024008,182.8731588799586,356.9023859410519,-132.2731138838582,225.38897649734616,191.04207587202075,378.773087566049,499.99802616482447,-29.136172812435102,-495.5786727318652,181.40600710408555,499.9999999988319,-8.560619123458874,216.51391898215022,-304.85222399463294,-106.04088921118891,269.204348995633,43.99439853793407,-312.0949833906705,23.322894374069666,5.976507434324602,33.72657550739604,-99.96751208293644,-499.95343650955743,173.68059943648606,39.08467548879572,-11.689957898539063,-286.160392124199,-115.42548667822744,-0.057441355439685676,-115.73495298243999,91.75947036507677,-313.4485800336375,-395.18825911153726,-396.0613060690423,-191.8693620220083,3.6821226783872754,-0.8768202540516574,86.67327548905268,339.6030185453884,243.6222110329441,-224.02073121252218,334.5545414751674,-260.22189918464943,-82.46732868881456,19.640359986696932,243.43390401280556,152.31635274692275,-8.519227092891203,487.57138246307306,-475.44830400559476,-197.64227570610538,-146.70255529868436,-224.85057887890702,-212.1558768240071,410.21959362884286,-67.31427765060708,-196.4234938714578,-464.9961214970118,-112.23808982989888,377.0514205146209,-133.65064913647154,499.995848496308,-422.8220015981227,307.85671697325193,-407.824785226054,208.141612428257,472.70155571747455,458.0095968868172,-106.08717631620428,27.293622555653727,358.4033247061167,-18.27616582800274,35.763002268708284,-118.60671316827626,-298.50806726417534,-196.6306790604475,283.83756507598787,-239.82281565851073,-340.62134382155745,-10.616139005933993,-73.47403075108052,-172.2051214775659,-125.83333049667955,-120.57390301256416,-385.26656995285225,42.1835864235398,312.7158465131858,385.2273743185973,15.157004921514982,498.34369134873737,-380.3690075584233,405.07720363900233,13.682574091904415,422.5983829528144,-18.364656537263006,-37.08982895745819,-474.3097051141555,-207.66133947949632,-437.8901877744648,441.2244190696591,-127.67943127496373,-6.241938502380671,-496.6119008804127,64.3508066697769,443.42226728033836,68.27464043934754,111.03457569421815,-208.62849855686972,401.60473161401507,313.7753187110674,133.49455621090158,455.07577834574585,25.203066200057,222.98822759829483,106.79424149858258,-307.7553919334325,38.06314622832685,421.02025049478004,-233.1943196697482,485.92213005071505,172.9026237630642,271.17350138362207,-69.44460890180697,-499.99999998292463,444.8927644690292,-111.27328238100365,47.93332023105146,143.02546658002422,200.3740284863184,47.87304222403501,23.726082989794453,-121.24119171620374,-2.337315079465583,-112.31755629792627,63.37036228336655,1.3561142932634698,81.8451712411985,499.9744924704657,-180.1294761576924,161.60891980240984,423.7407474848846,293.6658938964709,-140.85696001922722,38.17287911281872,128.069636595063,449.9903555642875,369.84402960384324,415.3188165211361,495.9911778926248,-8.526524825835478,14.874429632034055,-14.090937851844782,6.856198021274052,-44.48462664504102,133.10455897909287,67.64237667295669,31.117876786673804,-58.9796281522184,72.838584210354,1.6561022329833786,241.58823084659315,290.4066677624933,91.08603252968084,-71.22053123504948,499.9980951182027,499.9999999999978,-46.20943144162044,-60.04057102904777,115.10694177916801,-7.7465476543234,-140.4464747292155,94.3034087687657,-194.2506820943427,-89.68864736838198,104.94653093529173,271.2133634625134,71.02401328110228,49.198117298902716,25.136331100388812,-253.49096610572124,105.3813894834437,-466.38495452995784,123.88848773387686,35.207693580462966,-192.88021245620857,-498.55058399462285,-493.19469191786226,-114.99847939239685,2.7227929508787385,-255.78013495322892,-3.7376754007537416,59.07468296824714,65.34681054269939,21.05266802219481,-262.54041899512407,-7.17814559192135,51.37389044823207,-285.70617540762976,-124.9157082338149,392.0264112319113,72.28618824651136,103.78959040240215,-16.795973395090993,-206.89105269394986,-231.83943013804986,17.070328703827737,5.895154169815124,71.3279524272309,-56.317600374241536,288.01464270206003,-106.47615739238469,254.23376517033515,36.284364309283006,8.608863870186132,-499.9972932468199,-1.0676631063688546e-05,-5.730555144929946,-65.67911417656063,131.2817948983672,-42.71173127734117,-92.4627593802034,-2.1296830127040676,-33.837295601067616,120.14352286972752,89.67904648383721,-52.51787190787944,94.44060720747937,-74.9142284157775,-20.134779722473183,-118.82804942539099,-222.71013565072684,-13.54013734327427,-53.72558998126424,34.25654208346316,-247.11374178349098,53.940812736038126,-66.0933375800426,140.49547587287222,18.062268950619938,-292.0433553752681,461.2814756519117,-11.83135963983093,-374.58919064906655,80.75478029317732,-5.181976347204792,-451.8877805816941,83.13410738182687,385.3477214011993,-1.0676631063688546e-05,-433.2730528206044,-98.88372256133631,313.78666707324487,-338.984753878246,425.8024605073125,-499.95638345494064,-499.9503131252773,6.28562657876832,45.47800872172421,-393.40691846559685,95.11204853639491,-412.3265044608124,-499.9999821138718,8.468518929707672,-14.137357763862548,254.24341544265312,-498.4193587445433,-157.26800574336846,-229.59102240533656
285,-3.991044650319964e-06,-499.9999991749888,499.99380513898984,125.0908634476533,418.66067184551366,-5.990070349071174e-06,22.551904570559945,175.27664411202392,-13.64322150489207,-88.46922990488403,-24.77710132332313,181.8925739813726,358.0718458326459,-133.35651186299086,224.2853413610847,190.44343922899907,378.4932931976977,499.9980278410368,-29.036845535664387,-495.55595409074624,182.17001146351626,499.99999999862393,-9.830645140635486,213.9970817564384,-303.90556473371,-106.75121100053398,268.1480512316966,44.8556434165001,-313.0610199778267,28.17497487482826,6.062117065073306,36.75974351637999,-100.60755746408834,-499.95343643122266,174.6329728414398,41.0197496088422,-9.231879849173954,-286.0486770487745,-116.13979890938289,0.03156322227541927,-115.07142172149936,90.48793975111363,-313.71402835103885,-395.15961859995184,-395.49904929359036,-190.3805174741821,3.612115870867087,-0.9653200808839525,86.16729411075733,339.6776508891846,245.01124461836562,-223.61857774109964,335.7866833708144,-260.1644107213914,-83.21864882400276,19.72659538527116,241.61644607061848,152.37670817078498,-8.758411920404512,487.51068739511476,-475.45670191314935,-196.51947182380374,-147.90896501568992,-212.1059238689212,-211.27068994788166,410.5578566733269,-67.66489294876656,-195.93366524882813,-464.9964902460073,-111.37804076547522,377.26123106595094,-133.6113041510956,499.9958347838641,-422.8517175203666,309.5265317588277,-407.9098884449317,208.54437611841652,472.6000225910661,458.1804625384928,-107.05351542218493,28.02471993577406,358.416872155312,-18.558394943145224,40.901328313144134,-118.49031448027479,-298.6693168029653,-196.23518847794932,284.13304309893397,-239.4823100921196,-340.9370566340649,-10.987493179713907,-73.75815199689703,-172.00775289479233,-126.47633080933143,-121.2128107150055,-382.92072201510985,43.17360232459794,313.24904547190573,385.02682039152455,14.78822351964215,498.35039007111965,-380.41170455277074,413.2072361400891,13.458319897858956,422.1001980773521,-17.689902154531378,-40.40119287421282,-474.24722985033486,-207.87627948381575,-437.91495870538614,444.2932291641735,-127.53815557349293,-6.4268274407735255,-496.6897245414641,64.28726149374243,443.80828958435376,66.96431931857146,111.93046208076532,-208.25717172460168,401.79156553885554,314.36654776392083,129.15543673134195,455.1778305815283,23.150862272810127,223.2484297755997,107.75753912625564,-308.25281059459405,39.94584679189691,421.6727769917408,-234.80705561505172,485.7939546066948,173.06899925146678,271.60915169523406,-69.54157685297179,-499.9999999829298,444.75833101552996,-111.46777789960122,47.35726487218898,143.83651985909592,201.60044045320734,48.00430194020576,23.779794653928896,-118.33793413374822,-1.948703989035901,-112.91087500856233,66.84333544214422,1.424590557357469,81.80216905157285,499.9740846727793,-181.31989141722772,162.01300691288714,422.3373169997686,295.0223590499144,-140.77216565126207,37.89837035552159,125.04560755296312,450.0367397166899,371.59915680284394,414.63066171248806,495.9348387116624,-6.131657043518782,16.77963365058759,-16.78483675775468,5.948830819276445,-43.45707040811409,133.54305861757118,64.68681747109872,33.389535117186504,-60.05904166174044,71.88037802995888,1.6348361062365389,241.00787346006643,291.991753742616,90.70409014974537,-71.20306823610146,499.9978693464569,499.99999999999756,-45.2185002994278,-59.13517848348518,118.56197086803958,-7.85128468462604,-139.39694976978382,94.12507066860772,-194.69528711336193,-88.3537866531426,105.22886509603067,273.9851230862154,71.33384772395614,51.716589422866804,25.17090617386939,-252.87272723340405,105.26106144574901,-466.35798796537256,126.23327861617062,35.59664950628136,-192.4288401662917,-498.5524973812296,-493.1901857354596,-114.96386477149987,1.3787773518211563,-255.72962997236996,-4.1847783241995735,60.916755202029094,66.86787347066814,20.59327861548715,-262.28000204943635,-7.131378171860405,51.2517856424328,-285.68422756714875,-124.98839155411645,392.26321963078357,72.23608461881844,104.50818043066506,-16.781843846576646,-206.75698387024056,-231.4020871837354,16.59657522586748,5.950475119136877,71.96863552074325,-57.20079416398033,288.09327928502694,-105.8839558691036,253.99190270296634,36.986231214801045,7.22148536585256,-499.9968189284247,-9.988121746573597e-06,-5.6957179872085515,-65.92878364705504,132.30288874351828,-43.22931438551896,-91.41554491137444,-0.10191217103421689,-35.00709853109615,120.91510859284458,89.49617013710987,-52.962343139680215,93.89631850480151,-72.78143995455854,-19.843679205805135,-120.61212239710215,-222.5206127015722,-13.178790656913053,-54.0355455637977,34.2871276719371,-247.5387521746445,54.14834186977994,-67.23476239222006,139.64070248317284,18.534838243148613,-292.5463185463335,461.8147459356325,-12.18046861902626,-374.4938268249973,80.96477567180803,-4.836762075688687,-451.87488787858575,83.27044892492168,385.4718903113688,-9.988121746573597e-06,-435.56299449821006,-99.57692837076097,314.4629160973068,-334.54619928672696,426.35031167824667,-499.95673429404263,-499.9503137031342,5.906876176690958,44.41369043242706,-392.7330142284363,93.69728991752721,-411.0673976478041,-499.99998211391323,8.59971933899516,-13.389832096448739,256.68646083456184,-498.38653512536285,-157.2870597467584,-231.99054552900455
286,-3.7336685636546467e-06,-499.99999819733176,499.9938107591591,125.83890558728922,420.3679342850815,-5.60378612135537e-06,21.482535311598635,173.6306106900897,-11.893243327429682,-89.14893401435407,-25.57961356043158,180.93621681416417,359.30877710984686,-134.41509476687045,223.29657562014415,189.87935797399902,378.1640359108255,499.9980265311028,-28.903966618765832,-495.5304968903845,182.9946723030523,499.9999999983822,-11.104122168564132,211.64930219450014,-302.8714386154779,-107.39477172417533,267.1003364930855,45.69787914511872,-313.98623915958404,33.2271386497211,6.155298629851233,40.06877051253565,-101.2022484811146,-499.95343635489775,175.45596218620807,43.079541678106544,-6.727146714883038,-285.9221720474499,-116.8203527248221,0.1327119455275886,-114.47612615860491,89.36071994918144,-313.9715341281895,-395.1331274764649,-394.9221564073923,-188.91223686706368,3.5878274211449486,-1.0678796676256748,85.67834208356216,339.750091395318,246.40778339023743,-223.25570966271815,337.07388764969005,-260.09206095797794,-83.92432051815987,19.790952269714314,239.81225044971285,152.40009374185908,-8.970428400031919,487.4484659595654,-475.4654379215137,-195.48757940065786,-148.98665747983654,-198.54859354914765,-210.35205942186138,410.9040629884174,-68.02015458100036,-195.52547161839837,-464.996665349201,-110.4740671301719,377.4780894266624,-133.5637765318258,499.995820521236,-422.88771761846255,311.2404239302555,-407.9980628263663,208.9627210994965,472.5012985111792,458.35593174708197,-107.9992958112108,28.773555378658326,358.43072087972115,-18.90492440567877,46.14023319861098,-118.35783480145201,-298.82595773299346,-195.83542019833808,284.43935621257674,-239.14413469836856,-341.2628801331609,-11.372809918698305,-74.04535740475416,-171.7950078605495,-127.09723936342019,-121.76621616984403,-380.426842580076,44.1899780960248,313.82565411340715,384.8490496853525,14.436790972799912,498.35720553366184,-380.4254885330732,420.9510804028186,13.248967116450096,421.60073648147386,-17.00373298957191,-43.626833525179094,-474.18081367486695,-208.08287529020697,-437.9408837544719,447.30155674781184,-127.36955903173549,-6.608160771825764,-496.7634035083396,64.22337317167518,444.1967359681361,65.60301057089801,112.90121182245068,-207.91272098599748,401.97984937162147,314.96198922643737,124.9311674510275,455.2819171726942,20.989767470262457,223.51669169106285,108.76897327036019,-308.7653379813282,41.90647536245293,422.33871438787764,-236.37346454092346,485.6648830810063,173.22493711433967,272.05895237617915,-69.6326217359933,-499.9999999829348,444.6214847305092,-111.64876255799088,46.79894011645606,144.6906430175221,202.87259017960312,48.155937688180266,23.828983716954244,-115.45136939241642,-1.5670401417239472,-113.5498880173982,70.2546005681134,1.4888799588106545,81.79356513778319,499.9736754031465,-182.56528338530856,162.45503620909167,420.8789051582655,296.40707871505975,-140.68785832780506,37.6113645970971,122.10146976992169,450.0782070410215,373.419481793129,413.9381626896921,495.8782224206869,-3.7187547112540735,18.64014904659189,-19.38594261373549,4.767323924425966,-42.39877051713944,133.9468950959409,61.71727477078193,35.62799626040173,-61.15777958415137,70.91220916309727,1.6556764930539516,240.2249180858492,293.6095877649217,90.4339196415831,-71.18767223713421,499.99763111009855,499.9999999999973,-44.23007460068696,-58.20398775439418,122.08173455282812,-7.949365681321584,-138.41287293020403,93.94406082546224,-195.08556047228623,-87.0095822659393,105.42852250567132,276.8158520104282,71.66035295577531,54.30261411620468,25.187963918417303,-252.20383405360158,105.1414764932594,-466.331376316719,128.62874028769866,36.03174859389747,-191.96968849255583,-498.55384784773014,-493.18574560327,-114.930461202047,0.07517490231310847,-255.63727211899533,-4.614369424570505,62.806539590620616,68.4667968722546,20.13162381629938,-261.92840877461566,-7.090736220570638,51.12899003897513,-285.6701776570876,-125.12974477990448,392.46783947500006,72.17803725933288,105.24130230778547,-16.769636489235534,-206.62164072989816,-230.87056493004837,16.146266010296756,5.959378086347107,72.65845542927144,-58.06549599318707,288.16564358643564,-105.29001751494836,253.74036083412787,37.705499163064815,5.751995562580261,-499.9962423009553,-9.344010322820394e-06,-5.664175982789176,-66.26319720186355,133.32629748945868,-43.72315477469746,-90.4300532750236,1.8761123999222953,-36.11485633345619,121.73881784304345,89.37287103261869,-53.41518538460871,93.34961844559443,-70.70295223890567,-19.533049898537385,-122.32256026761378,-222.34155564226478,-12.796024458172235,-54.320417922084786,34.273115983118686,-247.97883530965552,54.39751797146889,-68.30322940666414,138.73672561614418,19.059941388601427,-293.0439186500338,462.35182110088016,-12.52553441849528,-374.41494982845103,81.18077642084786,-4.4991916824800295,-451.85793368971207,83.44119345889379,385.5959738503416,-9.344010322820394e-06,-437.72738706973945,-100.2394813223429,315.1102322000987,-329.8292921239557,426.8751142295337,-499.957000632643,-499.95031425809805,5.545641278327781,43.43799159773983,-391.97397572701215,92.35053701067685,-409.7612156681208,-499.99998211395297,8.725058356589889,-12.637316218232575,259.00219462676444,-498.35135458903676,-157.2963661492166,-234.30837766310148
287,-3.4928925742860883e-06,-499.99999588201325,499.9938158155249,126.27345618540095,422.11184506237333,-5.2424147725105286e-06,20.318374278476806,171.9734868379709,-10.06512683526446,-89.80575775641717,-26.39104950925425,180.01003342692638,360.5873194730049,-135.44283412950477,222.41613317436423,189.32327394665555,377.78019803813874,499.99802242038953,-28.777268434490125,-495.5032380216158,183.85081209493663,499.9999999981014,-12.385727944371896,209.4579646903744,-301.77912108460407,-107.97794627226097,266.07643953637876,46.520940193164655,-314.8724797094141,38.438302512667484,6.253942465221652,43.62104700496897,-101.74775206161941,-499.95343628053877,176.12934651876054,45.23384144555422,-4.181240579192082,-285.7799396378811,-117.48021603411891,0.24400826171571957,-113.96005030630323,88.36768861902966,-314.21748538119715,-395.1107013848618,-394.3316379997602,-187.47493346373693,3.607411169071858,-1.1849264134813906,85.20678296168724,339.8164915260924,247.80721071548263,-222.93813569644672,338.39148627054914,-260.00489659227895,-84.57545276578,19.835703782409187,238.04565438077992,152.3724370577933,-9.161541477414582,487.38441032551907,-475.4746113882873,-194.56156582940966,-149.92205726939784,-184.21405866112272,-209.40379803391883,411.2537477542318,-68.38002230481847,-195.21136947386987,-464.9966468589671,-109.52151401201075,377.69977178884466,-133.50907390448285,499.99580567865877,-422.9306568573504,312.9799962642305,-408.08933697479677,209.38178230437038,472.408305649008,458.5341361143375,-108.9160501917155,29.515385936174514,358.4448917324829,-19.31885570541871,51.46363585649775,-118.20603532902632,-298.97701815911057,-195.4315629181611,284.7346790879121,-238.8076160612922,-341.5982685272274,-11.773266129490702,-74.33379203793244,-171.5655768986275,-127.69462576186547,-122.23363098920483,-377.8241381221213,45.23127945939399,314.4493370483492,384.6964561776846,14.1023709673073,498.36409175325394,-380.41570386084464,428.1802461166598,13.054121814455856,421.10377735242093,-16.306878344893768,-46.733429777315635,-474.1107062703729,-208.27927229303236,-437.9679699344736,450.22012818419347,-127.17784580595438,-6.786276254316124,-496.8331869350933,64.15855802567933,444.5862091235827,64.19338581051754,113.93826370944957,-207.59364125649125,402.1674048928822,315.5598831714936,120.8210688789814,455.387106041538,18.752095417197665,223.78521017258714,109.79618449299178,-309.2911831596094,43.92016478969696,423.01189267115126,-237.89421814315847,485.5373289672118,173.34467480773628,272.51778389025526,-69.7172686530937,-499.9999999829395,444.48776268374485,-111.81720816076268,46.25892532904999,145.58587185807568,204.17000114376165,48.322354883908055,23.874665881091392,-112.58399841551122,-1.1931233139584434,-114.23216692342038,73.59972373748622,1.5496070706145364,81.81455909011605,499.97326780148984,-183.8681364277606,162.93211131219346,419.3664760699575,297.81715617981,-140.60711421736835,37.308475282776115,119.26260493476113,450.11129383372145,375.26193854459433,413.241829721267,495.8215129373641,-1.2899200328977762,20.45210622506368,-21.8887318680568,3.2867426457634714,-41.31153813973341,134.31462025714177,58.728679039951814,37.83168773343035,-62.27711083543407,69.93750564581218,1.7171554092780026,239.1962623999633,295.25692035209664,90.29464700494565,-71.17595492434704,499.9973807181505,499.99999999999704,-43.24598524045271,-57.247197590085335,125.65866311513903,-8.043037974572309,-137.50710949655794,93.76401242231789,-195.4218009802542,-85.65337728811735,105.53297969270243,279.69510904097916,72.00011593870889,56.95377245196656,25.18952624083704,-251.4875751175054,105.0251681344978,-466.30489761590104,131.070691602267,36.515461646086855,-191.5063094369973,-498.55463770598556,-493.18135623204046,-114.89806432723142,-1.1863392391277872,-255.50182886889323,-5.023975672151218,64.74214003913954,70.1475286047657,19.66848014017447,-261.47464342253085,-7.055374227213874,51.008220933966314,-285.66283228311534,-125.34075694696217,392.6412173335393,72.11324944629217,105.99021058960979,-16.756440401533474,-206.48701806420988,-230.23355587349818,15.722325420467302,5.926658650881523,73.39805256283628,-58.91039730600473,288.2344184378655,-104.69253402616194,253.48303420700185,38.44375581473572,4.184074427743397,-499.99553963566865,-8.741444617044179e-06,-5.636355294733185,-66.67231432516547,134.350421546184,-44.18946047691336,-89.50796672291884,3.8064415504710403,-37.15524754111034,122.61060859518123,89.30827150956831,-53.87544484102934,92.80483631471303,-68.6799468051916,-19.20154618955362,-123.95944903455784,-222.17498242543883,-12.395621888864861,-54.57737058380575,34.2138182078547,-248.43905575593848,54.678842275321735,-69.2999023958196,137.77837102801243,19.63544178418656,-293.54023636370226,462.8899605778878,-12.86355619032238,-374.3525728897802,81.39583231833568,-4.176488716310754,-451.8375990214961,83.6396255367132,385.7176836930824,-8.741444617044179e-06,-439.7759827027291,-100.87240287994673,315.7292105314752,-324.891705230744,427.3776729040386,-499.9571848996503,-499.95031479096014,5.201112068275499,42.54081844589404,-391.12783447907543,91.06848745876495,-408.4097990395759,-499.99998211399117,8.84201548174758,-11.885400588369125,261.1912702863452,-498.31379038020157,-157.29731779959081,-236.55075244021413
288,-3.267643478466198e-06,-499.99999017362563,499.99381996658116,126.37513830259815,423.87353767513446,-4.90434467792511e-06,19.015392001261745,170.28207932213135,-8.19624308294065,-90.43076021486799,-27.217647529873982,179.11098542469435,361.8831838382981,-136.43724415278402,221.63967813093868,188.7454499431721,377.33626658951664,499.9980157423394,-28.697223931234053,-495.4753501471652,184.7072256725226,499.9999999977751,-13.681392160180783,207.410291358839,-300.6582243223272,-108.51390092497722,265.08403150139543,47.3255343974081,-315.7227119753708,43.76941592398265,6.354715724666937,47.37664792172446,-102.24696205760426,-499.9534362081023,176.63196627729988,47.4512005553885,-1.5997682639493793,-285.6229178862261,-118.13327647912766,0.3619397043084837,-113.53353025821258,87.49919075260246,-314.4509718527362,-395.0944829729057,-393.7285901910615,-186.07923539984694,3.6634794433816626,-1.3156165010972432,84.7529756497302,339.87331151340555,249.20466276752936,-222.67184510468806,339.7167052056207,-259.9042453535758,-85.16578001402512,19.863523815012595,236.3295255324714,152.2836469887112,-9.337557661795364,487.31815621248035,-475.484322461798,-193.75644210592472,-150.7040112567532,-169.1509655792029,-208.42978891991723,411.60225891549885,-68.74697774369498,-195.00371686335686,-464.9964354328255,-108.51482814996847,377.92411981813495,-133.44853994188,499.9957901892382,-422.98060899275146,314.7283320795296,-408.18348153816044,209.78773379203938,472.3226138483968,458.7136006661823,-109.80033368049801,30.22891352211015,358.45940228345086,-19.798337159486668,56.854087763881196,-118.03438957069517,-299.1229774467359,-195.02397841390749,284.9969784575799,-238.4724593350117,-341.9418720692237,-12.18981465198025,-74.62157876458286,-171.31985439311163,-128.26817651751594,-122.61915594720459,-375.14726933486253,46.2955945416976,315.11769447953077,384.57143204231375,13.784858554042815,498.37099642345095,-380.3896530484783,434.8254094813424,12.873737413455324,420.613962896598,-15.599975127903612,-49.70729291583515,-474.03716332840503,-208.46504062244293,-437.99612967453396,453.0283418997673,-126.96788810310153,-6.9621599605006,-496.89930749523313,64.09181656816486,444.9752169306113,62.738287895028485,115.0333460948965,-207.29787061800528,402.3521013691631,316.15821438276157,116.82436651128671,455.4923949033891,16.454495028675016,224.04725721813898,110.81013691458347,-309.82750105096596,45.96248323035102,423.68813128907175,-239.37240317668042,485.41282074305525,173.4057938461234,272.9816116363381,-69.79522161971697,-499.99999998294413,444.36111213002,-111.97512322769892,45.73770169847341,146.51936442326559,205.47486639548055,48.497725326600715,23.918076396697664,-109.73574299238582,-0.8274526450821919,-114.9549502753293,76.87659859569938,1.6076291848048658,81.85940304514399,499.9728658897323,-185.23013945551932,163.44063203340684,417.8009492172106,299.2494125807164,-140.53189817102694,36.98664519984915,116.53781219907542,450.1325115571254,377.0906342052428,412.5425631626946,495.76494566269787,1.1574220665855282,22.21363644822443,-24.29313163628142,1.4942271289023161,-40.19749389832349,134.6458097366198,55.71827515743155,40.000809351880406,-63.416290172986514,68.96003042874764,1.8174099513393902,237.88626658116888,296.93028771617963,90.31113106472291,-71.16908270945851,499.99711832384025,499.9999999999968,-42.26662487563351,-56.266619008255475,129.28472013043444,-8.133726515861774,-136.69058547344918,93.5897496809891,-195.70367735600118,-84.28170162020537,105.53203457242653,282.61188584511325,72.3507777892451,59.667397287689504,25.177258453969227,-250.72711595679615,104.91534208395956,-466.2782061288755,133.5545051572534,37.05071066847594,-191.04162851143286,-498.5548568467854,-493.1769838492143,-114.86617911583696,-2.404081449858812,-255.32181454183635,-5.410467016001651,66.72135929925919,71.91418399880916,19.20481281515695,-260.9065862549688,-7.024226546565283,50.89254016247239,-285.6609844471476,-125.62158676097907,392.7843613270235,72.04323126109689,106.75636118796089,-16.738670911952177,-206.3547439625032,-229.47880939450414,15.328388331534924,5.859311973397797,74.18828248470778,-59.733562016710415,288.3026456240833,-104.0894690465224,253.22414895804363,39.201158395412115,2.506374552088554,-499.99468146994167,-8.177732524927706e-06,-5.612027284169613,-67.14245735898726,135.3739290847723,-44.623701532885384,-88.64998549720326,5.691202108074539,-38.122940926583574,123.52647049076577,89.30192245620366,-54.34188755082032,92.26745069326098,-66.71306372496257,-18.846897226322515,-125.52280773653224,-222.02265926361912,-11.980980453741225,-54.80691778129315,34.10950869766469,-248.9236796278415,54.98314852634566,-70.22556351248099,136.7616944673468,20.259016372909183,-294.0386741393967,463.42642190557694,-13.190338039723267,-374.3062008326797,81.6043181689406,-3.874277699001902,-451.81463780100665,83.85877642034008,385.8349378702449,-8.177732524927706e-06,-441.7169946988343,-101.47603223529228,316.3204740429606,-319.78621357939727,427.85877213077686,-499.95728874532114,-499.9503153024405,4.873503169686883,41.712042896170665,-390.18994779173164,89.84854452790663,-407.0149179959418,-499.99998211402783,8.948735350290226,-11.13885550438956,263.2541837084974,-498.27379522362975,-157.29119250035163,-238.72277461686193
289,-3.056920832023025e-06,-499.9999755356264,499.99382284725755,126.1278699520082,425.6362208033001,-4.588073352351785e-06,17.534201897095347,168.53511303687196,-6.323056731728598,-91.00908346173733,-28.065060166741127,178.23208107663865,363.1755831328136,-137.39774260251025,220.96628873520336,188.1191840942374,376.82793736918313,499.9980067609676,-28.699207614151756,-495.4480735509668,185.53505266783387,499.9999999973961,-14.996253343322607,205.49385623682684,-299.53494618250954,-109.01678021257422,264.1259359993686,48.11288798233705,-316.5402470031027,49.18471717832227,6.454301768928171,51.29591385686488,-102.7055946599833,-499.95343613754545,176.9438958402953,49.7019335760576,1.0114515221439389,-285.4528942136614,-118.79252730874276,0.482877411052958,-113.20398294527605,86.74640009043108,-314.67237200245245,-395.0864349187342,-393.11417866778544,-184.73515947540403,3.7468288767883853,-1.4578283840392672,84.316783712591,339.9178141150451,250.59558301545727,-222.46206313908598,341.0303929232127,-259.79206147705145,-85.69145281530578,19.877556516535318,234.67016089612153,152.1282717327118,-9.504096972733084,487.2493731436798,-475.4946521708867,-193.08605408454716,-151.32510641255706,-153.41969177284363,-207.43311268453994,411.9453916577087,-69.1245401671426,-194.91337750301275,-464.9960323401134,-107.44868084433816,378.14921056443615,-133.38357505643626,499.9957739662884,-423.03711285256526,316.4713090512963,-408.28004689667523,210.16940306471523,472.2447897745416,458.8932287125919,-110.65171185715364,30.89779972904708,358.47426675609546,-20.33752822725752,62.29334360474765,-117.84393713894414,-299.2651316430121,-194.6130097309444,285.207619436466,-238.1384311792549,-342.2917593535048,-12.623357842539239,-74.90703446672579,-171.05918738309705,-128.8181158669564,-122.92970672492433,-372.4251300172971,47.38076189714954,315.82482020585786,384.4760171497329,13.484384510873381,498.3778682284152,-380.354921088043,440.8657523589812,12.708137372902954,420.1362357602425,-14.883400380552475,-52.544840177912576,-473.9604146640052,-208.6402300473739,-438.02519924786685,455.713686779066,-126.74437248469152,-7.136991499588854,-496.96198439342317,64.02212899314128,445.3623333783576,61.24081622620166,116.1792235973249,-207.02308955869697,402.5320760167732,316.75500122975825,112.94008774876275,455.5968329601637,14.103821598899364,224.29746137528878,111.78813151555529,-310.37087693508585,48.012468901668086,424.36459884817236,-240.81171658469881,485.29218127427765,173.39183463494533,273.44742189236376,-69.86636205459702,-499.9999999829485,444.2438297845448,-112.12460779147537,45.23518278113058,147.4879063468533,206.77321436325298,48.67702110127696,23.960469584634343,-106.90399652859519,-0.4700121705227205,-115.71508303159713,80.08566248813337,1.6638689525578478,81.92274972842796,499.9724741241843,-186.6516886294163,163.97694090853042,416.1833731266853,300.7005276635901,-140.46306255999417,36.643682727553426,113.92743160740983,450.13894218609283,378.87836138668547,411.84190268898044,495.70879150235675,3.6301324851871795,23.925288575439573,-26.602105943353376,-0.6067516936813573,-39.05876416995586,134.94136180823608,52.68780904714979,42.13734819588972,-64.57170015105758,67.9846183609215,1.9546383724342282,236.27393790370544,298.6260263384963,90.51150334087428,-71.16755747488352,499.99684398622423,499.99999999999653,-41.2908816128801,-55.26495426040959,132.95136024920959,-8.221790037318174,-135.97101536637737,93.42715739790576,-195.93046977005744,-82.89062439314482,105.41996022914886,285.55480238778637,72.7110251964502,62.44040060986087,25.152445915341396,-249.92504998916928,104.81588684299713,-466.25083779301286,136.07512000144777,37.64057272071273,-190.5776365585537,-498.55447752360215,-493.1725753503433,-114.83405396841354,-3.5763528422773567,-255.095641767696,-5.7701051549072995,68.74171116775418,73.77052058523782,18.741976539943835,-260.21205200347066,-6.996106481057955,50.78540495383319,-285.6634679063947,-125.97195959105336,392.89825710436475,71.97006025338722,107.5413131509715,-16.712258357653663,-206.22579625073635,-228.59421556896632,14.968504796499763,5.765875620692024,75.03004267988977,-60.53222595143818,288.3732073660243,-103.47865676917563,252.9677494646813,39.97664776596746,0.7157004930204163,-499.99363124958535,-7.650378393009303e-06,-5.5904772574769535,-67.65758771011465,136.39578468520173,-45.020947799356136,-87.85547450355824,7.532606034101001,-39.012713076400274,124.48250076422691,89.35373232648047,-54.813009859180646,91.74381793660845,-64.8023052737496,-18.466210567080797,-127.01268826143914,-221.88582902681972,-11.554475628332582,-55.010981017265784,33.96144810676913,-249.43537689664495,55.30269065997302,-71.08072815103263,135.68395485451745,20.928279236432445,-294.5414144914575,463.95850736316385,-13.500728034068768,-374.2747149044879,81.80256129024002,-3.5961658434381403,-451.7897783580932,84.09231659410565,385.94614087376124,-7.650378393009303e-06,-443.5571635826335,-102.05044524636945,316.8846542245845,-314.5579161029225,428.3191742145149,-499.9573129709401,-499.9503157931794,4.563760992697522,40.94261183135442,-389.1517483510585,88.68886349937647,-405.57837629978127,-499.99998211406313,9.044240998722797,-10.401631087394358,265.19102611838474,-498.2312907484096,-157.2789291521943,-240.8281447143944
290,-2.859789674403146e-06,-499.9999365397532,499.9938241281314,125.52209791506719,427.38568631557143,-4.292200173949823e-06,15.844459010851061,166.71615961998717,-4.478074307627092,-91.51683837375828,-28.936990672301462,177.36580950107583,364.44805159248364,-138.32447180829388,220.39964319913295,187.4239125455945,376.25301921871824,499.9979957545175,-28.81023079670006,-495.4225675567346,186.31068126317044,499.999999996956,-16.333571025940945,203.69803796576528,-298.4301906295201,-109.4993734240384,263.2023461612139,48.88471499403545,-317.32826979503915,54.653423776299014,6.550525667392362,55.343633298674206,-103.13015577056635,-499.95343606882614,177.04956031091484,51.96016663173676,3.646210126692192,-285.2715701227923,-119.46854801389523,0.6043197438603528,-112.97294058859048,86.10240758293267,-314.8826572298513,-395.0880585784495,-392.4896517378499,-183.45029885295432,3.8491890113479013,-1.6083353048113083,83.89811449176736,339.9482840175256,251.97625453937323,-222.3121739218344,342.31768142832544,-259.67041933651944,-86.15074600289773,19.881311433691607,233.06855870695514,151.9051069441621,-9.665429868782295,487.17782269451385,-475.50565089670704,-192.5605946637449,-151.78218191413438,-137.08978612556115,-206.414521429311,412.27978489239433,-69.51570355077534,-194.94739178708429,-464.9954393372337,-106.3189245315779,378.37343856158867,-133.31544659735837,499.99575692423,-423.0993046176004,318.1980631542182,-408.37842481886844,210.51885010607148,472.17472493865694,459.07221523567574,-111.47139619893665,31.51072452918833,358.4894964007051,-20.927970848508696,67.7634755687937,-117.63642845404117,-299.4049781549828,-194.19881358361184,285.35305327245413,-237.80487819917278,-342.6456279815192,-13.075049207354057,-75.18886922821957,-170.78530006212296,-129.34495359328307,-123.17330095869428,-369.6809798973725,48.48418613581488,316.5633323810049,384.4116228224253,13.201159224333312,498.3846623200641,-380.31821122634653,446.3131018422843,12.557822503301844,419.67535644665253,-14.157553026185042,-55.251217160548016,-473.8806493423798,-208.80495138040874,-438.0549596742325,458.26939180234086,-126.51138270237169,-7.311680514382198,-497.02142560052243,63.94886057446357,445.7463070406349,59.70423544987327,117.37021237082786,-206.76703877161847,402.70583639825895,317.3485300620946,109.16697012758769,455.6996027327924,11.702272298896178,224.53142018544025,112.71433597200375,-310.91750018083286,50.053577763541824,425.03926811155924,-242.21536463753952,485.17573624372625,173.29283685704067,273.91300264949484,-69.93071837166052,-499.9999999829528,444.13686203020245,-112.267428318918,44.75106533650274,148.48800203586578,208.0546242619346,48.856333254176754,24.002888459686712,-104.08489868116294,-0.1201143884518149,-116.50910026602155,83.22914316094462,1.7191041267017804,81.99999467210537,499.9720969503431,-188.13188460972185,164.53750161864082,414.5149496696828,302.16702293833606,-140.40057434305623,36.278456134631455,111.4255169980998,450.12854422418553,380.60593223326026,411.142064784138,495.65333606068725,6.1373384503986745,25.589688232154746,-28.81975841754603,-2.995892402623199,-37.89751125494882,135.20327754571295,49.643694801489076,44.24437189352933,-65.73729554664475,67.01706992641125,2.1271590942935057,234.35849080849184,300.3401904638576,90.92242586937758,-71.17127227155568,499.99655769088594,499.9999999999963,-40.31656712513072,-54.24525231101536,136.6493966830813,-8.306613721190121,-135.35216399733167,93.28225562316692,-196.10127350721908,-81.47652971877538,105.19688772531447,288.5121737922675,73.08034593377712,65.26881885953676,25.1155243698636,-249.08315307631705,104.73094699585698,-466.22221737196844,138.6268532760869,38.287661823249756,-190.11525264067515,-498.5534490683899,-493.1680584712728,-114.80079526192931,-4.701897761401418,-254.8219624075872,-6.098961823940905,70.80011156139334,75.71875725183828,18.281447884093296,-259.38061420203303,-6.969826157863299,50.69031013358265,-285.66921506462165,-126.39156287403716,392.9837787608049,71.8962551584475,108.3462626295192,-16.67317245915396,-206.10034558410743,-227.56979385087155,14.646573392876657,5.655393567760759,75.92376274247667,-61.30306180018055,288.44832156162255,-102.85808556309645,252.71718306774466,40.76837152866343,-1.181141106747929,-499.9923437004626,-7.157032086979597e-06,-5.570944893197517,-68.20117245669599,137.41493742623695,-45.3766120935905,-87.12251983272924,9.33295488378583,-39.82008014944223,125.4747008669419,89.46353305560505,-55.287495750934355,91.2404754553151,-62.94715859273113,-18.05651616536946,-128.429737747897,-221.76508903900938,-11.117560475666615,-55.192048887183724,33.77153610935479,-249.97478437040826,55.63136934576211,-71.86618985660405,134.54334035330064,21.64052295519136,-295.0491600425015,464.4835691800915,-13.789433819887572,-374.25633371947293,81.98854665010046,-3.343846312747586,-451.76364813824324,84.33504347707824,386.0503064496315,-7.157032086979597e-06,-445.30190823972384,-102.59604812401007,317.42234727924915,-309.2441956030787,428.75960867271243,-499.9572575366081,-499.95031626372696,4.272947039284836,40.22495563416476,-387.9996204946588,87.58806277747748,-404.1021930170378,-499.999982114097,9.128171268607009,-9.677343662040478,267.00126978679896,-498.186158445412,-157.26116436927387,-242.86929954704397
291,-2.6753696147352457e-06,-499.99982875897484,499.9938235518951,124.55540025117352,429.1102471911286,-4.015408194391057e-06,13.92764068318455,164.81482808199186,-2.6878973830286164,-91.91873972402215,-29.834471684800018,176.50598152512262,365.6883240941316,-139.21753539814225,219.9488815937556,186.6458369023211,375.6113430775552,499.99798300217014,-29.048333115196186,-495.39981711809673,187.01668535360207,499.9999999964449,-17.69418371181514,202.01428044535473,-297.3593491766791,-109.97101079816838,262.3124849443666,49.643429844215824,-318.08936976078127,60.15104240111313,6.643113430391553,59.49025905823211,-103.52623212714526,-499.9534360019027,176.9402058342433,54.20461685121473,6.297822228346408,-285.07989737271,-120.16864443772324,0.7257348886744426,-112.83416742368027,85.56267538937858,-315.0825833679178,-395.1003185709332,-391.85636928535183,-182.22914412201072,3.964866503252493,-1.7634039323361566,83.49648550656902,339.9639588607216,253.34406944330001,-222.22295893222565,343.5677219134239,-259.5410950415058,-86.5437490102511,19.878028358263744,231.5236617061952,151.6161786535558,-9.824685121254676,487.1033735150524,-475.51733777001857,-192.18502296210815,-152.07642944126042,-120.2393302558648,-205.37149861233917,412.6030042347506,-69.92208571193264,-195.1077920392593,-464.9946586134427,-105.1231577543638,378.5955271036297,-133.24520195104242,499.9957389949057,-423.16608042396933,319.9005967764017,-408.47792041948696,210.83098741858393,472.1119599807985,459.24995721056007,-112.26103650690659,32.060473918123144,358.5050997453314,-21.559915027617485,73.24749146591272,-117.41373887270865,-299.5436951887853,-193.78125510585397,285.4245647217274,-237.47040524201608,-343.00104648220224,-13.546481892103479,-75.46629104886775,-170.49991125757623,-129.84915127738319,-123.35721325217641,-366.9330761678952,49.602759000790904,317.3257699463299,384.3788591411077,12.93528932015924,498.391342813265,-380.2847972490078,451.19919229664447,12.4232194489419,419.2354628845661,-13.423034842646855,-57.83255299063304,-473.7980171359678,-208.95903365152625,-438.0851657424385,460.69290271072185,-126.27219792606856,-7.486685750513597,-497.0778290920563,63.8718243312304,446.1260776934395,58.131744824299744,118.60232553910392,-206.52765165323734,402.8722555709117,317.9375087251272,105.50339861283325,455.80005253211766,9.250800504867149,224.74521466627382,113.57844496115617,-311.46365311142495,52.073482600417485,425.7105939968299,-243.58559631896736,485.0635309022593,173.10397228094163,274.3767294234929,-69.98842517566399,-499.9999999829568,444.040238029539,-112.40483073084437,44.2849739786302,149.51588798933614,209.3117507824194,49.03284880403189,24.046017078290003,-101.27454050629935,0.2236790391012212,-117.33337648156758,86.31033582103254,1.773819540845748,82.08746485232176,499.97173836747737,-189.66886051462464,165.1189343743165,412.7969437007405,303.64519859943744,-140.34387496453445,35.890747252740304,109.02570678608652,450.10009735056724,382.2606228293199,410.4458164677841,495.5988564806517,8.68784282450024,27.211045359557318,-30.94890527609279,-5.636867557134352,-36.71602053413432,135.4340747015608,46.59675580545496,46.32528224535429,-66.90562759313508,66.06374356894038,2.333259350623442,232.16120360150828,302.06846896328636,91.56186195266443,-71.17980119554447,499.9962594171449,499.999999999996,-39.34101942367862,-53.210584405392204,140.36893643312519,-8.386939862916055,-134.83390462898814,93.15966893230612,-196.21604129850647,-80.03685284873198,104.86896621821646,291.47198189620565,73.45859109336844,68.14734284264851,25.065444065337505,-248.2026946406842,104.66417543458059,-466.1916446940673,141.2031869919011,38.99346008208736,-189.65453628294898,-498.5516918034734,-493.16334155190975,-114.76558391154511,-5.780473357746363,-254.50021984679356,-6.393542570578974,72.89253342914074,77.75828005785677,17.824366284290896,-258.4059510776723,-6.944345366184682,50.6101657403684,-285.67733989230004,-126.88039166677498,393.0416243984215,71.82430396445484,109.17159797955098,-16.61808017667568,-205.97783266237826,-226.40007339448545,14.365641003121404,5.536433084712634,76.86880288886913,-62.042665287311124,288.52932103613074,-102.2263677965301,252.47482058684335,41.574089065209265,-3.167232195480648,-499.9907628736398,-6.6954889916814855e-06,-5.553077783850918,-68.75773496996585,138.42996212971758,-45.687282378594794,-86.44781459601433,11.094235040679273,-40.54195664057432,126.49876432918708,89.63059008068005,-55.764787857380824,90.76328023773584,-61.1465943861565,-17.615479179862486,-129.7756007211643,-221.6603748368243,-10.671185250981601,-55.352400524499295,33.541831591388465,-250.54029630552367,55.96462796944731,-72.58344037211634,133.33866642454518,22.392375416985686,-295.5610550223935,464.99899391517084,-14.051953683508776,-374.2484742544399,82.16142805880453,-3.117523871021547,-451.7367430969,84.58296118522632,386.14701221671857,-6.6954889916814855e-06,-446.9554395091641,-103.11399799898737,317.93406518054354,-303.8755010876106,429.1807552170547,-499.9571214049628,-499.95031671453086,4.001700208861741,39.55303234644264,-386.71331104005355,86.54478782031447,-402.5887549276972,-499.9999821141295,9.20028367075249,-8.969786751234748,268.68357041312026,-498.1382258102448,-157.2383660761701,-244.84767710789666
292,-2.5028421077877283e-06,-499.99952016310823,499.9938209391777,123.23041028250535,430.8004725440536,-3.756464138859882e-06,11.777183535410868,162.82587335442875,-0.9725783782906913,-92.1664479192314,-30.756344840372297,175.64798587310597,366.8876520872053,-140.07678015020613,219.62940472095468,185.7766355199416,374.9038615527584,499.99796877395045,-29.423913324890176,-495.3806019395174,187.64116569078553,499.99999999585197,-19.07714723273705,200.43688347563494,-296.33314320906896,-110.4375681736297,261.4554141842695,50.39193592212599,-318.8253679686409,65.65854079085176,6.733971051406979,63.71199937613416,-103.89793439041566,-499.9534359367341,176.6153255515494,56.41833906348925,8.959110164464596,-284.87770942024343,-120.89656220917391,0.8488955175186769,-112.77255237595716,85.125373732399,-315.27238740891903,-395.1237570842764,-391.2158273835786,-181.07303425994564,4.091343757793444,-1.9195892370989989,83.11153012807159,339.96475397173873,254.69754602290635,-222.19223254426032,344.7729439664374,-259.4054675157534,-86.87206037693883,19.870004210757344,230.03354252597055,151.26554346230375,-9.983719939683935,487.0259703483389,-475.5297092195599,-191.95843158984457,-152.21296254819026,-102.95412696970243,-204.29765383050633,412.91336381837914,-70.34361678426936,-195.39123156706572,-464.9936927993385,-103.86089790559191,378.8144849828946,-133.1736660075011,499.995720133991,-423.2362432433177,321.5729873155305,-408.5778193906603,211.10258129220685,472.0558885817385,459.4259760272904,-113.02223436664183,32.54252441960568,358.5210826713511,-22.22336361661509,78.72906499507391,-117.17758212305002,-299.6819780715403,-193.359866819851,285.41671831977067,-237.13272741031136,-343.35564944913745,-14.039682796829053,-75.73895989148998,-170.2045776403037,-130.33113647162853,-123.48811544910347,-364.19555177925736,50.732648201934786,318.1051557389484,384.3774879858655,12.686649626510361,498.3978823181253,-380.25859241324355,455.56621504863847,12.304460800449377,418.81979727340166,-12.681003415479344,-60.295906107868305,-473.7126398775617,-209.10200761556257,-438.11556932385867,462.9847644967084,-126.029380668179,-7.662027680533763,-497.1313832269269,63.791185870302094,446.50073425569803,56.52615344429449,119.8732853683957,-206.30315406778848,403.0304915170132,318.52111999410465,101.94738414998972,455.89768455046124,6.749916836070012,224.935013498761,114.37326223383793,-312.0058824811854,54.063199242057564,426.37721984473933,-244.92408655427175,484.95547602820193,172.8230681598988,274.83732534580355,-70.03970085608101,-499.99999998296073,443.9534630945975,-112.53764035364843,43.836532462473926,150.5674014233158,210.5395701480173,49.20454697592374,24.090166632437278,-98.47040538546773,0.5635273148585335,-118.18431128011068,89.33274033362531,1.8281798290642077,82.18213734257498,499.9714016192679,-191.26029229856735,165.7178912645025,411.03049387089715,305.1310796838649,-140.29225675311855,35.480871735671286,106.72192881771441,450.05289719923314,383.834398203932,409.75622140445734,495.5456015147199,11.287185998597744,28.794284998823777,-32.99097753205376,-8.48155706451713,-35.516819139455606,135.6360077427036,43.56050472539465,48.38292836084626,-68.06942863770432,65.13072612148747,2.570926477077305,229.72241298120116,303.80613405110637,92.4322542062279,-71.19276686547855,499.9959491682683,499.99999999999574,-38.36183150682858,-52.16399672204313,144.09939516982072,-8.461358361940292,-134.41277642203104,93.060963042293,-196.276093923354,-78.57066423779061,104.44715889291372,294.42196151894956,73.84549877302602,71.06894300315375,24.999161491166472,-247.28494217773277,104.61789994847925,-466.1582530755976,143.79664197774926,39.75775568667813,-189.19510630415945,-498.5490889526778,-493.1583109372555,-114.72791636357391,-6.813368935221697,-254.131152842949,-6.651466939212073,75.01371070413575,79.88456594766502,17.370997365330936,-257.28785260317113,-6.918917546982059,50.54663790916333,-285.68722924213006,-127.43894111310408,393.0722910988539,71.75606031129256,110.01650118462183,-16.544984163471817,-205.8572521458759,-225.0861500624667,14.127256901080477,5.41619498277622,77.86289957361898,-62.74824413444972,288.61680026384215,-101.58318551878237,252.24214583990806,42.391427203865234,-5.217866255728926,-499.98881980459174,-6.263719114940613e-06,-5.5371359955876835,-69.3141829650637,139.4387638682187,-45.95140086081027,-85.8269796821557,12.817779714300988,-41.17720366422775,127.54990432848639,89.85315311932575,-56.245552089116096,90.3166093932555,-59.39928828141082,-17.142073210842188,-131.05326088526863,-221.57109641681168,-10.216375760547614,-55.49397466904348,33.27413571171864,-251.1284454157844,56.29906609122137,-73.23508820544329,132.06923533165408,23.179558792376945,-296.07498234076945,465.50221972234436,-14.285354279478044,-374.2475389073925,82.32085355813572,-2.9164480833667428,-451.70943676879637,84.8330846420459,386.23624318866445,-6.263719114940613e-06,-448.5207008141257,-103.60631550937295,318.42020695035757,-298.47652108946664,429.5832305179875,-499.95690214832325,-499.95031714592267,3.749953434158654,38.92203337870561,-385.26378700955445,85.55736660987597,-401.0408864048173,-499.9999821141608,9.260057939284575,-8.283002030908373,270.2356846043597,-498.0872425201403,-157.2110165036879,-246.76374713385667
293,-2.3414395400322974e-06,-499.99860639265495,499.99381616699526,121.55063340871247,432.4488092522613,-3.51421840605326e-06,9.39636538610688,160.74696535959586,0.6538358834351897,-92.19777661049272,-31.70046149800657,174.78805626446888,368.03990193014903,-140.90199746525423,219.463328059432,184.81109286435685,374.131235236096,499.99795332373765,-29.942226092186438,-495.365518656974,188.17614416536395,499.9999999951647,-20.481001982094003,198.9626547605891,-295.3589939020641,-110.90229224424753,260.63018447250244,51.133262450284036,-319.53739744846536,71.16133761700134,6.827012664485482,67.99012531614815,-104.24800190339546,-499.95343587328017,176.08276860186405,58.58786567264199,11.622501182381,-284.66360875112986,-121.65292758544423,0.9777405090618523,-112.76405392510729,84.79114015319927,-315.4517218472007,-395.15872683617647,-390.56966341167276,-179.9803318746607,4.229094943867494,-2.074336477782757,82.74271077672904,339.95089670259654,256.0361987343548,-222.21488402157195,345.9281645743134,-259.26458329040776,-87.13853117962573,19.858095127346875,228.59589253964253,150.85818401636263,-10.14370504379231,486.945570310309,-475.5427526114111,-191.8741872603982,-152.20010137051486,-85.3263854185233,-203.18252403416287,413.2095996565311,-70.77871723110155,-195.7893364305468,-464.99254498212156,-102.53343108855348,379.0295225574589,-133.1014973662272,499.99570031609034,-423.30861267870375,323.2104847929589,-408.6774388323364,211.33100868994947,472.00585991735153,459.599850966645,-113.75663867824527,32.95352940571121,358.53744842905076,-22.908797197708136,84.19227588400408,-116.92949543359703,-299.8201008894524,-192.93384849936436,285.32522318919507,-236.78860495145435,-343.7072637167585,-14.556926723819963,-76.00682188235541,-169.9007246286127,-130.7914452258184,-123.57233562752396,-361.47934288741016,51.86921443467854,318.89498817405484,384.40648405094004,12.454860336526707,498.4042594013488,-380.2426165225024,459.46016114215,12.201287065196896,418.43060636562467,-11.933392789738116,-62.64808539043591,-473.62462523155733,-209.23324146034267,-438.1459355518562,465.1476568383161,-125.7850363968128,-7.837484119086302,-497.18226654108224,63.70720935955719,446.86944350831715,54.88954794380291,121.1822951484344,-206.09207231766092,403.179863067473,319.0989929694863,98.49658634662985,455.9921114749875,4.198593404474961,225.09683598494698,115.09201440289712,-312.54112632765026,56.01596051439897,427.03778321346806,-246.23286687956704,484.8514288142379,172.4478400993459,275.2936185131635,-70.0848553097545,-499.9999999829645,443.87579243045724,-112.66653517856936,43.405298805872455,151.6378394879089,211.73451686527386,49.369740941133536,24.135376757168473,-95.67244979146517,0.9022155538672636,-119.05852047234832,92.29927930456311,1.8821131369104358,82.28117304461962,499.9710890381869,-192.9039627411714,166.33087449491524,409.21638309641656,306.620403931581,-140.2451793466252,35.04920465884771,104.50865429497912,449.98632048390994,385.32224854167396,409.0763207612881,495.4937775705877,13.935745972041133,30.344131128676718,-34.94645566559253,-11.47630120749775,-34.30275857655969,135.81039597778243,40.54900905386431,50.418929353887684,-69.22308670810847,64.22299509089949,2.837600032119779,227.0945553910262,305.54806903566083,93.51757612822637,-71.21019491011077,499.99562697775406,499.99999999999545,-37.377405582296,-51.10861909843871,147.82963202650262,-8.528792220634461,-134.08310523847265,92.98361592018709,-196.2847028059276,-77.07885716316743,103.94503493197293,297.3498285333974,74.24031825956459,74.02476277506426,24.911514482593063,-246.3317130086266,104.59257268736796,-466.1209454198361,146.39881736539934,40.5784740439293,-188.73662692079117,-498.54547706150225,-493.1528249350339,-114.68777813881707,-7.8036013450329795,-253.71706505989872,-6.871877293590748,77.15702074768569,82.08879827893679,16.920376689560044,-256.0331513452168,-6.893184240158654,50.499734928598656,-285.6986020979213,-128.06822418739023,393.0760896609052,71.69226297549805,110.87875987264539,-16.453557405261407,-205.73753026351028,-223.63658425395093,13.931199964461637,5.299988428064804,78.9019167796857,-63.418143005521166,288.7110514464381,-100.92952413858302,252.02014821346387,43.217965229833204,-7.30424349486064,-499.98642971348426,-5.8597870520316064e-06,-5.523872006899109,-69.86049860912297,140.4384272644439,-46.169499038077845,-85.2551672595327,14.50409676760939,-41.7267977941444,128.62279821575953,90.1282100308676,-56.731808853590955,89.90290399733425,-57.70389019358715,-16.636874701180012,-132.26699632022522,-221.49638342783058,-9.754798355890406,-55.61855551735547,32.96981498612004,-251.73462446278972,56.631902614391464,-73.82489760983775,130.73490549765336,23.99686293759625,-296.58804723766735,465.99080759167504,-14.488660264054355,-374.2486942442007,82.46631492683565,-2.73941789872512,-451.68201330045224,85.08308877591442,386.31818586772755,-5.8597870520316064e-06,-449.99918950136885,-104.07561428428039,318.881064566244,-293.06742356272963,429.9675861078324,-499.95659531143866,-499.9503175581006,3.517058327055739,38.32793834342072,-383.6108940452953,84.62371702681696,-399.46180802494735,-499.9999821141909,9.306635737070552,-7.620777196385725,271.65453026663954,-498.03284673299805,-157.17977318711007,-248.6166366582095
294,-2.1904452296439554e-06,-499.99581322521595,499.9938091297481,119.51516450955424,434.0491784904449,-3.2875977922230955e-06,6.794815454297654,158.57598045717398,2.181911292597561,-91.93749300127602,-32.66512067604391,173.9222457593671,369.1406518383712,-141.69324345911184,219.47907033803412,183.7444950285853,373.2922768947535,499.9979368849771,-30.606251992032963,-495.35503643936164,188.61564255746376,499.9999999943687,-21.905197572924884,197.5906079845213,-294.44249178945614,-111.36697264788405,259.8356824909023,51.87031054925287,-320.22610803268896,76.64788251682963,6.927654201619297,72.30984718924586,-104.57823493868001,-499.95343581150115,175.35761340773283,60.70211204623337,14.280190863821698,-284.4350587927001,-122.43607495339808,1.1178769486392615,-112.77699686883993,84.56266900946089,-315.6197744817814,-395.20566228645737,-389.91963874115294,-178.9469413161355,4.380927858011477,-2.226187849561697,82.38947706118161,339.9225596145708,257.3603399093236,-222.28332490324908,347.02972902404514,-259.1192836922255,-87.3470177135261,19.841668430032193,227.20828858336677,150.39912339460648,-10.30533252542869,486.8620657591255,-475.55646086322497,-191.92081567419774,-152.04853525553872,-67.45277303542709,-202.01188358198243,413.4905020660296,-71.22467034184864,-196.28979074914997,-464.9912186679439,-101.14346292007231,379.23994691890664,-133.02927071506213,499.99567952066326,-423.38209373525217,324.8086672148831,-408.776156967323,211.5130767736471,471.9612015107119,459.7711659132968,-114.46602387535123,33.29000403833539,358.55419777979307,-23.60757757282231,89.62153638295874,-116.670944442404,-299.95805615697384,-192.50209727722603,285.14481648819634,-236.43392412125814,-344.05396388975464,-15.10044143145397,-76.26990895708325,-169.5897515666048,-131.2308546046239,-123.6163041682451,-358.79305910410716,53.00709130977037,319.68889005291885,384.46416924593416,12.239369510607677,498.41045510016767,-380.23960204432115,462.9265499355422,12.11309337341591,418.0691892361062,-11.18295796283105,-64.89603358775062,-473.53407762869864,-209.35213700475762,-438.1760515626805,467.18561837279924,-125.54110949262054,-8.012754110229388,-497.2306473647456,63.620095404085795,447.2313718093858,53.22300870781539,122.52964509159571,-205.89319346252165,403.3197106871409,319.67112910660586,95.14837140296525,456.08299678466506,1.5921784653713602,225.22654713639415,115.72600198756243,-313.06672940621195,57.926063221611976,427.69082375432043,-247.51539162858285,484.75122207816656,171.97346403146713,275.74434718962664,-70.12429110694703,-499.99999998296806,443.8063760779874,-112.79233005310675,42.99074692858222,152.72193246910598,212.8937179494452,49.52663154067965,24.18156328496872,-92.8831683962504,1.2430163049907492,-119.9530069069333,95.21192229245294,1.9354439700302595,82.38154514709734,499.9708020337282,-194.59828091776828,166.95409460097255,407.3548143013322,308.1086621203316,-140.2024908360347,34.59572588008156,102.38056238194116,449.8993777747001,386.7207714173308,408.4088250593339,495.4435414634311,16.62897293202307,31.864520709494,-36.815456344228494,-14.568031032894723,-33.07701667135831,135.95733751665998,37.57489264992113,52.433522023957146,-70.3634099481928,63.343934316535346,3.130057831628364,224.33381099648156,307.2888687206867,94.7862501546297,-71.23269636443966,499.99529288463,499.99999999999517,-36.387133465773594,-50.04777133764338,151.54817006253148,-8.588822838201189,-133.83827902057962,92.92120699681703,-196.24691430978154,-75.56386515979662,103.37640603528409,300.2436063771742,74.6416433055537,77.00435002971854,24.795580944606485,-245.34572594451703,104.58676537160059,-466.0783309375059,149.00060466476302,41.451971974792905,-188.27919179668353,-498.54063830866716,-493.1467052272953,-114.6456803549405,-8.755659951214964,-253.26173414073156,-7.055397909477525,79.3146195873887,84.3583782337244,16.4703094825433,-254.65519589580316,-6.86718391085442,50.467836931350995,-285.71150251441094,-128.7696401254437,393.05318742764916,71.63240002018577,111.75487054218445,-16.34504429615307,-205.61785763700215,-222.06675166798732,13.775665631407968,5.191149428685891,79.98001490865565,-64.05199377648692,288.81256163153694,-100.26762936545894,251.80980793283385,44.0512104937876,-9.397350392772827,-499.98348867557706,-5.481902917381376e-06,-5.514189247415287,-70.3897541613992,141.42524752629737,-46.34391538986262,-84.7276402986316,16.152819649139406,-42.193527746966,129.71165839227575,90.4515252662173,-57.2266508475807,89.52271002209916,-56.059229865940225,-16.10188233785897,-133.42198276684215,-221.43535186633784,-9.28905879676983,-55.72804890002777,32.62990889496045,-252.35395331181633,56.96049947795993,-74.3574640150319,129.33628117378083,24.838351021362705,-297.09714276991957,466.4625529117047,-14.66274453937486,-374.24578793450837,82.59673578266043,-2.5851922889193593,-451.65470860104097,85.33093373988473,386.39302032734486,-5.481902917381376e-06,-451.3908379681344,-104.52459149505667,319.3168622635475,-287.66498955872754,430.3343195366412,-499.9561937247376,-499.95031795111106,3.3022362164152645,37.76707210931332,-381.7017674758301,83.74153492306024,-397.8550102491349,-499.99998211421973,9.339127163214687,-6.98578215779388,272.9363580132563,-497.97452958016197,-157.14556500133762,-250.4034949943238
295,-2.0491897885221984e-06,-499.9870161350455,499.99379969461353,117.11345352749551,435.59660479892597,-3.075587301282212e-06,3.9846682349355502,156.30856160417144,3.605030196130293,-91.30134469298767,-33.65043390443805,173.04561920269742,370.18640285059763,-142.45105009430202,219.70918475656367,182.5704516242858,372.3825987452182,499.997919668577,-31.41926350699333,-495.3495640877029,188.95391972483867,499.9999999934469,-23.351320249169984,196.32124118824837,-293.58866577456905,-111.83307295297885,259.07047177076606,52.60567611154207,-320.8918993097784,82.10868038659373,7.042027777465068,76.65917570072176,-104.88998282278486,-499.95343575135803,174.46023287597424,62.75130158120949,16.92425706304987,-284.1886772252072,-123.24305635049349,1.2757671939553759,-112.77496063432764,84.44401527758981,-315.77547506686693,-395.2653218991326,-389.2676116622628,-177.96713775934802,4.551035605852921,-2.3745965471044785,82.0512029273876,339.87955264914973,258.6708423026851,-222.38827722467087,348.07477395112926,-258.9703409502341,-87.50212622695304,19.81897670295528,225.86830497051488,149.89280781706157,-10.469133963140779,486.7752124673465,-475.5708450424157,-192.08341051250454,-151.77049859243013,-49.431991599050995,-200.76893604769413,413.75458699263015,-71.67814643666844,-196.87786184947706,-464.9897177204031,-99.69470865511796,379.44505875732125,-132.95755417353985,499.9956577130557,-423.45570864216114,326.3627602621343,-408.87342373479885,211.64412083743204,471.9212040979291,459.9394734658099,-115.15238127893122,33.54738257974222,358.5713292271611,-24.312064450760193,95.00172821216138,-116.40343099575064,-300.09571195316425,-192.0632871845815,284.86759612172267,-236.0640201984339,-344.3940741268373,-15.672106729202739,-76.52818917607499,-169.27312191675608,-131.65045642893503,-123.62686690137315,-356.14374462444147,54.140381680711144,320.4801680692712,384.5483815674947,12.039590194912785,498.4164494174501,-380.2525294666948,466.00802484656776,12.039062787448938,417.73604551140716,-10.433166381006261,-67.04691583018001,-473.44110396001844,-209.45829046213555,-438.2057290962142,469.10349361271096,-125.29961988702613,-8.187574158901738,-497.2766836029432,63.52991052002349,447.58561434298156,51.526418777888196,123.91622690890962,-205.70557196674582,403.44926720598534,320.2378076416837,91.89988797108259,456.16999285268435,-1.079652430047586,225.3200610332287,116.26298810243298,-313.58040257118853,59.78795253407898,428.3347753414135,-248.7773772649223,484.654668182576,171.39090650722258,276.1880384887448,-70.15848505492883,-499.99999998297153,443.74430709993953,-112.91618266941998,42.59228372445149,153.81393386645618,214.01443341676233,49.67296650122814,24.2286422572785,-90.10670547964386,1.5894273033331274,-120.86532635432063,98.07179199430249,1.988008133524515,82.47986697885224,499.97054118848087,-196.34267512213873,167.58340641286853,405.4452313541966,309.5911621522107,-140.16456603743185,34.119660215500495,100.33218470932613,449.7903482387124,388.0270892362967,407.75588255964874,495.39499921729015,19.359688623640768,33.35846349051229,-38.59829879228225,-17.709166218879652,-31.843066133619953,136.07586960212694,34.64793838011921,54.42592041972643,-71.4896489256337,62.495316711843984,3.4444696321535075,221.49305426641425,309.0229591583192,96.19851376993176,-71.2614587529741,499.9949468879617,499.9999999999948,-35.39117847759639,-48.98498190596485,155.24339637551827,-8.641775034621904,-133.67172087685927,92.86476409655339,-196.1691169561791,-74.02904436392404,102.7535993056111,303.09195740573176,75.04748724285398,79.99611670498214,24.64343953481243,-244.3306271356901,104.59768924386415,-466.0287054787999,151.59249168078927,42.37366250654554,-187.8234819067464,-498.53430131040443,-493.13972932734265,-114.6025439381642,-9.674869023107204,-252.76998973569658,-7.203698910335193,81.4777614025993,86.67812166841,16.017731130842293,-253.1720699359999,-6.841272113148263,50.44814956216239,-285.7262181058243,-129.54475058353873,393.0036632941632,71.5749521622775,112.64035883114894,-16.22181168430979,-205.49787795395437,-220.39689359282278,13.65780221802396,5.091314184046957,81.09014672339474,-64.65046676848361,288.9223325795472,-99.60070729232295,251.61244655983018,44.88855030110944,-11.470913331543839,-499.97986972000007,-5.128393240738661e-06,-5.50876777302592,-70.89760834776814,142.3948862147906,-46.47812691765252,-84.24018831251105,17.762837771757084,-42.58132664467097,130.81036725463628,90.81791437182933,-57.733653433415434,89.17515091192075,-54.4644091702796,-15.53995299577601,-134.52366797766445,-221.3873079259602,-8.822673278309834,-55.824656467286246,32.25540136956101,-252.98201053263392,57.282066219635915,-74.83762530320567,127.87484303728361,25.69771326702424,-297.59940449325114,466.91560085462874,-14.809804077150424,-374.23160775030726,82.71036854418722,-2.4527901988756127,-451.6277465741737,85.57457797423531,386.4607408192407,-5.128393240738661e-06,-452.69418583037805,-104.95552444821591,319.7278153740191,-282.2835904966627,430.68389530932495,-499.9556871284289,-499.95031832482596,3.1051023171819505,37.23579065052095,-379.4716062273822,82.90864877881775,-396.224116418423,-499.9999821142475,9.357110351736305,-6.378760481530667,274.07696614089184,-497.9116154267254,-157.10961878690935,-252.11900488044287
296,-1.9170438463333994e-06,-499.9585257584944,499.9937876623774,114.32128312208604,437.08691639709514,-2.877251972677186e-06,0.9773223096714689,153.93649552135375,4.917646013160371,-90.20547585135502,-34.659484215436954,172.151883938927,371.17397138440515,-143.17651109766103,220.1854866705278,181.27957600991346,371.3937488821838,499.99790186242876,-32.38657235882628,-495.3495086763067,189.18419398358986,499.9999999923788,-24.823899490367115,195.15545056239026,-292.8028873905254,-112.30277536355311,258.3327354810869,53.341456637542635,-321.53515252370426,87.53555956240756,7.175856465009354,81.02797623377072,-105.18465368672295,-499.9534356928125,173.41410706609437,64.72608053941948,19.546640345461817,-283.92080282833274,-124.070641154117,1.4575183576055661,-112.72145936361566,84.43954529927052,-315.91780480303646,-395.338949763579,-388.61552126919076,-177.03450411608293,4.743726578663844,-2.5195875907141536,81.72727375141133,339.8211186794842,259.96888597086354,-222.51979681500785,349.0606680376764,-258.8185935412617,-87.60895858209275,19.787722273044796,224.57363827989047,149.34277766593524,-10.635644386493091,486.6845792199328,-475.5859430247738,-192.34516476089462,-151.37905384393312,-31.36217990912156,-199.43688157710463,413.9998641438873,-72.13576188929976,-197.53800160149126,-464.98804630881455,-98.1915222742471,379.6440684596347,-132.8869654306237,499.9956348255984,-423.5285991226845,327.86720545412163,-408.968757269578,211.71752794601514,471.8850917153487,460.1042760087851,-115.81793646930778,33.71954503250984,358.58883924944314,-25.015520486979224,100.31843949093864,-116.12857667957924,-300.2329646958158,-191.6160360168296,284.4821096218382,-235.67434038221865,-344.7261340089289,-16.27322639137284,-76.78151098791442,-168.9524221689858,-132.05170423305614,-123.61153244323609,-353.53749140879864,55.26285012325484,321.2614191801881,384.6566457412871,11.855008559523991,498.42221846338634,-380.2849737443076,468.74330692273014,11.978272434814778,417.43107534807496,-9.688051051382201,-69.10843610319478,-473.34581428224294,-209.55162662732386,-438.23480248264957,470.9065638648858,-125.06282066969455,-8.361791031592565,-497.3205228476307,63.43657918985875,447.9311435277673,49.79841832402824,125.34295032783918,-205.5286304369166,403.56755984875184,320.79948193936735,88.74814227793905,456.2526883884431,-3.834172830239871,225.37363704633108,116.68660611113054,-314.08014149636335,61.595633368819385,428.96799632112044,-250.02718998625306,484.56155260376295,170.68630470119837,276.6229560997768,-70.18796090620373,-499.9999999829748,443.6886139192036,-113.03972120307552,42.20927208559013,154.9077345464418,215.0937178328159,49.80582273233389,24.276592585003982,-87.34756899570633,1.9446318857881848,-121.79378860360922,100.879573359257,2.039711778604012,82.57237111639378,499.97030641907145,-198.13777650637752,168.21428867484394,403.486224220019,311.06306819468836,-140.13238123292294,33.61926519091618,98.3576195828968,449.6565718412603,389.2381593817913,407.11895296386604,495.3482096417484,22.121283177842997,34.828212505011365,-40.29617795088732,-20.860647672231263,-30.604725666841862,136.16438513148717,31.774354051935237,56.39492148332641,-72.60312149778152,61.67757902681278,3.7765429315591317,218.6175647740352,310.74467651030005,97.71461889115743,-71.29810812098545,499.9945888929093,499.99999999999454,-34.390046313014054,-47.92393987626753,158.90364887955036,-8.688591563522602,-133.57741651892002,92.80459106482562,-196.05821503493868,-72.47796289064752,102.08667019207904,305.88441090962203,75.45553830698636,82.98782615563677,24.44712590703033,-243.29073611703868,104.62194397914588,-465.97012880286917,154.16483005068577,43.3386879916041,-187.3707079972445,-498.5261590270038,-493.13163022109796,-114.55947948030648,-10.566605371472868,-252.24712324547627,-7.318924887987402,83.63714518607928,89.03167151355807,15.559246167668524,-251.6042300259419,-6.815980408059509,50.437355539316734,-285.7431466011763,-130.3950206396836,392.92756243319985,71.51784276210647,113.53014375377526,-16.086793098974972,-205.37771602951116,-218.64958429290965,13.574311705219182,5.0008219545033015,82.22464239932344,-65.21481992568405,289.04189248869704,-98.9324852165367,251.42980447834495,45.72723408043345,-13.503038953640175,-499.97541836874325,-4.797671863343567e-06,-5.507831233073663,-71.38160202429886,143.34252947086924,-46.57598559963887,-83.78937063875107,19.332562126365648,-42.89451354428599,131.91257729505642,91.22159588957035,-58.25622594030652,88.85857158305821,-52.918803623879796,-14.954133551235095,-135.5771757673656,-221.3518591246498,-8.359809165099216,-55.91096438119589,31.847438143766116,-253.61529480716678,57.59353673538676,-75.26988298754924,126.35284120123247,26.568610939938495,-298.09249260765256,467.3485250040508,-14.932675024041128,-374.1986714775461,82.80491980744208,-2.341674613840977,-451.6013628743804,85.81182045113856,386.5210277464035,-4.797671863343567e-06,-453.9070381220396,-105.37002912795013,320.1141905294149,-276.93597688143063,431.0167690465108,-499.9550625675179,-499.95031867891765,2.9259284554174485,36.73033134120789,-376.84874256030577,82.12332607844412,-394.5728190125086,-499.9999821142741,9.361029498903243,-5.798213651316721,275.0718911620049,-497.84328290991493,-157.0734465567428,-253.7555458860052
297,-1.7934180505108088e-06,-499.86384187298114,499.9937727433323,111.099143792884,438.51654130892945,-2.691704139579088e-06,-2.21842394531515,151.44734677947437,6.113984569633498,-88.5822312324625,-35.6990889349296,171.23349254585057,372.100112990453,-143.87134118393232,220.93130684470128,179.8593381807418,370.3131070734076,499.9978836320225,-33.51606443205179,-495.35530888019855,189.29809223467848,499.9999999911385,-26.330590127705925,194.0929234361327,-292.0913112007841,-112.77985794064215,257.6202889873359,54.07900087400617,-322.1564539200028,92.9211695117569,7.332947650036318,85.4072159665765,-105.46422832709123,-499.9534356358268,172.2438369009716,66.61695126581557,22.13903679924711,-283.6283962714496,-124.91617484266853,1.6672164015787072,-112.58615952752432,84.55249241040407,-316.046181488108,-395.4283133707548,-387.96539318197017,-176.14286437675884,4.961780456297926,-2.66149664846575,81.41707327657629,339.74587363802203,261.2557124719724,-222.6684164572915,349.9846747017904,-258.6650659692499,-87.67288632103596,19.74558634019073,223.3221716702799,148.75163896467444,-10.805541018870219,486.5895340719572,-475.60182256863135,-192.68870782618265,-150.88753301032736,-13.33848105139099,-198.00297460173266,414.2237500708381,-72.59461690184123,-198.25528014530298,-464.98620886696585,-96.63860403514524,379.83604332722666,-132.81820233992912,499.995610743656,-423.60000812765065,329.31555230979444,-409.0617315834365,211.724811795321,471.8519960267674,460.26502182530174,-116.46513710720923,33.798902702100264,358.6067225132366,-25.71188944103811,105.55817866576193,-115.84820692817935,-300.3698638397519,-191.1591832742068,283.9734680572334,-235.26145165398881,-345.04884492822566,-16.904393094083048,-77.0296304555226,-168.62940973666443,-132.43645465081966,-123.57854163214435,-350.97987591757305,56.36807177966634,322.02433732659944,384.78632390681406,11.685204386744363,498.4277327579952,-380.3411914993394,471.16707252219214,11.929697788637508,417.1537908130415,-8.952074022950427,-71.08895554628278,-473.24831906803104,-209.6325072927163,-438.26312379661965,472.6002962387912,-124.83326845023613,-8.535420961390914,-497.36230281356285,63.339878063332506,448.266788258998,48.03659912633129,126.8100403956359,-205.3623198103887,403.6733629310339,321.3566745853097,85.69005917596132,456.3305744434811,-6.695503689229832,225.38414682905378,116.97704107836583,-314.5641315928045,63.342473004103184,429.5888224097245,-251.275628735002,484.47162659139394,169.84166132836708,277.04711719330675,-70.21326728593749,-499.999999982978,443.63823136128406,-113.16509918432723,41.84104583289489,155.99693893610257,216.12829156770246,49.9215399734593,24.32546239546226,-84.60954566721189,2.310609839026457,-122.7376904726493,103.63595279785167,2.0905376629702,82.65496285082418,499.97009716526435,-199.98529480062246,168.84184413264714,401.475579307624,312.5194051762183,-140.10751299745752,33.091826107314795,96.45033287549587,449.4944692120446,390.35051470865477,406.49878220487676,495.303191310736,24.9104952157642,36.275520417726945,-41.911940300228196,-23.992965154532925,-29.366351950244255,136.2210585151179,28.95662749695246,58.33945775338079,-73.70676792573988,60.89015026944681,4.121655320695102,215.74344600255662,312.4482996230402,99.30071766325995,-71.3445470076813,499.99421866480236,499.9999999999942,-33.38417583646332,-46.86844388407108,162.5172098872324,-8.730596219837384,-133.55009027700638,92.73180501666147,-195.92093000653304,-70.91380059600566,101.38338690456592,308.6114390149194,75.86347690869019,85.96699082434804,24.199562871964165,-242.23067910981615,104.65616575016332,-465.9006401731659,156.7080153004747,44.34241728752161,-186.92243821151882,-498.51591035958546,-493.1221102954138,-114.51754798971828,-11.43561160887112,-251.6983233060276,-7.4032433168681395,85.78319843956838,91.40271577883854,15.09162953388179,-249.972290807658,-6.791858746248452,50.432218100761936,-285.7626531094924,-131.32156070248797,392.8249455087177,71.45887400366892,114.41883076258581,-15.94303054262032,-205.25789283912042,-216.84737816271632,13.521884356243648,4.9190703086832315,83.37568825473286,-65.74647186833349,289.1730301656785,-98.26678916655332,251.2638525224527,46.56439012567803,-15.4767015481763,-499.9699476891591,-4.488283593673259e-06,-5.511135559315215,-71.84051392482128,144.26298333802575,-46.641114493786134,-83.3725973528781,20.86019975334109,-43.1371955945726,133.01174831439226,91.65649290881042,-58.79712196622945,88.57109310167115,-51.42201786980148,-14.34712982108573,-136.58691315865659,-221.32894291503624,-7.904959579870587,-55.98995131452417,31.407349247934153,-254.25140049677225,57.89156551835283,-75.6580353169855,124.77294863910599,27.444893996457267,-298.5746935499123,467.7603435529304,-15.034243250056058,-374.1405784517245,82.87776938482277,-2.2518045180344592,-451.5758152500193,86.04025346686154,386.57319437097095,-4.488283593673259e-06,-455.0276339093286,-105.76917278187693,320.4763539396502,-271.63385205317877,431.33340878408757,-499.9543059183497,-499.9503190128293,2.765456687481995,36.24679488684095,-373.7651611245847,81.38433241957006,-392.9049284089411,-499.99998211429977,9.35223447211668,-5.240830767772677,275.91653746911607,-497.7686495410414,-157.03881498168622,-255.30436559837426
298,-1.6777630662545562e-06,-499.54165496841534,499.9937545566079,107.39414844612863,439.8824311723034,-2.5181216187775135e-06,-5.5963737678004355,148.82569435986758,7.187501991050427,-86.39971561752529,-36.779814957345174,170.28221631073455,372.9614192606399,-144.5379698154723,221.95257951895462,178.2953264885261,369.12481007405387,499.9978651217219,-34.817249654334795,-495.36743000082873,189.2860076688301,499.99999998969366,-27.881530068495064,193.1303203614264,-291.46076344950393,-113.2702180529458,256.93061602901344,54.81862453255832,-322.7567841552784,98.25857614641849,7.513521397478047,89.7883404084648,-105.73170299975517,-499.9534355803639,170.97361174278728,68.41414009292585,24.69287142921325,-283.3101700452775,-125.77813672529436,1.9050432990029111,-112.35122638022999,84.78333918142307,-316.16083976851405,-395.53558041899356,-387.31935394330196,-175.28710602926694,5.204643578635138,-2.800838507974929,81.12001447895258,339.65193073697264,262.53240793162865,-222.826229484017,350.84387493833566,-258.51104800364124,-87.69936572689302,19.69065280826838,222.11202151331509,148.12134541915995,-10.979656456252993,486.48928162616255,-475.61857688256,-193.0971225698323,-150.3091425100511,4.5489711349977835,-196.46321648062468,414.42316875686754,-73.05269087968477,-199.01645903936657,-464.9842100491477,-95.04077135234057,380.01989597204573,-132.75204499052086,499.99558530120834,-423.66925023762775,330.7007400543035,-409.1519600250945,211.6563506650074,471.8209502609236,460.4211163551368,-117.09658276249493,33.777134498230055,358.62497209243605,-26.395522236197678,110.70851442115277,-115.56443798307691,-300.50668135055264,-190.69214358253382,283.32470703098284,-234.8241619425138,-345.36101058308395,-17.565419752053646,-77.27227389445261,-168.30605510000717,-132.80698457730105,-123.5367042529945,-348.47619511210394,57.44959827203488,322.7598722424967,384.934735700293,11.529796751499957,498.4329571544692,-380.42590150670037,473.3104302531794,11.892144303970932,416.90350880251236,-8.22996106524125,-72.99745994590228,-473.14872470618366,-209.7018028621839,-438.290556781376,474.1901671291414,-124.61378621983073,-8.70867406556607,-497.40215198570587,63.23944090182695,448.5912560860699,46.23804098080961,128.31629917741606,-205.20723468265794,403.7652202767644,321.9098798696258,82.72252403692295,456.40303713633807,-9.692665419989698,225.3492577486594,117.11317468004022,-315.030656403706,65.0214478644233,430.1956387092061,-252.53500201385177,484.38460363099335,168.83706606095518,277.45838841254215,-70.23496280627664,-499.9999999829811,443.59197650448334,-113.29493741388004,41.48691896372074,157.07493653511963,217.11463484408594,50.015874054685064,24.375351522512382,-81.8950585042328,2.6870800936802386,-123.69747682422151,106.34195157689433,2.140530034337118,82.72333051769448,499.9699125800378,-201.88749623387952,169.46086078980048,399.41055540945507,313.9550857744588,-140.09201064017893,32.53392955092817,94.60312427200763,449.299849857828,391.36046454099767,405.89545483340913,495.2599316324146,27.72915390326261,37.70185758559415,-43.45082607630653,-27.085658749273822,-28.133083936245708,136.24416186258543,26.193790307996462,60.2589822363492,-74.80479156399578,60.131711654738616,4.474941296691412,212.89789206710378,314.12810465258855,100.93142364699617,-71.40281579954726,499.99383580947654,499.9999999999939,-32.37366043604963,-45.82237393109426,166.0723499605469,-8.769254988615195,-133.58512662613037,92.63921414350115,-195.76322491929076,-69.33892452273375,100.64965509767771,311.26442996776944,76.26924221130848,88.92122358420782,23.895321079058036,-241.15504965795645,104.69743684699385,-465.81860870697886,159.21264749278865,45.380730937782175,-186.48040562074968,-498.503323171645,-493.11087430795146,-114.47758076259471,-12.28551262027521,-251.1282658134799,-7.458589278331621,87.90634064463094,93.77586613228644,14.612191318102212,-248.29541427494797,-6.769344367295861,50.430034471826566,-285.7849609353481,-132.32489078057804,392.6959324216706,71.39604942771045,115.3009470479417,-15.79335550338943,-205.13919247880182,-215.01110744784768,13.497423779322249,4.844797162187463,84.53567000764426,-66.24669667887815,289.3174118782372,-97.60723447321405,251.1164729814333,47.39705564138465,-17.37945940807794,-499.96323297051833,-4.198838723823428e-06,-5.5181342649893175,-72.27387010980958,145.15075718922003,-46.67654219671363,-82.98808823291965,22.343967960107772,-43.31291751021553,134.10120417994966,92.11647720303928,-59.358162513409,88.3109790679495,-49.973833824772,-13.720985245259602,-137.55639433901047,-221.3188017965336,-7.462643505485535,-56.06490124779659,30.936529061224714,-254.88898478989043,58.172620426489004,-76.00505460134596,123.13789280045741,28.32070540851293,-299.04489554911373,468.15047475609447,-15.117057330999348,-374.05363417543833,82.92619761821089,-2.1835256821296976,-451.5513831663064,86.25729811722442,386.6162329963238,-4.198838723823428e-06,-456.05606488881557,-106.15382196162422,320.8148037315523,-266.38820459078437,431.6343103308284,-499.95340452471163,-499.9503193257392,2.624346270668818,35.78122418037138,-370.17115682570756,80.69068438602488,-391.2244980889499,-499.9999821143243,9.332601029028474,-4.702573435298189,276.60624624934076,-497.68692269120874,-157.00768447390615,-256.7576922392045
299,-1.5695695765316486e-06,-498.42219589318097,499.993732658936,103.14623130427658,441.1821449538046,-2.3557331587653607e-06,-9.151009516268518,146.05606331793382,8.131288134675875,-83.67777383560704,-37.9147956619525,169.29018288684665,373.7545155085208,-145.17959884286185,223.23149864557314,176.57392046974434,367.8118706727808,499.997846456383,-36.29882763237651,-495.38631477579827,189.1384222430638,499.9999999880027,-29.487740958663355,192.25989123232776,-290.9180222003776,-113.78169484376714,256.2609480852107,55.559382982260615,-323.33761325880585,103.54097819731545,7.712988760680414,94.16280344280669,-105.99127359668013,-499.9534355263874,169.62620469382048,70.1079942343827,27.1995307839883,-282.96757977148286,-126.65622873057214,2.165870223797688,-112.01521183132078,85.1285691173314,-316.2630395122026,-395.66301747390054,-386.67962033283766,-174.46367286768267,5.467102977761943,-2.938169068831714,80.83552997016224,339.53722866430644,263.79974836633266,-222.98762467217833,351.6353738115605,-258.35808191012217,-87.69378436017587,19.621785247841355,220.94155089903103,147.45377507468544,-11.158866325937433,486.38295945372494,-475.63631101750343,-193.55463028535374,-149.65669545707402,22.216576886016092,-194.82573668562182,414.59486332198196,-73.5089486755189,-199.81050523608764,-464.98205467848425,-93.40275302524522,380.194423465971,-132.68932223421098,499.9955582897649,-423.7356792545015,332.0157923363426,-409.2390783564178,211.50281020723045,471.7909177146141,460.57195079679224,-117.71487989438678,33.646587760931006,358.64357970767145,-27.060917318077713,115.75819489401874,-115.27971224778133,-300.64389380726027,-190.2152148733035,282.5194046433547,-234.36426499979086,-345.66148313769133,-18.255311085444795,-77.50918781260133,-167.9845404735268,-133.16591764794313,-123.49490146898766,-346.03147937121093,58.501253033016106,323.45883705328043,385.09924579060504,11.388393211555446,498.43785275515705,-380.5437461686065,475.20173598163024,11.864222946233166,416.67950384926684,-7.5264130034917835,-74.84319091180535,-473.04712886740316,-209.76088426970009,-438.3169709565301,475.68154366685275,-124.4072863439937,-8.88189404781248,-497.4401903505616,63.13482700019525,448.9032079885457,44.40020884262271,129.85856646727854,-205.06455739221946,403.8415518399814,322.4594861482749,79.84240732573876,456.46938414036765,-12.855586018323617,225.26754582708682,117.07609171494491,-315.4780259096108,66.62585456175115,430.7869729592436,-253.81750125342555,484.3001643344944,167.65436996284242,277.85466819728475,-70.2535996696408,-499.999999982984,443.5485505938293,-113.43208158565619,41.146198701963506,158.13507828304816,218.0493294747289,50.0844407610284,24.426399513695294,-79.20489411763073,3.0707539602663734,-124.67463912377625,108.99916603745429,2.1897884350783543,82.77316219626104,499.9697516986792,-203.84628002809066,170.06602085856832,397.28843965544553,315.36504769516756,-140.08808482074218,31.94205752322398,92.80836178137294,449.0685221501427,392.2647494454764,405.30849702700425,495.2183966667658,30.585045414284462,39.10860163747304,-44.92079927029892,-30.125965129441234,-26.910920727293774,136.23231184120021,23.481951658496154,62.1537339957878,-75.90237221326841,59.40041892050962,4.831408522174434,210.10041804035586,315.7785321364094,102.58986361778702,-71.47499001855924,499.9934397968979,499.99999999999363,-31.35806851431009,-44.789639257741605,169.55758799785704,-8.80600277982653,-133.67835387697036,92.52164474282442,-195.59003569106653,-67.75461447393285,99.89013248436486,313.83566701665796,76.67118791280576,91.83867171666671,23.53115544019406,-240.06817270261232,104.7435355616359,-465.7231397465539,161.66979127121076,46.450204461618675,-186.0463509739002,-498.48830208357526,-493.0976794202165,-114.44009681533501,-13.118499159530558,-250.54089449744143,-7.486502109393514,89.99734022077214,96.13727838702202,14.119049165193482,-246.59041177679413,-6.748683747276562,50.428981042744866,-285.81010087607774,-133.4047548647389,392.5407401762015,71.32783433293363,116.17121910650378,-15.640119197756073,-205.02253203703108,-213.1589418129321,13.498183338093046,4.77638415300775,85.69748523993326,-66.71639387432222,289.4762740930151,-96.95703955151092,250.98918729323262,48.22221202086762,-19.202722608038606,-499.9550061283211,-3.928063961211591e-06,-5.528188345284494,-72.68155929121167,146.00025357336673,-46.684496212817564,-82.6347705783127,23.782259807735944,-43.4244893446615,135.1743421115089,92.59564732742452,-59.940073096053126,88.07687939672951,-48.57416009854001,-13.076891851194954,-138.48816389500914,-221.32193061149627,-7.03713961060116,-56.139173031736455,30.436372940172472,-255.52762304758858,58.43319503560469,-76.31308163548759,121.45036200271652,29.190596020709503,-299.5024881306804,468.51865882693374,-15.183090725299914,-373.93811847016985,82.94760954439576,-2.1372811663583193,-451.52835851167043,86.46032047049296,386.64897662415245,-3.928063961211591e-06,-456.995405548298,-106.52497728203056,321.1301885860166,-261.2093756320829,431.92000667381154,-499.9523503041683,-499.9503196165161,2.5025787546005325,35.329783863991764,-366.0494096847122,80.04122743718345,-389.5359320685555,-499.999982114348,9.303921887163055,-4.179981067432954,277.13631211956124,-497.59758278485134,-156.98207934556623,-258.1111540797194
300,-1.468353730160743e-06,-494.4686664554492,499.993706603287,98.29835512924952,442.41409347897377,-2.2038184397388245e-06,-12.874171538176004,143.1271221972466,8.939402446723786,-80.49138252726064,-39.1171566836042,168.25127700022233,374.47654483260555,-145.8000584287243,224.72663798197178,174.68591009952712,366.35933174724613,499.997827743122,-37.96525784378623,-495.41229649941937,188.8479958073122,499.9999999860134,-31.158689740481755,191.469354881445,-290.46856460738184,-114.32292410656986,255.60846166302653,56.299050222438154,-323.9008278264151,108.76160317504116,7.921979528768693,98.52185641635494,-106.24805468518801,-499.95343547386165,168.2224574877052,71.68991780395196,29.650896206905138,-282.60516322328283,-127.55088737704654,2.4392327879137508,-111.59216424114642,85.58044012065052,-316.3549437097823,-395.8125410824161,-386.04843183565447,-173.6705177212949,5.739267764294395,-3.073789326108583,80.56307797562549,339.400030815772,265.0581465353464,-223.1493885927735,352.3567726987771,-258.20780997162143,-87.66131561530709,19.539001471360923,219.80937089980426,146.7515106084052,-11.343831401995232,486.2697859627622,-475.6551193354458,-194.04697402352377,-148.94241399137331,39.588418993254905,-193.11080052796422,414.7358941315137,-73.96305911955562,-200.62843826032164,-464.97974769514855,-91.72897765593113,380.35840203968655,-132.63083684848314,499.99552948230803,-423.798660922509,333.25484451986415,-409.3227308316774,211.25705697150667,471.7608618859218,460.7169488920263,-118.32240418341546,33.40215083589655,358.662535968821,-27.70254112311278,120.6973486702964,-114.99669733974848,-300.7820591662588,-189.7296803430986,281.54512962796633,-233.8864298919531,-345.9491253452992,-18.972281444855575,-77.74015827902048,-167.6671538263314,-133.51599369007948,-123.4612454523143,-343.6502787224786,59.517595711800666,324.112906170557,385.27732248379,11.260626960106716,498.44238090112066,-380.6985052228593,476.86748521733466,11.84447989106849,416.48110487542544,-6.8456571316082835,-76.63493808626662,-472.9436176136693,-209.81149486385496,-438.34223719616136,477.07961697916403,-124.2164444222656,-9.055373527010202,-497.476530122006,63.02570332653999,449.2013858888565,42.52205373240386,131.43167578660746,-204.9357553475985,403.9008429016778,323.0057341867919,77.04657702870169,456.5289078768943,-16.209477009077638,225.13856797103165,116.85329673210794,-315.9045392703348,68.15037231989116,431.36160475928165,-255.13308961220082,484.21797355745525,166.28167152296436,278.23414048627285,-70.26969491593194,-499.9999999829868,443.5065831818981,-113.57914677190462,40.81821452183083,159.17104384775604,218.92962517957025,50.12343635044378,24.47878195402044,-76.53812376597459,3.455451984676873,-125.67118779031486,111.60997919308039,2.2384750520834653,82.80052482848436,499.96961356482586,-205.86201972817798,170.65230904717484,395.1073387950181,316.74454182295904,-140.09760368778115,31.313446877985694,91.0585822643144,448.79711854252247,393.06153930380015,404.7370076095145,495.17854017994404,33.49238239432301,40.49726142556949,-46.33204749211859,-33.107140116823246,-25.70642738106384,136.18473268824124,20.815013703349173,64.02496185967728,-77.00537651722239,58.69417344249145,5.186193104606446,207.36445360624623,317.3944932121136,104.26657214212908,-71.56309609958087,499.9930300372382,499.9999999999933,-30.33629509971756,-43.77402186274644,172.96221468932728,-8.842146468336136,-133.82582151599834,92.3760154801161,-195.40517371527795,-66.16092750663287,99.10887866246414,316.31838959115044,77.06812885906955,94.70859442291717,23.10628838204023,-238.97398110185497,104.79315764108645,-465.6143891275837,164.0713802832343,47.54828245582454,-185.62192576264164,-498.47093333595757,-493.08239065377063,-114.4053108201943,-13.935112104448498,-249.9393649294839,-7.487925018891505,92.04781605854062,98.47513551929767,13.611384003311253,-244.87143455764652,-6.729913593592241,50.428400004911495,-285.83791924230707,-134.5600346453194,392.3597090519394,71.25344436113319,117.0249550134236,-15.484897181335125,-204.90886400539748,-211.3060833940805,13.521940349288458,4.712259452439478,86.85491525549948,-67.15586864135885,289.6503076709205,-96.31892983431094,250.8830414654359,49.03684849475968,-20.940812145804575,-499.9449499012781,-3.6747514968737956e-06,-5.540693110500854,-73.06349503790933,146.80613085753228,-46.66626450108257,-82.31216124663361,25.17378424574699,-43.473905030019864,136.22505212317589,93.08871048231224,-60.54232521778102,87.86804484441403,-47.222971436006866,-12.415057024391077,-139.38371723683656,-221.33901394286877,-6.632215815902127,-56.21580616185472,29.908438521147087,-256.1676358098075,58.670163433071224,-76.58340755992596,119.7133215828962,30.049762895989897,-299.9472280383732,468.8648815753217,-15.233562248060636,-373.79851556056457,82.93977581343219,-2.113169878140093,-451.5070267157677,86.64684345707036,386.67036433609707,-3.6747514968737956e-06,-457.85197395092723,-106.88388455089606,321.42331471936956,-256.10686220118055,432.191072532523,-499.95114216860907,-499.95031988366344,2.399191367759576,34.88906413418742,-361.4220356503455,79.43429014368554,-387.84397988836287,-499.9999821143707,9.267406981398027,-3.671119856618398,277.5019339450782,-497.50053051725456,-156.9638664047234,-259.3654779776311
301,-1.3736644177697597e-06,-480.43735842349395,499.99367601864145,92.80893977703805,443.577878707383,-2.061700797639787e-06,-16.751462635395026,140.0360697941685,9.608831643556629,-76.95721095975351,-40.39654282078854,167.16260742775,375.125845511808,-146.40334644610158,226.3805805407266,172.63006679310334,364.7578090338467,499.9978090731406,-39.81335083275938,-495.4454964492387,188.4118989997712,499.9999999836611,-32.89953825046336,190.74343387296835,-290.11508433044366,-114.90137613636554,254.97063675172976,57.03441817098539,-324.44846286112795,113.91384224527607,8.128031833250692,102.8566774903285,-106.50728748980066,-499.95343542275157,166.78115067455826,73.15368937476269,32.040004722013876,-282.22990822753434,-128.46231057402824,2.711162326999793,-111.10597183832495,86.12805134280113,-316.4391531102735,-395.9852190526055,-385.4279244048456,-172.90653325947608,6.008266928651764,-3.2073054962577925,80.30213546056576,339.2394865249776,266.3077093122795,-223.3101349594994,353.00681422502896,-258.061692323134,-87.60676581405542,19.443768091731094,218.71432612293503,146.01862413142766,-11.534674423644288,486.14922979201134,-475.67505791455415,-194.56156478813548,-148.17775421402743,56.59721862029238,-191.34690137719045,414.8442259536681,-74.41481350697042,-201.46264694167894,-464.9772941215879,-90.02336375766409,380.5107295597032,-132.5772560603622,499.9954986700153,-423.85755829995077,334.41427653215953,-409.40256235856145,210.91609642915023,471.72985002909996,460.85562725597384,-118.92100787807794,33.04313539677066,358.6818305676182,-28.31479057980677,125.51782127027359,-114.71800999705646,-300.9216125728309,-189.23761669646956,280.39680832856226,-233.39717385535462,-346.22279771257024,-19.713853919357145,-77.96501757283669,-167.35605122257047,-133.8596894755477,-123.4420496931842,-341.33627064079405,60.49444044204992,324.7157517525637,385.4665736636254,11.146300464608567,498.4465087452517,-380.8922477180924,478.3330154639993,11.831680899872266,416.3077258120712,-6.190942347572837,-78.38010256479117,-472.8382663868279,-209.85551203402468,-438.3662259497933,478.3893794359455,-124.04327805849964,-9.229080619100182,-497.51127641092745,62.912111657354,449.4847753200939,40.604988373698376,133.02904724111767,-204.822073706987,403.9418866825325,323.54872139443347,74.33190435334345,456.5809793756883,-19.7687970586482,224.96288439339864,116.44244837558415,-316.3084941338469,69.59218677292229,431.91867274006717,-256.48738991038016,484.13771041496415,164.71738117488664,278.5955502264406,-70.28368806099017,-499.99999998298955,443.46472371558434,-113.73794099414968,40.502366558820036,160.1773564602233,219.75410005908478,50.1304677802429,24.53269185699458,-73.89213796549161,3.833291920910733,-126.68872290711319,114.17773691450043,2.2868123853685143,82.8023709027615,499.9694972916233,-207.93250638957167,171.21555437823804,392.8670218065077,318.08950550124797,-140.12148460823968,30.647020345512793,89.34738938809002,448.48393272823796,393.75151642041493,404.17979719138475,495.14031032245504,36.4721721105835,41.86972553854575,-47.69555252507817,-36.02681767305453,-24.526062765303962,136.10153183061473,18.18547945261223,65.8750833755167,-78.12003446949308,58.01095574869076,5.534976097643374,204.69890769561792,318.9717276915677,105.95816894277213,-71.66904184387228,499.99260600338357,499.99999999999295,-29.306453083322097,-42.778883060089576,176.2769290100571,-8.8788198312537,-134.02367107831785,92.20133282991587,-195.21139472681952,-64.55676413787806,98.3098820236549,318.7069134258349,77.45931701218291,97.52197243091256,22.622380364193067,-237.87598203281806,104.84612000309313,-465.49363432400554,166.41065977105225,48.67339858215887,-185.208660863107,-498.4514830415764,-493.06502267776074,-114.37319658406376,-14.734144322866738,-249.32610293946138,-7.462973120892719,94.05077831110452,100.77999406428928,13.089659690791104,-243.15005172200532,-6.712891953970503,50.428969202352484,-285.86812612687555,-135.78882008299993,392.15330624148856,71.17315467694576,117.85845875666615,-15.328225401987565,-204.7991218470959,-209.4648905217148,13.5671980601238,4.651342698611712,88.00300621244838,-67.5646614161577,289.83971404488466,-95.69510317841213,250.79863563936195,49.83808984385364,-22.590047328201027,-499.93269189332165,-3.437773557379842e-06,-5.555083846789581,-73.41935518742224,147.5637600033695,-46.6221472084385,-82.02026098553875,26.51767439351406,-43.462366780103736,137.2482403218663,93.59140914781803,-61.16299511647456,87.68449931289076,-45.92023707063454,-11.734663772738323,-140.24344422576615,-221.3708681673063,-6.250856031404766,-56.29702366834622,29.354809057141793,-256.80994136534946,58.88123056816413,-76.81644485269301,117.93057399775373,30.894387530244174,-300.37910122398284,469.18932104613316,-15.26881609022715,-373.6424670373659,82.90107345273607,-2.110456361798203,-451.4876379398818,86.81484473373558,386.67975570047537,-3.437773557379842e-06,-458.6344837547866,-107.23190070582794,321.6951389330904,-251.08891665255268,432.4481241783844,-499.94978666351165,-499.95032012524973,2.3124947575440706,34.45649464383049,-356.34664984225304,78.86762328976151,-386.15358920997375,-499.9999821143925,9.223566109642295,-3.1757760688184296,277.6980655554408,-497.3961305033236,-156.95447745512595,-260.52658634286996
302,-1.2850796338170767e-06,-432.13237407317297,499.9936406925061,86.66341340017327,444.6745930917744,-1.9287472241558135e-06,-20.75977924474933,136.79175552953893,10.141459066235463,-73.20813180759637,-41.75594808227587,166.02558231965796,375.70263901814843,-146.99292713972346,228.13196384401448,170.41544089520227,363.00639121237543,499.99779052357053,-41.83011001853122,-495.48573843512133,187.83365404451862,499.99999998086804,-34.70894885605651,190.06659439686734,-289.85627638518054,-115.52126614631865,254.34570990544964,57.76187958017929,-324.9823078953389,118.99158009557553,8.318493324163715,107.1587883994097,-106.7732773550928,-499.9534353730227,165.31910635531534,74.49680821998908,34.36153666378167,-281.8498229133165,-129.38934609357844,2.9673775542729026,-110.58269374385462,86.75927828240665,-316.5180894992688,-396.1808694438613,-384.81998407716344,-172.1707663174049,6.261165808424058,-3.3372516599908906,80.05220147845746,339.0560871413407,267.5483574216334,-223.46937095385962,353.58602398330356,-257.9206898379548,-87.53442374040414,19.339051807822933,217.65546944186525,145.26119448951135,-11.730723891110545,486.02115382159997,-475.69611933911233,-195.08748774387936,-147.37324209871656,73.1851849902483,-189.56460283299242,414.91924490128423,-74.86351842486214,-202.30606678285517,-464.974699064227,-88.28915651046366,380.65059002840115,-132.52899416989302,499.9954657046063,-423.9117358954919,335.4936164863525,-409.4782192102018,210.4824180420493,471.69716397931643,460.98765726132365,-119.5117626147966,32.574551296713565,358.70145234858893,-28.89213800157473,130.21356207891995,-114.44583286395226,-301.0626568478906,-188.74148124484225,279.07890479424043,-232.90339283632034,-346.48137674830605,-20.477065570165585,-78.18366934444114,-167.0529430387366,-134.1988087129559,-123.44094194726905,-339.0918102008235,61.42920203085634,325.26394623081546,385.6647667987,11.045562062024558,498.45021522271384,-381.1246872180036,479.6228127326723,11.825116249487674,416.15882919403487,-5.564188868843823,-80.08384319532664,-472.73114647148174,-209.89468068956657,-438.3888089544724,479.61563280427487,-123.888757547854,-9.402412776674074,-497.5445277948611,62.79470544236776,449.75276611986635,38.65337737935503,134.64372879866198,-204.7239860338796,403.96402394174953,324.08844246427685,71.69526736040606,456.62515485457027,-23.532584362177424,224.7419822391242,115.853309488606,-316.6882470773679,70.95177834237106,432.45774987291657,-257.88020660442413,484.05910576042436,162.97246310587136,278.9384233539054,-70.29589858337208,-499.99999998299216,443.4217678795632,-113.9089806142992,40.19817970090402,161.1498574726251,220.52318812392426,50.10520343796213,24.588280629048374,-71.26283139344062,4.196550937546443,-127.72738750477555,116.7067922447405,2.335041940062866,82.77701563448224,499.9694020444986,-210.05237031401697,171.75291656442718,390.5695407047623,319.396868567599,-140.15916150218888,29.944100099870365,87.67037451289161,448.1295083945166,394.3386862050701,403.6355132741547,495.10365259672756,39.55241039152896,43.228419702568615,-49.021179489229965,-38.88563068307784,-23.375385143225078,135.98386697916948,15.585214331996083,67.70766229712171,-79.25263149907451,57.3491182601371,5.874433649573907,202.10940636436962,320.50705371131215,107.66613597977161,-71.79457219328873,499.9921673757094,499.99999999999267,-28.265901299019042,-41.806805439767416,179.49431203437095,-8.91696511881264,-134.26812854361796,91.9985670459711,-195.0105221903508,-62.94022093205302,97.49728028680597,320.9966987477629,77.84438683692657,100.27191639387785,22.083117909722972,-236.7772778971916,104.90341367815824,-465.36304503859657,168.68246098277396,49.82489063961806,-184.80798996079866,-498.43034613766577,-493.04574990118846,-114.34356778547696,-15.51276252409892,-248.7029301577229,-7.4108249982456496,96.00098853732332,103.04487369981995,12.555677176640717,-241.43553906136262,-6.697363669341567,50.43261360176989,-285.90035913708317,-137.08866222846908,391.92209784626226,71.08849504611337,118.66929311598179,-15.16953275620243,-204.69420323975632,-207.6452397279046,13.63326712637314,4.593349485406439,89.13828295590838,-67.94156465067735,290.04431558750997,-95.08724818515802,250.73619332164864,50.62339623448966,-24.148108025070492,-499.9177985909056,-3.2160824048332874e-06,-5.570787373702588,-73.74850925486173,148.26957507799318,-46.551619748445674,-81.75948190072596,27.813530920739524,-43.39052139177236,138.24022606365335,94.10081403950208,-61.79877563081619,87.52704410269054,-44.66586204052906,-11.03405108993264,-141.06673133684237,-221.41840191574835,-5.895049042652972,-56.38379137067012,28.778441909301915,-257.4559564707264,59.065340103219306,-77.01181729521436,116.10718973778991,31.721900202689017,-300.7982084167423,469.4923136487484,-15.2883697188917,-373.47890041564864,82.83065414363058,-2.1271936983053097,-451.47037262619295,86.96307303098925,386.67720278405574,-3.2160824048332874e-06,-459.3524112903955,-107.57028930707831,321.9467429727465,-246.1620776742982,432.69181325259194,-499.94829651627134,-499.9503203388255,2.240596963560972,34.030777898772,-350.90313649558414,78.33864260136225,-384.46967473555515,-499.99998211441346,9.17250072887629,-2.694908702266786,277.7191498476969,-497.2851303560297,-156.95467127032785,-261.6039502401152
303,-1.2022064765915275e-06,-287.567111995285,499.99360060050316,79.88154975188169,445.70636545567635,-1.8043647287413478e-06,-24.867126232209756,133.41532556698837,10.544779538560503,-69.36676059519355,-43.190153852131075,164.8461719980586,376.2094694345156,-147.5710583211577,229.92552021476877,168.06148813728709,361.11389249267495,499.9977721593757,-43.99275173732551,-495.5325113478679,187.1237550013862,499.99999997754225,-36.57841642785596,189.42534661728095,-289.6863778552015,-116.18225163757495,253.73305155892433,58.47803155818694,-325.5037545924639,123.98952568693358,8.483400723267065,111.42031397467953,-107.0484995361745,-499.95343532464136,163.85058795225808,75.72101595971492,36.61190909679166,-281.47234062013695,-130.32897177240568,3.196493550077132,-110.04434159991365,87.46268640901795,-316.5935038525335,-396.3979030850159,-384.226139368915,-171.46181118607055,6.487835664652638,-3.4610105798631077,79.8127861820762,338.85185018419514,268.7799240692697,-223.626662283483,354.0971288595353,-257.78504706015394,-87.44794780672201,19.22902320600222,216.6320246315918,144.48732181634583,-11.930465233450363,485.8858860414328,-475.7182183689862,-195.6154526226124,-146.538346120453,89.30465559900752,-187.79106163622188,414.96203434504395,-75.30766726643466,-203.15164032251482,-464.9719677617941,-86.52886698833339,380.77759944621624,-132.48612784736585,499.9954305354213,-423.9605850252306,336.49590104146785,-409.5493593587587,209.96424429513073,471.66238296000427,461.1129117353264,-120.09484603085855,32.007274855223635,358.7213892067508,-29.42945348510811,134.78085191209732,-114.18157939575141,-301.2048397524472,-188.24367098542166,277.60560478606277,-232.4111105288268,-346.72380415231055,-21.258755732264593,-78.39614482533868,-166.75882892775377,-134.5342145198725,-123.45847095036316,-336.9175920705774,62.320892055328066,325.757309951564,385.86983887020574,10.95899900029936,498.45349576553826,-381.39297485576463,480.76036687150145,11.824746439735412,416.0338349738362,-4.965964935433372,-81.74863981818726,-472.6223368164855,-209.93042745432118,-438.40986458414966,480.7630065524038,-123.75259895045784,-9.574108505526386,-497.576376726334,62.67482410927795,450.00526447036214,36.67434473120718,136.26943392236322,-204.64080440561148,403.967313040121,324.6248370802786,69.13355717599809,456.66126799964127,-27.4827591642547,224.47806237321166,115.10715703236067,-317.0423167991075,72.23305618368713,432.9788577946276,-259.30519778782116,483.9819761508137,161.06998251875126,279.26315549018807,-70.30650378917557,-499.99999998299467,443.37678781322177,-114.09131704773179,39.90534157031425,162.08592056963005,221.23935112390504,50.04957537547646,24.645559015821874,-68.64498582576934,4.5393787443475935,-128.78512963667615,119.20232129619652,2.383337312321529,82.72437889967296,499.96932695111394,-212.2132013003056,172.26310573004127,388.21939818247984,320.66465157037203,-140.2083249649042,29.208642795353374,86.02567776005164,447.7367565585439,394.8305990644568,403.1027283812846,495.06850863181415,42.767767213929424,44.57624348183037,-50.31609087100555,-41.68620511595448,-22.25849493194368,135.83386864625473,13.006012335338413,69.52711429453078,-80.40929850733436,56.70749783861015,6.202511644394837,199.59902447475358,321.998387723801,109.39564317919088,-71.94127132649648,499.991714172557,499.9999999999923,-27.21149634067257,-40.85932189629416,182.6089273973587,-8.957332527138886,-134.55559423900144,91.7702875774064,-194.80361537400455,-61.30922492301912,96.67516827533545,323.1842584107534,78.2232916381997,102.95369636496572,21.493424537042834,-235.68061213757775,104.9669654126039,-465.2252370607519,170.88315433283924,51.00260973526185,-184.42130512492682,-498.40796764575094,-493.02487825122853,-114.31614985348274,-16.266924341496136,-248.07121738844825,-7.329899350118814,97.89496459289045,105.26498996420453,12.012338543131683,-239.7352581590697,-6.683041938119951,50.44207517734942,-285.9342419241581,-138.45696415010445,391.66669078813896,71.0021765403165,119.45623674333429,-15.007395196269503,-204.5949738777424,-205.85498203664918,13.720081410717395,4.538789700124264,90.25864112991978,-68.28493265537116,290.26360888215675,-94.49661507070712,250.69557384993584,51.390789716491994,-25.613821658654867,-499.8997696505165,-3.0086812330409884e-06,-5.5872243346169705,-74.05021335230082,148.92113497757737,-46.45379145939374,-81.53061224322185,29.06137066172525,-43.25897527255079,139.19881632665488,94.61531757493694,-62.44526681111727,87.3969799003669,-43.45967346698704,-10.311189502599065,-141.8523294690819,-221.48260206554986,-5.56573284785756,-56.47562062031132,28.18325637796824,-258.1075363886112,59.222871476323526,-77.16868727686801,114.24949847475473,32.53097361234696,-301.2046942875278,469.7743202956227,-15.291232943726543,-373.31617553493567,82.72845704844268,-2.160114667860298,-451.4553114668575,87.09127151700275,386.66358330662143,-3.0086812330409884e-06,-460.0142774828783,-107.90016498774722,322.17928794345414,-241.33081345901516,432.9228134966178,-499.946687819336,-499.95032052133104,2.181863613971081,33.61220055638958,-345.1773148577735,77.84479322984431,-382.79690946968157,-499.9999821144336,9.114376060574251,-2.2297626510712085,277.55878107833377,-497.16849717696937,-156.96443883418175,-262.60793801243966
304,-1.124677510233596e-06,3.1330203942425547,499.9935543495263,72.51688029837783,446.6383105181551,-1.6880003386177123e-06,-29.036332958287147,129.9375505575605,10.82086100143868,-65.52986637499231,-44.68680804692102,163.63407505386223,376.6507363575346,-148.1385930991504,231.63531002469307,165.59563182488637,359.09743253793135,499.9977540365816,-46.27195254635649,-495.58500781285954,186.2977784196679,499.99999997354007,-38.505989284087626,188.79776131215507,-289.59584539308935,-116.88045723989671,253.1332168407592,59.17926861538292,-326.0277579060539,128.90246018740598,8.61528843470479,115.61654234278251,-107.33342638559341,-499.95343527757444,162.3379587324157,76.82333474364329,38.78895564419456,-281.10402832721036,-131.28893504223012,3.3905881667233553,-109.50590867346398,88.22857852006716,-316.66632126570386,-396.6336041919279,-383.6475540324108,-170.77754160915737,6.681228247113376,-3.5751085914675444,79.58206774803836,338.63001988350675,270.0021874307586,-223.7811669581557,354.5449064288381,-257.6543056956345,-87.35037008587642,19.118490491812786,215.6433300484528,143.70651318392254,-12.132091038653966,485.7441371766493,-475.74119787221395,-196.13757114551632,-145.68151152270207,104.918361648153,-186.06817708269224,414.9751707497459,-75.74531564360774,-203.99238560228127,-464.969105654983,-84.74436679509411,380.8918584889226,-132.44839645107996,499.9953932218333,-424.00355977411647,337.4272121088809,-409.61566800077713,209.37429641081755,471.62539149438504,461.2314694404154,-120.6696894003746,31.356820071369654,358.7416279085095,-29.922362150035145,139.21817729797257,-113.92580202294891,-301.34739440171285,-187.74625225882235,275.9983976998628,-231.9248611461338,-346.9491443545143,-22.055849767528812,-78.60265433221929,-166.47394467748632,-134.86595484083978,-123.4927549587449,-334.812636347781,63.16972566725017,326.1984551224461,386.07989014307066,10.887560750543969,498.4563630320429,-381.69209990550894,481.76771489004904,11.83107746463789,415.9320161796499,-4.395830394530896,-83.37471497293414,-472.51193666100437,-209.96383435224277,-438.42928436612567,481.83590016569104,-123.63338684919995,-9.742432462152438,-497.6069098246288,62.55429751543083,450.24269092943956,34.67682410819719,137.90109221693777,-204.57064677299715,403.9525381906886,325.1578177829589,66.6436858421911,456.6894605163832,-31.58660028391238,224.17370492683017,114.23373813337749,-317.3694674128707,73.44270990595165,433.48239799116647,-260.7510157015947,483.90623568660516,159.04193769823186,279.5708942625805,-70.3155548821726,-499.99999998299705,443.32920271587125,-114.28280159163592,39.62372636841819,162.98422046031942,221.9067591478997,49.96735799900833,24.704309004198922,-66.03277104264522,4.857633742180851,-129.8578052908696,121.669945949461,2.4317128310259073,82.64574636639153,499.9692709827408,-214.4044025609246,172.74617062180187,385.8231327946363,321.8917916357253,-140.26512118713347,28.4467828538188,84.4136023268604,447.31004609250783,395.23770032308386,402.57997647069254,495.0348121651573,46.15833942592987,45.91629870884628,-51.585502790999875,-44.432456534800345,-21.17800289903622,135.65429704310125,10.439815664510164,71.33822026800155,-81.59596492297129,56.08529078486699,6.518324667789965,197.16869338371887,323.4445159826667,111.15425538272328,-72.11062126438209,499.9912467971699,499.999999999992,-26.14000111198748,-39.93691361355412,185.61700360454307,-9.00050957561941,-134.88280350368694,91.52002595390431,-194.59121717366298,-59.66223820938955,95.84714255653087,325.2668735119223,78.5962253433234,105.56436625496359,20.858480009310007,-234.58841281556033,105.03913322111715,-465.08281132107254,173.01027565692794,52.20634855858615,-184.05001770720466,-498.38477361385776,-493.0027874911582,-114.29063097240635,-16.992022523760628,-247.4320412715327,-7.218295777547334,99.73059889509129,107.43715310419671,11.463134067345152,-238.05501786262516,-6.669680135221565,50.460267464135484,-285.96942235925997,-139.89136548581004,391.38766558839,70.9177082048671,120.21892418273269,-14.840044707153922,-204.50227178153895,-204.10037888383667,13.827789481015294,4.488655942441536,91.36291166304527,-68.59317615105581,290.49676630399244,-93.92413191541901,250.67625231173324,52.13897824022601,-26.98712369459769,-499.87803306463303,-2.8146605473011728e-06,-5.603895340664227,-74.32396406574061,149.51685019581694,-46.328017273629044,-81.33483753691135,30.261493655960678,-43.06890358146701,140.122989696257,95.13427070826864,-63.09751815495476,87.29562212869274,-42.30146450737697,-9.564297221056062,-142.59889557473383,-221.56453126767732,-5.262978502690135,-56.57078101693656,27.573867674844546,-258.7668713819015,59.35547065710403,-77.2862323075716,112.36459760419135,33.32116943924784,-301.598714145363,470.03587427767525,-15.276425173201867,-373.1610235602533,82.59501403909148,-2.2049058175776826,-451.4424278752107,87.20015946468486,386.64048792221797,-2.8146605473011728e-06,-460.62661490019417,-108.22264662647403,322.39395718373885,-236.59749986365486,433.14180185372976,-499.9449773524237,-499.9503206690486,2.1350300408014626,33.20260173641574,-339.2491032327626,77.38377810644305,-381.1396435432709,-499.99998211445296,9.049739394424611,-1.7811820936912268,277.2094409343522,-497.0472619046424,-156.983125523593,-263.5474837688769
305,-1.0521434887778014e-06,293.6262963536966,499.9930931934099,64.72260278960245,439.699184527103,-1.5791374607942996e-06,-34.21987962839372,126.29141460074055,4.567682284884562,-61.80166496526156,-46.322510772052,162.3999921219377,376.7306600900481,-148.76091771324943,218.83507245637495,163.0202398548864,356.8455019193915,499.9977362042754,-49.132015274517364,-495.6415564583173,184.700359888376,499.99999995479953,-42.19948665170838,181.93711360886823,-289.5962390810412,-117.96341420512945,252.5334480049098,59.154403851437415,-329.1690066370148,133.16971072777218,7.832285075516411,116.44161874149086,-107.69667963796769,-499.95343523178934,150.60417446167233,72.82187939092675,40.89073726251459,-281.1210590905074,-135.40295250752308,2.959134247855294,-108.92574936071772,89.05411795942324,-316.74000723323337,-396.94820330123036,-383.085120611605,-170.11697539556675,6.217783829607856,-3.6717310085796204,79.17039910612007,338.32944981785823,271.21466121461987,-223.91895642439832,354.89336563419664,-257.5393112282296,-87.24782375202044,19.020951895453695,214.68895925168474,142.9148931739627,-12.510071611669085,485.5743509418986,-475.7650113730148,-196.59241312036062,-144.81815354399023,119.98894575393223,-187.21467790817718,414.9106854257857,-76.31131371825609,-204.85811884683685,-464.9661182814159,-82.9374154801825,380.99344952393443,-132.4169318500654,499.995352625074,-424.04020907317556,338.2881821998502,-409.6768673471389,208.6366545057295,471.58490058954027,461.343594903144,-121.25460565092726,30.64106039308936,358.76215431783555,-30.36754955499624,143.51516917823255,-113.68281546315134,-301.4994198167203,-187.25105085523685,274.0379007851759,-231.45177765284322,-347.1566021997325,-22.865250649172673,-78.8037103924152,-166.2062867096702,-135.24871299523107,-123.62840117387155,-332.7774793698679,63.974861746588466,326.55921974854664,386.29316368648995,10.832194037528817,498.45872550753165,-382.01591388623956,482.6716300069674,11.844435759194573,415.8524134652241,-3.8520233389010854,-85.00431530937759,-472.3999907926804,-210.00034044302896,-438.4469761535345,482.7948669362686,-123.54182764832841,-9.95234602188133,-497.63620814737044,62.39428242368635,450.4653276926763,32.66458536137137,139.5329044015853,-204.52552062705973,403.9215498995223,325.68712044970397,64.22259681058206,456.7098932607624,-35.7624122584557,223.82436884834718,113.34521866730097,-317.66871781052936,74.59534685503488,433.9686619494915,-262.1861969934435,483.8313733089703,157.00916195448474,279.85751123214976,-70.32716308594314,-499.9999999829994,443.27843006352197,-114.48611368596757,39.34788291058933,163.81800149383824,222.5214268388165,49.845559445434816,24.76380661761902,-63.410388023353356,4.7175508451404315,-131.03592117898157,124.12245450725686,2.479579620225369,82.49453144699804,499.96923283978964,-216.59812268213645,173.1908488692165,383.397925214452,323.0760950102262,-140.32965024882134,27.65031224034233,82.7148197050163,446.5949097098519,395.55449065359,402.06385577528624,495.00247094399197,49.77685171526045,47.25773545729832,-53.251034385222,-47.13684847913873,-20.140608836244223,135.4504465507685,7.843816827925325,73.15391563611296,-82.8284486062734,55.47927374001755,6.817840808355858,194.8178970818956,324.8439177034872,112.95520305760502,-72.30623131029098,499.9907670851749,499.9999999999917,-25.0428210416003,-39.04236728640202,188.51444291397564,-9.050352979312882,-135.24713472233023,91.25342524788455,-194.37439409172387,-57.993905236556174,95.01832743097631,327.2397691675107,78.96206606849339,108.09925172897076,20.183454712213486,-233.5038603466512,105.12482242370004,-464.93871016884526,175.0609280300523,53.43827117290538,-183.69566922451028,-498.36113206225474,-492.9799021735614,-114.26735582694386,-17.68216964813653,-246.78640513539597,-7.0719112151344,101.50236690595985,109.5585216681428,10.913046673756616,-236.40054967417342,-6.657235085232002,50.49266051310357,-286.0056937035309,-141.38996289902457,391.0855266899816,70.8414913146013,120.9568867759569,-14.66326030682014,-204.417108226359,-202.38798694745478,13.958451454699762,4.445640079382118,92.45020550340995,-68.8629317830931,290.7426772198892,-93.37261970297637,250.6772338905422,52.86693522258306,-28.267243766321872,-499.8519419090663,-2.6331254048272967e-06,-5.621567463265541,-74.56707179371708,150.0538065230451,-46.172919235767566,-81.17399838417872,31.40953671872137,-42.82131610739414,141.01163510454703,95.65723922360178,-63.749344650088105,87.22631939001565,-41.19327454898121,-8.786371116605329,-143.30453025097438,-221.66675690872486,-5.005745806158502,-56.688715214599604,26.956584344873843,-259.4369510661865,59.44872771278329,-77.36221496489196,110.46165271510385,34.092496078762444,-301.9823128219784,470.2775493031942,-15.243272993599282,-373.0174111561991,82.41464633102495,-2.2656749267431118,-451.43183192788763,87.28565200271521,386.59149369903236,-2.6331254048272967e-06,-461.19352692033476,-108.53822393838632,322.5919209884248,-231.9620879583226,433.34944277622884,-499.9431809249127,-499.9503207774712,2.1015363228619366,32.79744613168598,-333.18533578516593,76.95403722645057,-379.5018392171832,-499.99998211447155,8.979910690179274,-1.3491248648864946,276.66237343695326,-496.9224087968508,-157.01042134430153,-264.42877506807014
306,-9.842879080679268e-07,436.52313738859,499.9920055689916,57.39522789344356,425.79653352452374,-1.4772922440897673e-06,-41.39548536546159,122.59717399360085,-14.649628227771942,-57.99866581912582,-47.78787769538496,161.26589203657576,375.6248642812234,-149.50621346419334,199.03501447725765,160.5140490575568,354.6548526296368,499.99771872206065,-53.195672368364484,-495.6938335235359,180.44676299144595,499.9999998605505,-46.011608435545575,166.70195980005352,-289.5648057552373,-119.18450527080121,251.90807639977314,57.47593787159699,-333.69535099586653,136.34395314239214,5.989267876571761,115.3437200953109,-108.18512929497147,-499.95343518725446,132.79241748253907,60.48722371594238,42.92680801118864,-281.5846764056911,-142.66675422397128,1.7914166974952406,-107.5452816969207,90.0599610806412,-316.769558214127,-397.51240033943554,-382.5386969409347,-169.13245703299518,5.006593583947293,-3.698189619096955,78.72907678601315,337.8050760199116,272.46503135249054,-223.73617091836255,354.87718256664334,-257.4047856686804,-87.15178588099089,18.9966744190501,213.76904220793708,142.06103301260208,-13.050316420087576,485.3663794780748,-475.7904557843966,-196.30426123800268,-143.9639869473034,134.51401566120904,-189.1963567080479,414.632133948423,-76.82457887489454,-204.9878546257771,-464.96300730181184,-81.1074013509701,381.0791478164629,-132.39184986901736,499.99530404832063,-424.07004016155514,339.07195593229227,-409.7327113159579,207.70819401965062,471.5363611168941,461.4501053239777,-121.84382998380322,29.97844291758796,358.7829649866816,-30.758009907127953,147.6859754171127,-113.44884415672827,-301.60619507756707,-186.75516639938598,271.44341888227285,-230.97656725792262,-347.3452536854167,-23.683005771959653,-79.00077529306019,-165.95137991897454,-135.6562097320006,-123.73403973452452,-330.8010812347891,64.77135044442855,326.76794457460375,386.508144697391,10.804015580761648,498.4598529591281,-382.28925508749876,483.54957054768363,11.889274820333696,415.79469920965363,-3.3001287565419517,-86.5779197387703,-472.2858455709111,-210.03200345635236,-438.4628278007019,483.61033766357775,-123.45680003117342,-10.175346258603726,-497.66434496784603,62.21719274139653,450.669086631389,30.732498596318493,141.21126579788805,-204.44637616038722,403.8812142911569,326.22268296291077,61.86737494734478,456.72017981187327,-39.502694379557674,223.43347147651843,113.10700961284572,-317.9378021074614,75.82344391293265,434.43953487937193,-263.3088311986708,483.756833249709,155.67436812816626,280.11434005346524,-70.34411088819249,-499.9999999830016,443.22112589083173,-114.63526838673954,39.07363523286618,164.60241343487766,223.1440762960808,49.76904577545294,24.821665167114922,-60.70120895290436,4.17525098668995,-132.34989321803403,126.62928366802021,2.5237437636943603,82.29179011026437,499.9692116030409,-218.65341062353872,173.62034078154718,381.04468828455396,324.2220396759322,-140.38935716554192,26.79534471095864,80.92553591508006,445.3804618826932,395.7295542541274,401.5497338363986,494.97134860442054,53.74837173913354,48.658690451488944,-55.141310593417955,-49.803601257732794,-19.131707457342102,135.26201806531057,5.2202012567769795,75.04105930744339,-84.10592087220331,54.913644028668756,7.109419180407237,192.55260364942453,326.200801679066,114.85105030273625,-72.52776320254691,499.99028851182976,499.9999999999914,-23.870215476117576,-38.16861398453382,191.30515913113,-9.110407772884807,-135.64578482061881,91.00325076306382,-194.15308986770415,-56.27449883205787,94.21663457622549,329.1011939679646,79.31876051153189,110.56683265764053,19.47612986811727,-232.4293245606043,105.25948972014017,-464.7927728281559,177.04516617931796,54.72325503751441,-183.3605689471033,-498.33725064346817,-492.9565975628743,-114.24764212826442,-18.31612769314246,-246.1357534125235,-6.856367445213371,103.22407828355574,111.64336675337877,10.389988497335775,-234.77483674930238,-6.646792813784561,50.56961565742012,-286.04354782687176,-142.95106839528236,390.7607826280173,70.81160259481886,121.69409436335067,-14.442634549388387,-204.34096097993154,-200.72197352689403,14.139283324222985,4.4408583997355695,93.53937497407087,-69.0683004539796,291.0019666040726,-92.84366246309729,250.70006693521836,53.57376872460993,-29.42972432478697,-499.82077611532804,-2.4633118300698698e-06,-5.641816000030041,-74.75259004243516,150.55046696903403,-45.97093207232219,-81.05186510291324,32.50495385927583,-42.507185777980425,141.87949695328655,96.20238279484055,-64.37858644113258,87.21820667353784,-40.13707068615615,-7.936657685224006,-143.95942695428442,-221.7923501873528,-4.7887644340808535,-56.80131770839383,26.359576659016287,-260.122939716067,59.52200725797374,-77.37532215683565,108.56833069574846,34.85094112934577,-302.3560507318458,470.50046720311946,-15.176635863891407,-372.88117422919436,82.19174975136276,-2.3881832063950297,-451.4243364761979,87.34508717848942,386.44764311653233,-2.4633118300698698e-06,-461.7159349087182,-108.84058454034955,322.7744623657874,-227.4014288538189,433.5464079033367,-499.9413133769711,-499.95032083951924,2.1017008258925136,32.39625341854694,-327.018929279762,76.56294058354457,-377.8855086633438,-499.99998211448946,8.915943980060122,-0.9254091978896534,275.9045750607185,-496.79463145352105,-157.04443178953355,-265.25047140869987
307,-9.208088158629835e-07,482.78726411400083,499.9904221779911,51.88884658505995,408.40214713926594,-1.3820172171108425e-06,-47.95830428733349,119.89013859954157,-38.33276102829431,-53.7194345530766,-48.49553333501552,160.46534809681697,373.7476852565053,-150.22302707267323,179.1165839227126,158.73912049472133,353.2303759346438,499.99770181244503,-57.15084948730797,-495.7295789091263,174.67409560986118,499.9999993634062,-48.85150584728882,149.9181784391315,-289.2105886143283,-119.98801434177112,251.3213513162043,55.367634508535104,-338.1318343466638,139.12140763528802,4.186366126042297,114.02450770440316,-108.58856442316286,-499.9534351439386,115.8659506930109,45.5593279955104,44.90824198328377,-282.1020919047405,-150.03765311025685,0.6717655734163258,-105.10533800743121,91.42362469755554,-316.69363181852594,-398.22444970851615,-382.00603125170835,-167.65069991006922,3.8706082561434703,-3.6346311573704986,78.3062598078686,337.1669624931803,273.833787972091,-223.04932173036605,354.49499928045384,-257.18112309909105,-87.0425838044432,19.064457606199795,212.882492913803,141.2384528867055,-13.478156872127322,485.16651264388315,-475.8157118622305,-194.96134248957387,-143.0989729875168,148.56355945733904,-191.08763729112226,414.22616964750586,-77.0233657803635,-204.108528961627,-464.9597748759142,-79.24245710191282,381.1512003668798,-132.35357919957463,499.9952497345772,-424.091180756687,339.8887275784043,-409.78266084945216,206.98383618903293,471.48759037526537,461.55421866896563,-122.3652681667678,29.63701604739594,358.80405903102366,-31.067878612992065,151.79942673980105,-113.16796244721709,-301.59920571210614,-186.24787445655718,268.9515620078257,-230.46266594276344,-347.51291025919437,-24.512333514845114,-79.19487313747798,-165.65226393822797,-135.9923366118754,-123.59560783520237,-328.8048480155911,65.59328200767543,326.964439475357,386.7233967324577,10.81922437919783,498.45971748620076,-382.382655386452,484.47770754501806,11.99451366892857,415.760939945002,-2.7140710742413057,-87.92960304272296,-472.16951957661905,-210.03363939805814,-438.4765634311567,484.34583314936685,-123.29185492577342,-10.285853921832558,-497.6913848182606,62.12933045082064,450.85814817850985,29.018501952193645,143.0670741209653,-204.25258663324732,403.8435817237497,326.7997665212539,59.57534135910612,456.7202371191879,-42.107651887533265,223.0331711727907,114.11171727563597,-318.172945832779,77.29926110713926,434.90806542771344,-263.6802997026451,483.6867505955494,155.63211772474514,280.3808984612078,-70.34797641165837,-499.9999999830037,443.1574197326743,-114.62853204734962,38.826276438876626,165.40868854050998,223.90339314019536,49.88577506908581,24.878087916226256,-57.876701186025805,3.6714639735327497,-133.53474693381492,129.2305013870952,2.5649331889676064,82.15867331278733,499.9692077815845,-220.44537683982722,174.11674963638706,378.88276480306877,325.3517742754481,-140.37014737339638,26.00236525338769,79.30895554382893,443.99432766822974,395.891916198874,401.0416992269672,494.9414995280015,58.14984909919081,50.14311961929153,-56.825972075988034,-52.42645913215658,-18.110844218284186,135.11449933535104,2.6141722810885755,77.02340581853868,-85.4122393088247,54.41071163989841,7.4344042224500075,190.36678822670441,327.5291419731068,116.86895866216358,-72.76648768672395,499.9898332838098,499.99999999999113,-22.605740435501257,-37.26906653835842,194.00636609063258,-9.170442126028492,-136.07938642984888,90.78943627638866,-193.9225103798956,-54.51644576885448,93.44619133842798,330.8632793216432,79.6743441532319,112.9903696029169,18.726405045743988,-231.36370437606675,105.45668592835203,-464.6389262095323,178.98138552906397,56.05506884291525,-183.04876852495684,-498.31323584241966,-492.93262096329187,-114.2274058090201,-18.888900752342895,-245.48240384816373,-6.562306326675767,104.92634279128343,113.70799968761969,9.910881103467817,-233.17827574256722,-6.637986320148073,50.69254011809987,-286.0819793930953,-144.578800692004,390.4137842675143,70.8572803303978,122.45246068832301,-14.170371531716288,-204.27502720890965,-199.10388729643833,14.372586715188612,4.491316254494466,94.64646718374793,-69.21135671761398,291.2726614811234,-92.3292843157641,250.7455855443821,54.27361578966596,-30.484662455040148,-499.7837704769517,-2.304448571521789e-06,-5.654799990950181,-74.87876420999027,151.03668230532804,-45.72974318427457,-80.97258726665777,33.564994411861036,-42.14472157709656,142.75057272211626,96.79115808449616,-64.9818801580163,87.27935614465693,-39.12417210183599,-7.017815622489422,-144.57693391326168,-221.938388361985,-4.5502858524728955,-56.792762835563494,25.794532253511615,-260.8308432642185,59.66682622285782,-77.33081701128862,106.68777014884962,35.60198097426792,-302.7116043902807,470.7055031529869,-15.069180229766847,-372.75316053592485,81.97729912319782,-2.5304574543683533,-451.4164797377314,87.42994198904994,386.24558631643436,-2.304448571521789e-06,-462.201364701738,-109.14881898848893,322.94227443080837,-222.8457762502827,433.73327230854517,-499.93940542421285,-499.950320845794,2.1253903819951745,32.07072532520939,-320.80698936455235,76.21494292550902,-376.29554199741546,-499.99998211450657,8.869372804335098,-0.5090621654692807,274.91163454669606,-496.6653418525983,-157.07008818280738,-266.0172155170228
308,-8.614224498160183e-07,495.52568510753144,499.98839083517055,48.97596604217457,388.5166988064327,-1.2928867363370955e-06,-53.47133255037238,118.59375066622142,-61.83470993322118,-48.89935875724639,-48.456086354039186,160.07857064655954,371.6651077567702,-150.82457902488773,159.96038212867586,158.00123193638828,352.7648715514729,499.99768685545047,-60.29066925966333,-495.741678888637,168.85086243192174,499.9999963510571,-50.65330945421419,133.49770129874312,-288.4477235037713,-120.3258457118119,250.8280697736832,53.34250460647356,-342.2528451864531,141.8259004088542,2.7603354809284,112.81374501822795,-108.81743006659411,-499.9534351018113,100.02285145914247,30.570335439079642,46.82549111571026,-282.55597349801184,-156.85278383642458,-0.1463352522851514,-102.4041597015463,93.01052175232147,-316.55323701996184,-398.9448875691525,-381.4868003634901,-166.03539725660337,3.042880742116371,-3.522170086591765,77.90150709609729,336.55098545758966,275.26479314109747,-222.2278519845255,353.9968099382601,-256.8856084938786,-86.90175927403615,19.179727634449545,212.02608432931137,140.58403213213649,-13.79260124104456,485.00247821014824,-475.83714219428157,-193.395238942785,-142.213649304253,162.17333482240545,-192.75479409346298,413.8230978605001,-77.07235726964838,-202.9329769924847,-464.95643660378323,-77.3401107317965,381.22270637368325,-132.28612918933956,499.995196627611,-424.10124103551,340.8674858215278,-409.8262437766935,206.690158795153,471.4511345756911,461.66109178208785,-122.79898515656319,29.753742654672862,358.8253943678322,-31.28104535586303,155.87894854549538,-112.82570070001728,-301.5238109801755,-185.73241053983568,267.0167825109251,-229.91097594075129,-347.6594023012055,-25.362341716977582,-79.3866678319501,-165.2958782246624,-136.24425576254404,-123.18180548098663,-326.72084733192884,66.42787886628666,327.2848933960534,386.93744462006134,10.867692069267239,498.45919525851383,-382.2451748656449,485.46574762620406,12.145302170434544,415.7511684469665,-2.1106010892973637,-89.02532010696791,-472.0528771660429,-210.0077431062777,-438.48805172015506,485.0323387249553,-123.01365203563057,-10.318800557858465,-497.71738591302113,62.10577991135135,451.0501587074242,27.55518366706842,145.08501644184884,-203.94155849024347,403.82519654376324,327.4155059887323,57.34413405022914,456.7183572568806,-43.33077393201551,222.62204463044654,116.39120659284697,-318.37807682240816,79.05168421554215,435.3854871866826,-263.1373595881368,483.6253270594777,156.87856535931058,280.69107285374616,-70.33898735412714,-499.99999998300575,443.09739328899525,-114.49098728296406,38.60562161815853,166.24799625948475,224.83209219566567,50.22251119038329,24.933583720105606,-54.99045092581559,3.308612627420948,-134.50463052534727,131.88052477333392,2.60569992994272,82.12861566427445,499.96921904641283,-221.95822647702528,174.69705337261766,376.95029557152964,326.4693701986631,-140.2213097515304,25.381528941136562,77.95739056912122,442.641785295555,396.1990546026298,400.5418368061502,494.91295312203965,62.94693483202624,51.663158952367404,-58.21566344776931,-55.02078495969476,-17.08024533077791,134.97212000314514,0.01881610403800892,79.0478429616356,-86.7621514505979,53.94073314339838,7.799154516946228,188.21259751390352,328.8285319464383,118.96604743409127,-73.02512701629841,499.98941679615166,499.9999999999908,-21.300692757356067,-36.328464544173194,196.6180800836297,-9.226445885472437,-136.55431050374605,90.57128346104935,-193.68097523350616,-52.782278536387196,92.65370712280733,332.52379759138114,80.03290238807693,115.36576316975032,17.88905267035508,-230.30799237798328,105.67163390642314,-464.47569503322234,180.86020000361674,57.37900695386111,-182.76430188329485,-498.28928004131274,-492.9075105499528,-114.20380664983989,-19.441257030693706,-244.82887961334433,-6.238425207760734,106.60302231279219,115.734245684833,9.441245364634318,-231.61536129553943,-6.628506717580073,50.80840849688446,-286.11907150041594,-146.28964223339372,390.04294688121587,70.95056539291096,123.21290495181324,-13.890329665168478,-204.22045959755667,-197.54011542921242,14.615546362328395,4.5675467365245455,95.74971235513773,-69.34333115083325,291.5404703675331,-91.82989034315675,250.79952144896995,54.98753572347311,-31.490143416919345,-499.74012222043257,-2.155822585336864e-06,-5.6641207207669675,-74.98714875570413,151.50190770074067,-45.50363948984744,-80.94040047569321,34.590118471209195,-41.79527190789979,143.61731960404603,97.40862235386197,-65.60285649179588,87.36451990978874,-38.15254569865435,-6.088683397117064,-145.2012155724907,-222.10532776617552,-4.2760406525909715,-56.63157992308582,25.228385088233313,-261.56585225262495,59.91414615931817,-77.27608952765065,104.78832197941747,36.32519373312043,-303.0467063884198,470.8911563548046,-14.96174324219461,-372.640486947039,81.77718844738222,-2.605899943801738,-451.4030549587033,87.57987131887678,386.0565396231264,-2.155822585336864e-06,-462.66291246255224,-109.50392600003727,323.0948011813827,-218.2362746608758,433.9102106378886,-499.9375000566018,-499.9503207874329,2.1240923703190493,31.866586313095613,-314.6246009398563,75.88604780638634,-374.74382767607733,-499.99998211452305,8.8186437325384,-0.13113079342145478,273.6540695602318,-496.53695361660846,-157.0735391354635,-266.7571636199312
309,-8.058705134317279e-07,498.85391541270957,499.985931843568,48.705930319624194,366.6885119691506,-1.2095042620785534e-06,-57.94436191118356,118.5352469370842,-83.66557048826267,-43.68242010882664,-47.847912229509,160.04347632648762,369.68532083997513,-151.30742599577798,141.72455663908775,158.16265281762892,353.1010478727653,499.99768194854494,-62.55183176871479,-495.72911370089497,163.76420929495842,499.9999768304912,-51.58733314141598,117.91636435637797,-287.33761056887727,-120.29037516235702,250.43343162002242,51.681465459159114,-346.0524280138908,144.55689496223405,1.73732103816005,111.7959518022796,-108.86360180778154,-499.9534350608426,85.0678498743922,16.45970039475407,48.67462509006776,-282.92272580854507,-163.0576951548383,-0.6583142913197596,-99.63850630213456,94.69631841650275,-316.3720291385566,-399.60573855065246,-380.98252110788076,-164.3784328232725,2.518481539208327,-3.402264848605506,77.5139806698781,336.0219407294569,276.6965445665145,-221.38312706659207,353.5639519568551,-256.5386250257365,-86.7289906025869,19.29742913754393,211.19615749696268,140.1339399524904,-14.022334962487085,484.88180528802263,-475.8528871034162,-191.83107372342354,-141.31497257582197,175.32945453069553,-194.19776930139122,413.49566547228284,-77.03118549991203,-201.63254153113732,-464.9530126384558,-75.41915071704005,381.3082200461532,-132.18826892517728,499.9951504919805,-424.1005167015219,342.05199233206423,-409.86412446075894,206.83853455909565,471.4333917206062,461.77468329985373,-123.15758952084603,30.29667046405587,358.8469041630005,-31.4163482937947,159.9094595903418,-112.43720729162638,-301.4042684482421,-185.1972500767502,265.7094522750213,-229.22144482924904,-347.78965461917414,-26.24223852013793,-79.57893439064094,-164.8965439762858,-136.43044193155967,-122.53862401374649,-324.53720696645104,67.25237685344005,327.77070982470974,387.14880097760783,10.929902027720654,498.4591107185008,-381.89995978720896,486.48023271595326,12.316043032308999,415.75931832717015,-1.5138002500545022,-89.89462273172802,-471.93791514502954,-209.95769436655542,-438.497679770036,485.6811844112731,-122.63552460446265,-10.304981468810062,-497.74240086881684,62.118626756545076,451.2596918725332,26.311598874154498,147.19124066158676,-203.53969273774126,403.8404729327169,328.0413070644587,55.17163209741726,456.72488800958195,-43.33232371411422,222.18317600773494,119.67925603273572,-318.5655572828613,81.02056442908598,435.87293897581094,-261.75998323482867,483.5739601248835,159.11593267031452,281.05264726844933,-70.32259252313818,-499.99999998300774,443.05259858873217,-114.26987574984375,38.40420058874453,167.10232846295517,225.89653808032654,50.736260397467326,24.98335934218142,-52.09824365465155,3.08621832092519,-135.2758216795356,134.52340176072525,2.642904597584722,82.18245518801724,499.96923725782716,-223.23188163499177,175.33968734546602,375.2246980118346,327.56864104853355,-139.9451490863717,24.958298252401175,76.84940067189466,441.40355763388084,396.7011298110745,400.0469737155656,494.8853743785921,68.08103432752522,53.168110096209425,-59.34576393795195,-57.60891377372131,-16.057686790252237,134.7913411087828,-2.592569229056453,81.0602439119123,-88.17929654718775,53.466611945366026,8.182883183955125,186.03940448838438,330.0944005245866,121.09245811369465,-73.31205016967671,499.98904381810956,499.9999999999905,-20.00631022706939,-35.36196004654375,199.13895343818382,-9.282568400204662,-137.0753842213449,90.30041779612374,-193.42711302550276,-51.123003317172994,91.78580288474532,334.0757959169281,80.39153588960907,117.68519206103183,16.91512793489157,-229.26339051114076,105.85839199701418,-464.3051426750966,182.668496015924,58.65080872863452,-182.5080097126352,-498.2655988810634,-492.88114745425725,-114.17823638064662,-20.01371797753187,-244.17522245153293,-5.931031907741754,108.23952310891254,117.70184949502332,8.940993138942646,-230.0899865531997,-6.618585586057997,50.869355208459126,-286.1546866646246,-148.10393316634452,389.64454691676605,71.05139465910733,123.95162157233162,-13.642585749927061,-204.17706482515226,-196.03467543854416,14.83138057973417,4.638555528432115,96.8257389233077,-69.5082150485708,291.79544038326827,-91.34963914574581,250.84952945540678,55.72211382520962,-32.49120653243105,-499.6889263411658,-2.016793587245047e-06,-5.684957780153282,-75.11370038111676,151.9252484308796,-45.33860547170616,-80.95622103011497,35.57319400907633,-41.508524802425526,144.46580349576243,98.03398711693471,-66.28207270403773,87.42954211815088,-37.224317300755146,-5.1976606960103515,-145.86435235441564,-222.29455831030083,-3.9806763251760655,-56.34273957857084,24.631407804621052,-262.3281935460437,60.246978096811034,-77.24672847436884,102.85642497184504,36.99689290613904,-303.36335821522295,471.05594373350567,-14.897899138842154,-372.5457851233553,81.57358112278298,-2.5808452436786258,-451.3821533440762,87.79752388697334,385.91714709396115,-2.016793587245047e-06,-463.1070440504008,-109.92829390374096,323.230754351187,-213.5591713800009,434.0770373564559,-499.93562372550423,-499.95032065839376,2.062623041387478,31.77913354968768,-308.5195978603526,75.54455489052856,-373.23822539008466,-499.9999821145389,8.73085774408564,0.18530816356476476,272.1127152032261,-496.4115224955968,-157.05455911862427,-267.4985976939633
310,-7.538947102148086e-07,499.70817637719904,499.9830520242877,50.670543145879094,343.3240727447535,-1.131498720496893e-06,-61.50208248600775,119.40196853908301,-103.50145947626625,-38.2549731312793,-46.864711935590485,160.25116391127625,367.93247368776684,-151.6985776377162,124.42387080080134,158.9829930787394,353.9868037781862,499.99772135458727,-63.97936418514066,-495.69475809819977,160.24496039576047,499.9998509841462,-51.87863493199614,103.36091868453374,-285.9789472350143,-119.99267223271056,250.11897586295188,51.05091533353596,-349.5557470018803,147.32852672083456,1.0507994961983131,110.9762049677291,-108.70421901541977,-499.9534350210033,71.26169293734806,3.596267189924076,50.47106495188436,-283.20334213412315,-168.65385451540644,-0.928336540432624,-96.86410780035544,96.42506297576017,-316.1633787560442,-400.1898524643589,-380.49255982600914,-162.68080967704117,2.232560430237835,-3.295799834852385,77.14291119188357,335.5896996106514,278.1048466823061,-220.53585984558853,353.2679845135955,-256.1553895407444,-86.53262754239708,19.393534201400133,210.3898831238175,139.8473717063412,-14.186194055156628,484.80097308036727,-475.86306805028437,-190.29083617060286,-140.4143596373319,188.00003067298812,-195.45133568458283,413.26479359681247,-76.92605901646571,-200.25903062508036,-464.9495200930117,-73.50812510192998,381.41685043846996,-132.06623506126203,499.9951142255889,-424.0924926238847,343.4166342577025,-409.8982653470955,207.33908634241027,471.4352313107268,461.8962755035939,-123.46009445132854,31.153518681761668,358.86852329666385,-31.51460730136918,163.86822983826738,-112.0182708996808,-301.2548297535927,-184.55911658239202,264.92231245322216,-227.9987509336083,-347.9119242539954,-27.157014789618703,-79.7737809254797,-164.4690770987714,-136.5722133958041,-121.73139476303665,-322.27621052778045,68.05600440972424,328.4106172189283,387.35620967829874,10.992779890983805,498.45988922366695,-381.4008237495569,487.4783075060048,12.490522308101339,415.7749748848673,-0.9354624301163206,-90.58277601628917,-471.82609840280537,-209.86302667629275,-438.50626026812296,486.29639979592673,-122.18482989947795,-10.262065225867913,-497.7664704441561,62.15180111743178,451.49179386357264,25.23747417062147,149.33981180365956,-203.07580376314118,403.89562184508577,328.66174982348514,53.05612017397988,456.74647662119094,-42.43936200016326,221.7063718961266,123.63932757458139,-318.74967327912344,83.12583761967099,436.36506262307495,-259.7338948876523,483.53206121377474,161.99175984678686,281.4573120768029,-70.30203862462271,-499.9999999830097,443.029956990633,-113.99872370102754,38.21757377086717,167.95700677722206,227.04870359967617,51.37230135134355,25.021202313822208,-49.235429230253295,2.9779391458430284,-135.8934055328005,137.12259701443705,2.67098290754866,82.29140299407025,499.96925075026036,-224.32064601966036,176.02142452016238,373.6606545817801,328.6489880995206,-139.573424116772,24.705088232440872,75.93488615053474,440.292372273513,397.3708446795035,399.5506736451403,494.858113277609,73.49902132974158,54.6271616409522,-60.27825123169594,-60.21061680986524,-15.050721074630829,134.54637135946365,-5.244988331422938,83.02928137920229,-89.68299316530845,52.96494560717656,8.568177064316044,183.822476712738,331.33039275566614,123.21825090330178,-73.63503951505201,499.988711186265,499.99999999999017,-18.75127701163107,-34.38587136234942,201.58259112147243,-9.34461270084341,-137.64324458156582,89.95100617849445,-193.15700596470538,-49.562110537967435,90.81699369344096,335.5224746904459,80.74610415884078,119.95595894271563,15.777686428763305,-228.22990447896987,105.99477209575892,-464.12975770810004,184.40830480362936,59.854937316831474,-182.27779305951805,-498.24229940264644,-492.85371438233176,-114.15308633737416,-20.61983604175339,-243.51892743460454,-5.6610352486149,109.83482539723906,119.60821785901173,8.390829403396673,-228.6032243198768,-6.611101395720888,50.85543178575864,-286.190042380265,-150.03522071233942,389.21498933147774,71.1363024779976,124.66013704637325,-13.443938045797752,-204.14329318332273,-194.58643612287207,15.006800445558454,4.691818296056603,97.86905455230382,-69.72348347296365,292.04530056657046,-90.89014065376897,250.90068136521597,56.47252147334305,-33.504060781386215,-499.629063385794,-1.8867285689339042e-06,-5.722425304132158,-75.27308681895336,152.29944573337866,-45.251656603602484,-81.01749103660435,36.51007486946817,-41.30232096742455,145.29678611936654,98.661365749182,-67.03261065254812,87.45423442968284,-36.340566801180174,-4.3651966590248,-146.57176742709456,-222.5056466825144,-3.681373443222692,-55.96405666317568,23.998283108353906,-263.11345317023563,60.6371885761418,-77.25094695737953,100.90651985387807,37.61364967168733,-303.66367531796215,471.2013189075312,-14.897134014524765,-372.4652842993027,81.35013647629115,-2.4680939719977615,-451.3547172861299,88.06721555790735,385.83271255278606,-1.8867285689339042e-06,-463.5309390702463,-110.41855784499164,323.3489472776536,-208.83403957491333,434.23346801022706,-499.93377289928566,-499.95032045601346,1.9349009979846077,31.784198391927898,-302.4988754952225,75.17400747238212,-371.77385202939115,-499.9999821145541,8.594419222441864,0.4572138950979895,270.28435415919796,-496.28993914453304,-157.0193358294122,-268.244814324526
311,-7.052731234580278e-07,499.9258813910429,499.97974982133667,54.28115026128244,318.8225921607674,-1.0585245036054403e-06,-64.29539501333426,120.89609473703104,-121.39621002326007,-32.77398903457989,-45.67298046349468,160.6022348516867,366.455494493545,-152.02685126638877,108.05936777703805,160.25561065658107,355.1885021383048,499.99788050168326,-64.51407823283044,-495.64323783748097,159.57591065161014,499.99908595602574,-51.73776095524738,90.03088260766945,-284.4528028514236,-119.52430317091365,249.86438652747944,52.46819291802719,-352.78603873060825,150.12972771553825,0.6146131216204194,110.33546139669704,-108.26870054665677,-499.95343498226475,59.12450786903224,-7.714293962803993,52.24086480049616,-283.3945970167525,-173.61203814263806,-1.030349069138921,-94.12298262953951,98.15909057651275,-315.9374880036623,-400.70343434758473,-380.01278535981754,-160.916264038739,2.1170953871866205,-3.208535152442216,76.7875549663687,335.2387194782512,279.4842119696103,-219.6974878639729,353.1182765267131,-255.74724132722926,-86.32171229674239,19.46030460825452,209.60553332136718,139.65988008415695,-14.292775839500726,484.7518184879618,-475.86880980934285,-188.77547145620423,-139.52075303270746,200.15497250100762,-196.55256851111497,413.1225439471914,-76.77237608219066,-198.85249366179323,-464.94597257848955,-71.63218755655676,381.55072159510155,-131.92783143272757,499.9950882012764,-424.08202395332546,344.90684736384475,-409.9311442640711,208.07942411085398,471.4545998769284,462.0248379506918,-123.72259609691551,32.20169602544631,358.8901961249307,-31.61785594456605,167.73602145871342,-111.5821144689535,-301.0876310852902,-183.6409883735198,264.5023182174531,-225.67285081651565,-348.03438022919954,-28.10592117453141,-79.97004040319845,-164.0255564042996,-136.68631860142884,-120.82176563977504,-319.9677413073924,68.83897612754714,329.1745149678847,387.5588854557416,11.0507114974416,498.4616012647566,-380.8045989136398,488.42612134106054,12.661916958128408,415.78736792132514,-0.37636283041694535,-91.13001266874244,-471.71839712677547,-209.68148019951767,-438.51469075640057,486.8797604512239,-121.68868092492428,-10.199812242944871,-497.7896190926288,62.197641779977765,451.74408749433525,24.283442798654093,151.49622845578466,-202.57238971919932,403.98852712834423,329.27138374370475,50.996691841857185,456.7848324876068,-40.98402517357414,221.19145009343114,127.97408332689844,-318.9415093435409,85.29686908638213,436.85474100518917,-257.2579364119513,483.4981963927665,165.20567893137388,281.8910555650186,-70.27905492519653,-499.9999999830115,443.0312333552675,-113.69684259924279,38.04296389066414,168.8066361766184,228.24561085155423,52.083132622160356,25.044089119120567,-46.42049596177825,2.957495770843144,-136.4012868121693,139.65951730002843,2.686719361077338,82.43166491281512,499.9692482060162,-225.27615588894838,176.72671206866156,372.212521452485,329.7161037484144,-139.14312998870543,24.576467454910592,75.16999872632452,439.29186682844886,398.15493029787956,399.0456913218707,494.83044860792677,79.15020656333668,56.02594691080563,-61.07002387563539,-62.842037835425785,-14.056132875582177,134.22685799005262,-7.9574304725425415,84.9417598484024,-91.28718670162137,52.42455984931678,8.94902209407467,181.55873892890105,332.5465104050488,125.32929295617373,-73.99984138530444,499.98841168658475,499.9999999999899,-17.546607869749405,-33.412299588304464,203.9726961137602,-9.415629553177919,-138.25582651889783,89.51628855322463,-192.8638789003181,-48.10339969384399,89.74382876219933,336.8766361970892,81.09535745715472,122.19585094959211,14.473237268502343,-227.20668984667364,106.07691707404888,-463.95121902558884,186.09333417469497,60.99506919919017,-182.0702642614007,-498.2193550788167,-492.8254804943254,-114.12858558918471,-21.2503285022121,-242.85625506496163,-5.430867748951643,111.39906406970985,121.46376075095098,7.789092503901274,-227.1542251484259,-6.608352950132911,50.76679960296657,-286.2257100950009,-152.0866449286231,388.7527880949275,71.19845777643229,125.34210665724599,-13.294670861066978,-204.1170569231952,-193.19118012430906,15.144405169860686,4.728639778644397,98.88725165866792,-69.98837025106187,292.3076552635661,-90.45026278681827,250.96843710413336,57.23049018602247,-34.526828937865176,-499.55908151997613,-1.7650454537943006e-06,-5.767320297369558,-75.46521075509668,152.62943230603784,-45.239562329380206,-81.11998352528785,37.4006328498554,-41.172772035274356,146.1224784904321,99.29699684089834,-67.84784128148728,87.43651773342155,-35.50049459766797,-3.59291053019335,-147.31210521543923,-222.73652225330875,-3.3900435700107874,-55.52944154330115,23.338363769866152,-263.9151499790162,61.060137724756,-77.28038469577677,98.96053006555434,38.19005718365381,-303.9488515375985,471.3316307991243,-14.959086174818387,-372.3934980045663,81.09793400577453,-2.2974980605509914,-451.322654674881,88.3704557045811,385.79358720591307,-1.7650454537943006e-06,-463.92806640426085,-110.9588258045056,323.44897253648617,-204.0938538938099,434.37940046789896,-499.9319223240234,-499.9503201805608,1.7530384841642561,31.85743425964036,-296.5412494149258,74.77515160318771,-370.3348985178485,-499.99998211456875,8.422405599264765,0.7300536376902492,268.1783566176811,-496.1720743284462,-156.97361142598922,-268.97663439053395
312,-6.597911124117672e-07,499.9811859801654,499.9760168565393,58.946744994541,293.59004348053145,-9.90257831290364e-07,-66.44156574693226,122.7955419139496,-137.50068787697236,-27.352530387114626,-44.39844292057537,161.02127410446894,365.2776959130076,-152.31515196019672,92.620413010285,161.83151782418605,356.52753102158107,499.9982032703203,-64.13772837090161,-495.57957842185823,162.11771853953525,499.9948510996213,-51.33208388326407,77.98608032897906,-282.8238904375249,-118.95792828248959,249.65343537817873,55.84098580187641,-355.76365151933373,152.94363107898158,0.35089147044259605,109.85013220743521,-107.57250512399888,-499.9534349445989,48.72889216106051,-17.30510268980319,54.00850328341614,-283.49819714218165,-177.9412565358946,-1.0277736164824627,-91.45696689465828,99.86965098197341,-315.7034266884208,-401.1605021545974,-379.5372977690275,-159.10065202241205,2.115897966367628,-3.1409515717175784,76.44721171233655,334.9468064206749,280.8321650840991,-218.87667361088717,353.1049583274731,-255.3252535498989,-86.10315072718926,19.496807490330664,208.84222384651582,139.51460307658655,-14.35060581228116,484.72536636734435,-475.8714694580942,-187.28508962290346,-138.63883282607316,211.77368050560497,-197.53323161860348,413.04968078651723,-76.58429486785721,-197.44265179552062,-464.9423810990817,-69.80787775634066,381.7068408587985,-131.78011335512983,499.9950712280826,-424.07352243911424,346.4667412853134,-409.96492549328264,208.9595842447236,471.4882979692941,462.15809849674105,-123.95777869903067,33.34005534644514,358.911876665702,-31.757929268621755,171.49871465977856,-111.13866192640438,-300.91396707703564,-182.3748409245085,264.3066643273298,-222.37531624077582,-348.16300763632074,-29.08376735969364,-80.16393757496668,-163.57523959540487,-136.7847880892765,-119.86144428939029,-317.6377595554809,69.60538474576421,330.0291219682536,387.7565948731738,11.101843678512878,498.46411612773124,-380.1597600703997,489.3035061537014,12.827345139541503,415.788174114966,0.16678587838447717,-91.57462031021821,-471.61542504810853,-209.42552337431468,-438.5236925283034,487.4324275824727,-121.16959796619713,-10.125104709209904,-497.8118575919915,62.25123589243121,452.0107704535327,23.40754839073725,153.6341537701362,-202.0455894573448,404.1118679417367,329.868875208907,48.99349261749364,456.83814785747575,-39.23798327361402,220.64337659970695,132.4578547024995,-319.14753966614035,87.47898999347298,437.33577014988055,-254.50279888858017,483.4707447959662,168.5366049390309,282.33994269589977,-70.25449052261587,-499.9999999830132,443.054808551469,-113.38039912444351,37.87866848106977,169.65086667539083,229.45379897096146,52.831340729891494,25.052851461372832,-43.663716306431155,3.0033365344848697,-136.83532912935252,142.12482833700685,2.6903248160687,82.58582492437853,499.96922115971125,-226.14296144036737,177.44568703349304,370.8414786689915,330.7772378628629,-138.68518177683416,24.527936059145688,74.51716355838376,438.3768293739492,399.0040448756758,398.525284407807,494.8017785863648,84.97821413068633,57.357451926144975,-61.76560077384727,-65.51809634761429,-13.067522824061012,133.8289932827329,-10.748201252852478,86.79277823980989,-93.00417195856012,51.83924592422609,9.326118689133601,179.25290278646293,333.7533995187002,127.41687710834255,-74.41084780499676,499.9881369493325,499.9999999999896,-16.395377730831374,-32.44947819535821,206.33285020833227,-9.495986843136818,-138.9102394255119,88.99718674306159,-192.53862938504753,-46.741616261726094,88.57169272750963,338.1540033401467,81.44088527952127,124.42345297584386,13.012187020599956,-226.1926852047715,106.10822479614681,-463.7706383687047,187.7397193264827,62.08161393791706,-181.88195105796072,-498.19667197737687,-492.79668265989034,-114.10263711315228,-21.884719278259553,-242.18327193014417,-5.235949169477986,112.94488289323739,123.28212501075666,7.141446499299366,-225.74150524518302,-6.610112882856713,50.6114684164381,-286.260733666549,-154.2528363583606,388.25886067452126,71.2390184083784,126.0049059494939,-13.189058034665058,-204.09639933398788,-191.84403661161195,15.25167939361448,4.754763626868015,99.89143068668649,-70.29538764311793,292.5954643424248,-90.02827220027872,251.06393724042857,57.988127080438964,-35.55180973408513,-499.4770924245238,-1.651213096920401e-06,-5.807256695390594,-75.68473998004049,152.9240249703496,-45.29151261346477,-81.25927070196667,38.24637659089102,-41.10769063228985,146.95692360389563,99.95070637473162,-68.71531077044723,87.38151430729646,-34.70234379405728,-2.8753513122138847,-148.06995120576482,-222.9844155880231,-3.1141224894325465,-55.06583618606589,22.660953204612248,-264.726621407632,61.4971031395118,-77.32267167872915,97.02984550451586,38.74615981749299,-304.21938377679936,471.4521626492392,-15.07509694080042,-372.3275996745728,80.81264911942775,-2.097481229332095,-451.2878295918452,88.69149411052518,385.78634819753694,-1.651213096920401e-06,-464.29380132517963,-111.53295939936334,323.5313951959954,-199.37253281642418,434.51505796093335,-499.93004029500514,-499.95031983446444,1.533187137765768,31.979409425108678,-290.61910532881825,74.35698951091642,-368.9016086213231,-499.9999821145828,8.237016432257672,1.0494668126860724,265.81104465265895,-496.0573278852379,-156.92101439505078,-269.6698337367868
313,-6.172413122840226e-07,499.9952200180792,499.97184006824835,64.16612571720738,267.94904906175265,-9.263931133318694e-07,-68.09216749919152,124.92679416496844,-152.0042958177384,-22.06417528340937,-43.12940355275905,161.45341639845947,364.3743207551358,-152.5807412400447,78.04947206486825,163.56867042004043,357.88418792107575,499.99862560436975,-63.12068512926918,-495.5084659303104,166.71269175679842,499.97392706713737,-50.783073195134754,67.00430779627746,-281.1637083228612,-118.35823766025028,249.47138301690865,60.12733268035484,-358.5190703701703,155.75257444218025,0.19807334287776154,109.4978179964078,-106.74880997087926,-499.9534349079783,39.520135992367756,-25.428535931728952,55.79124121410813,-283.54051487931645,-181.77561231199292,-0.9694221697313222,-88.91939042539363,101.53146346618301,-315.47146776603006,-401.57537757681615,-379.0604781850596,-157.29241902265048,2.180211390266951,-3.09269853677946,76.12121528403968,334.69382531910884,282.137347020251,-218.08203157231216,353.2075647570394,-254.9024192599756,-85.88204442611537,19.504291679727956,208.09960443636433,139.37104035168926,-14.378339531067343,484.7136786159198,-475.87226265713565,-185.8274817926903,-137.7700428698816,222.84546638163326,-198.4228315033815,413.0255396176055,-76.38568753515146,-196.05238430248232,-464.9387547462468,-68.04334179571485,381.87957029508055,-131.6288118082475,499.9950614052497,-424.070135190361,348.0500865800321,-410.0010819832768,209.90367851310637,471.53260242119666,462.293449805641,-124.17763812448065,34.495988611348565,358.93352726775316,-31.953941909523788,175.1457530419418,-110.69711629408914,-300.746273939649,-180.91528773966849,264.22363425900596,-218.69809207161381,-348.30117404003556,-30.08291207897928,-80.3509793423869,-163.12706473509786,-136.87744539744043,-118.89371674353998,-315.3118161796335,70.35904509944874,330.9432081039505,387.94958902939334,11.145349964073139,498.4672233737714,-379.50359549186044,490.10216935895284,12.984476133610059,415.7724208523205,0.6972865454236624,-91.95674563694965,-471.51752941622186,-209.16224119167202,-438.5337222113552,487.9555036702116,-120.6455516147527,-10.047749522672213,-497.83318972661897,62.30488365081011,452.2853249497379,22.57689822884183,155.73210286251924,-201.50653273674504,404.256260410473,330.4506135867865,47.047584919605946,456.90283365535356,-37.39954328777311,220.06801471811437,136.93609852556853,-319.3702785944858,89.63164024660986,437.8037733730156,-251.59962996550362,483.447951255647,171.83843552888973,282.79263717623706,-70.2294540521579,-499.99999998301485,443.09712927148763,-113.07012951825521,37.72263855431908,170.49018300024852,230.6480452655114,53.588154750879056,25.050676087416683,-40.97066020465648,3.0979714401619676,-137.22280249050021,144.51403561641052,2.6842684989772403,82.74032398020937,499.96916471048155,-226.95739164674436,178.17088132194263,369.516952713874,331.83810671170386,-138.22154071442998,24.52344543412345,73.93626355868543,437.52333143454206,399.8780938446968,397.9834755954748,494.77168874978577,90.92126163137668,58.617877186746085,-62.401549416231475,-68.25367394847103,-12.080749684806463,133.35068993806706,-13.637449901746946,88.58131766707136,-94.84660745880558,51.20379056320848,9.70180081938471,176.90947617476743,334.9592927255142,129.473019651235,-74.8717386959533,499.9878791833272,499.9999999999893,-15.29726454787722,-31.504305746265413,208.68114215090284,-9.58550914130221,-139.60352728006214,88.39602424298575,-192.17024095375984,-45.46740947928292,87.30773235699148,339.36885576202747,81.7850017065928,126.65316501458723,11.411182267934615,-225.18695386107828,106.09366154813573,-463.5889448286913,189.3609817236523,63.12607984179522,-181.7097507740285,-498.17415660402656,-492.76751482593954,-114.07259636879725,-22.49791020958047,-241.49628932461354,-5.070260656950724,114.48257053231234,125.07508734742743,6.4550067721799795,-224.3636050988564,-6.614201670069197,50.399260538053966,-286.2933479189336,-156.52299522832672,387.7358201732871,71.26170196003478,126.65510819971531,-13.120367800919578,-204.07977828681535,-190.5406571904881,15.335937718863992,4.775693354553404,100.8913046508369,-70.63574838583233,292.9117188681672,-89.62315167063088,251.18853792881595,58.738805235382245,-36.57074345707707,-499.3806680980187,-1.5447221812792124e-06,-5.8353537394839,-75.92545579626955,153.19117016660715,-45.395264448956546,-81.43135369623366,39.048652108634045,-41.09305161194248,147.81100343430268,100.63127991297537,-69.62358782996493,87.2959487422097,-33.944235330686666,-2.2050433999703634,-148.8315546840341,-223.24646499937174,-2.858933217339658,-54.595264741680495,21.969357549286425,-265.5417139047026,61.93382242400723,-77.36666614004034,95.11184413698923,39.29945533816868,-304.4753900184141,471.5674604799748,-15.234758445325639,-372.26841878167636,80.49131788080209,-1.888736503408384,-451.2517667658883,89.01803057631702,385.79894779417657,-1.5447221812792124e-06,-464.6270213618278,-112.12871032047266,323.59757788705645,-194.69975429969855,434.6409757683235,-499.9280984633034,-499.95031942147494,1.2892371270278253,32.13558397839886,-284.7110705302382,73.92968499107594,-367.4556082643821,-499.99998211459626,8.056725288356862,1.4447404851874246,263.2017746441093,-495.94503415675626,-156.8636033297006,-270.3071798955554
314,-5.77430910198018e-07,499.998782918488,499.9672037791845,69.56258731952579,242.11443183463103,-8.666502253618091e-07,-69.41979212940123,127.14312435202996,-165.1406657513702,-16.95183907621784,-41.92478185706059,161.86171783226266,363.675150402578,-152.83694793444909,64.27174290716178,165.3369414299905,359.1872033560604,499.9990427578544,-61.79413257629448,-495.43381905614154,172.22970963785514,499.8824825131862,-50.173134255956704,56.84156215252047,-279.5325333374162,-117.77186489952854,249.30463468455093,64.72396929287216,-361.0867356574612,158.5401101985506,0.10998731856116872,109.2579324167048,-105.89646318873238,-499.95343487237614,31.056136427872918,-32.50227871941093,57.59910676999819,-283.5519112282123,-185.26076836653814,-0.8917214678289025,-86.57842815127721,103.12088293988717,-315.2513211699665,-401.95965119236774,-378.5780753939322,-155.53094231958264,2.269960999562735,-3.062594969322814,75.80893427138875,334.4645349870727,283.3886028829783,-217.32324226801384,353.3920322040753,-254.48915085445674,-85.66222430202478,19.48572594978911,207.3776277665261,139.20310292131504,-14.3934214104963,484.7105371128802,-475.87212623140584,-184.40946039505835,-136.91397202484802,233.36789747682633,-199.24647163622745,413.03245535062916,-76.20181210255994,-194.70024644146167,-464.9351006597268,-66.34048594016967,382.0626326046509,-131.47844426816368,499.9950567220196,-424.0736270203479,349.6219782959752,-410.04036713729766,210.8602865612604,471.58395513957686,462.4285086900165,-124.39199873388218,35.62161082464513,358.9551186104195,-32.21412672298046,178.6692226935016,-110.26597417907018,-300.59805241243646,-179.4101990880927,264.1779289800106,-214.9704088805915,-348.45005079440284,-31.09483090719739,-80.52732023414245,-162.68887429605485,-136.97184058434408,-117.95391941233319,-313.0154767495278,71.10302198747604,331.89124299879717,388.13845699733247,11.18105834319209,498.4707087728385,-378.8624026848422,490.8219324263328,13.131795037518373,415.7382079254033,1.2179804826660021,-92.30722818283286,-471.4247861090073,-208.94140940792198,-438.5449892718016,488.45010768401744,-120.13040126663094,-9.977217687919941,-497.8536188961356,62.351255234568136,452.56189448580056,21.76749768256099,157.7720034038054,-200.9626277905847,404.4124627740918,331.01127602563395,45.160559920942056,456.97487511352864,-35.598530289549124,219.4711467641852,141.314567011501,-319.60952567389825,91.7278441563825,438.2561367652166,-248.6422052898815,483.42812440232836,175.02607184029995,283.240984236187,-70.20514943167025,-499.9999999830165,443.15376100001924,-112.78214722580803,37.57264905646381,171.32480167731057,231.81079709130256,54.333020304719575,25.041484357641536,-38.341598892211444,3.2272267270314834,-137.58383179695338,146.82753999634699,2.6718519975867814,82.88531524157182,499.96907716192754,-227.74767150710684,178.89660515873197,368.2160018584802,332.9022941236085,-137.7662298246847,24.536930605761025,73.39435263247503,436.71292325820167,400.7438669225788,397.41545556833665,494.739949768811,96.91855224777417,59.80694381865546,-63.007070328737136,-71.06234208526014,-11.093871400381008,132.79127447529535,-16.643198014716088,90.31024261412432,-96.82597700310436,50.51446425191612,10.078108595365084,174.53071952985326,336.1695611508429,131.4908933354553,-75.38530342451169,499.9876321308747,499.99999999998903,-14.248700253223394,-30.582895830197835,211.02944799347884,-9.684388065069992,-140.33270469873483,87.71543129503792,-191.74595607474527,-44.26831646877236,85.95932200014374,340.5325406771381,82.12958272458641,128.89467832970783,9.689362010429996,-224.18870910186502,106.03884758493932,-463.40700732602124,190.96706617399693,64.14022548968791,-181.551020277558,-498.1517451161305,-492.73814366749804,-114.03662031010148,-23.062198859942335,-240.79198156829128,-4.927109160470714,116.01929827255827,126.8517339992552,5.737013033212847,-223.0191809371629,-6.617930297390139,50.140659988219404,-286.32202998970513,-158.88355831601257,387.1871140272973,71.27150826023535,127.29790677776323,-13.081486390550026,-204.0660870924282,-189.27738768338781,15.403914951166193,4.796255991792205,101.89453506497708,-71.00027781819678,293.25236864042904,-89.23454924618692,251.3368322143108,59.47677701335842,-37.57542767706516,-499.26672557101455,-1.4450924936681986e-06,-5.85111949031224,-76.18073930541294,153.43713632867855,-45.53840161189847,-81.63283723035644,39.80851331412975,-41.11457158216472,148.69199596875725,101.34584960657628,-70.56313510003223,87.18710379622905,-33.22437495200621,-1.5729969109658464,-149.5854440723765,-223.51988769055063,-2.627939340660139,-54.1341364368838,21.262050509134262,-266.3549138855078,62.36007924559909,-77.40265538481992,93.1951430595641,39.86271767769823,-304.7166381921101,471.68063610295434,-15.427557375038656,-372.2192033343882,80.13226627464773,-1.684193019878544,-451.2156474169237,89.34079986756785,385.8223206007729,-1.4450924936681986e-06,-464.92891852756657,-112.73697618677419,323.64938956246004,-190.09922017731807,434.7579105055796,-499.9260751027279,-499.95031894565716,1.0325275370405331,32.31548690979118,-278.80446337207945,73.50197104099728,-365.9822116994685,-499.9999821146093,7.8919800790842025,1.926761632219897,260.3705514652074,-495.8346224695066,-156.80238740223456,-270.88094172377447
315,-5.401925591286272e-07,499.99968906569774,499.96209200358476,74.88556821195905,216.27103962258792,-8.107563189696521e-07,-70.5466677949748,129.3470977895781,-177.12744593262414,-12.034093319068075,-40.82129918856347,162.22695443249697,363.11137327085027,-153.0928346259558,51.231585633208596,167.05668851211647,360.4015804750819,499.9993851715126,-60.356267596995245,-495.35857663202813,178.06895483220433,499.5296106937824,-49.55358170578622,47.34809155450799,-277.96427140562986,-117.22334668626401,249.14349093645131,69.39534386145112,-363.49245516545164,161.29368812103903,0.055201764909177206,109.11322395786186,-105.06614936088815,-499.95343483776617,23.134705370309852,-38.82770290196493,59.43671163157125,-283.55099629439405,-188.48520216408065,-0.8195231483869165,-84.5207353069061,104.61488652874384,-315.0517054106478,-402.32135272018974,-378.08736152594815,-153.83874055609462,2.3598576122276826,-3.0482177501400587,75.50976959778463,334.24891191173003,284.5806531959259,-216.61124186275495,353.6224631955243,-254.09304492119762,-85.44597583313268,19.445694282386217,206.6763764479672,138.9969691328215,-14.406289010925539,484.7115340651828,-475.8717093119341,-183.03415360967603,-136.06900614310658,243.34535780880333,-200.02108394513183,413.05729148327964,-76.05512756228954,-193.40136833657814,-464.9314238612051,-64.69736162905298,382.2503578953125,-131.3323575408141,499.9950554016562,-424.0846446083894,351.1587936460168,-410.0829708171015,211.79910585262627,471.6395130299991,462.5613746546554,-124.60720426817359,36.68987246063087,358.97663027893225,-32.53912206862922,182.0637241106757,-109.85187472245971,-300.48415475205974,-177.9335730062928,264.12735659843247,-211.34830055911326,-348.6093251798736,-32.11133147849806,-80.69040152011466,-162.2664991846158,-137.07283937512244,-117.07110162626672,-310.76742171254074,71.8399026832263,332.85492970451014,388.3239556956941,11.209602868984586,498.4743906283082,-378.252901285789,491.4674975428824,13.268944592124708,415.6858751523621,1.7314070934060888,-92.64632939023548,-471.337006301233,-208.79995317368764,-438.5575211570259,488.9174254235613,-119.63410895947325,-9.920400580206511,-497.8731528654205,62.38553904514221,452.8358507483108,20.963081739046185,159.73879116815232,-200.41855461517093,404.57260788099745,331.54756116727583,43.334074598824664,457.0506326914695,-33.905855834302876,218.8584985061661,145.54521275480715,-319.86355239167466,93.75294795210266,438.69167849108806,-245.69361894703522,483.4099245263752,178.06015437753828,283.67982422321916,-70.18238688523009,-499.99999998301803,443.2203777641626,-112.52732213015132,37.42697375536948,172.1551593089424,232.9317244545034,55.053286207925794,25.028816583715756,-35.77234601069917,3.380927719997475,-137.9323161167606,149.07001591520049,2.6561915877818483,83.01527177518696,499.9689591606,-228.53427537026153,179.6192607340982,366.9223273746727,333.97180767843855,-137.3269946462789,24.551449916524373,72.87110454078352,435.9337746210166,401.57822919789646,396.81775603144956,494.70648298375943,102.91497544139575,60.92747028911594,-63.60182804986814,-73.95596017908436,-10.106070809587125,132.1517047273937,-19.780756008683504,91.98566987466862,-98.95210297437121,49.76933303557648,10.457077748325863,172.11690826471974,337.38732246580395,133.46559774354756,-75.95342253315881,499.98739143778016,499.99999999998875,-13.243398051668574,-29.689808179819856,213.3845637870392,-9.793309097531994,-141.09477964407915,86.9587115841725,-191.25165494011756,-43.130008999891785,84.53394145762238,341.6535826139782,82.47591768367518,131.15400094631565,7.866590144704658,-223.19726460639075,105.95016028137194,-463.22557701964007,192.56490841286828,65.1357495529623,-181.40362525065163,-498.1294026370896,-492.7087157344681,-113.99402618592185,-23.548063399937615,-240.06746412090698,-4.799042168069574,117.55982066515597,128.61900060105435,4.994921584242675,-221.7069751512643,-6.619162292301884,49.846612611907275,-286.3460445669076,-161.3202981967317,386.6163288020497,71.27477292609304,127.93751704856405,-13.064940564696002,-204.05459260620304,-188.0511853041092,15.462117197295163,4.820974838731098,102.90724178455254,-71.37953964810707,293.61123906519066,-88.86227899239404,251.50172464733927,60.1972458979976,-38.55779744291747,-499.1313939650283,-1.3518947525881233e-06,-5.8570803298985785,-76.44376560289498,153.66705739211656,-45.70859304053723,-81.86100428990603,40.52701075577999,-41.15816048372166,149.60480441034784,102.10055083238365,-71.5253264183428,87.06273274827421,-32.54097821381351,-0.9691644626555461,-150.3216607219312,-223.80198766735143,-2.4224575752370727,-53.693075750130376,20.53580436573029,-267.16138210625616,62.769912195698566,-77.42172182054695,91.26604786110805,40.44488272491503,-304.9424535301879,471.79341773783204,-15.642988059165253,-372.1840118560308,79.73531593091813,-1.490136201345307,-451.18030651997265,89.65373182065188,385.85047610704066,-1.3518947525881233e-06,-465.20113099404415,-113.35047247760477,323.6889075412756,-185.58786011748228,434.86673100495807,-499.9239548357163,-499.95031841051747,0.7727647960333978,32.51296331419706,-272.8932094954447,73.08118725250105,-364.47078961914883,-499.99998211462173,7.746755440285573,2.4936828192998304,257.33622419207234,-495.7256427735581,-156.7375665417093,-271.38963327204004
316,-5.053516360931098e-07,499.9999202117427,499.95649035760204,79.99547200861703,190.6011733010905,-7.584676495753228e-07,-71.54042133974569,131.49099900531994,-188.13245565255892,-7.311295361212355,-39.83828582715184,162.54359257383493,362.63460090869313,-153.35334222638065,38.8873047458287,168.6937022447292,361.5178557327581,499.99963122634165,-58.90422809900908,-495.2847025815614,183.94106184068002,498.3239201125411,-48.95293547558291,38.43224394504654,-276.47344994088206,-116.72010982939365,248.98251792547214,74.04739859538938,-365.75456980385405,164.00480407425178,0.014584557114587391,109.05013719423997,-104.28635370507605,-499.95343480412276,15.655931530811698,-44.59019184295048,61.30439741939033,-283.5486089315607,-191.50065403916838,-0.7678941594088377,-82.84842803439791,105.99000507628539,-314.88096094527833,-402.665221637177,-377.5869524683286,-152.23197907499778,2.437801144028471,-3.046305412299548,75.22315258570488,334.0416437383299,285.7122439142777,-215.95859494404064,353.872226511501,-253.72007130065504,-85.23428055513483,19.38959550328747,205.99594547868676,138.74942793468483,-14.423262883645261,484.71384169550754,-475.8714092378525,-181.70329584165964,-135.23297377729983,252.78748453598183,-200.7568347680563,413.09159055979524,-75.96704766458164,-192.1692624149747,-464.92772749516246,-63.109884802436845,382.4382427368804,-131.19289615209456,499.99505604198674,-424.1030620368379,352.6474617516218,-410.1287091590674,212.70612552146542,471.6971810564815,462.6907034665419,-124.82693255461426,37.69067976612554,358.99805016511965,-32.924992703466906,185.325843623895,-109.46000293120333,-300.420670893826,-176.52691656293604,264.05423455333107,-207.93201241938948,-348.77783683731445,-33.12523293050328,-80.83901297035882,-161.86430485690727,-137.1833602940887,-116.2691627957225,-308.57815703654944,72.5714630032026,333.8218060724856,388.50687200903207,11.23211052151875,498.47813337857565,-377.68466451165483,492.0461524598607,13.396317770689476,415.6171186967006,2.2394492477420003,-92.98669903842443,-471.25378406528984,-208.772084062314,-438.5712311481124,489.3587184262041,-119.1635227128879,-9.882809994110119,-497.89180595698116,62.40436121113802,453.1039891185103,20.153344524608418,161.61938457936463,-199.87721432069347,404.7306789018986,332.0581675552262,41.56948897536293,457.12719753618904,-32.346977692860584,218.23525834605036,149.6118980553312,-320.12999111360745,95.70128330128402,439.1103068134045,-242.79381146805,483.3923942025377,180.93269626172818,284.1064976264136,-70.16172179533717,-499.9999999830195,443.293310593209,-112.31420898324788,37.28423652879241,172.98163846251964,234.00592615179647,55.74238998757124,25.015365404686428,-33.25599225847653,3.552294404203293,-138.2772134200223,151.24875518780934,2.639784472858028,83.12798761407024,499.9688127889694,-229.33114472155304,180.3367106551703,365.6249571526645,335.0472180354973,-136.90672328846304,24.557526052234852,72.35592019442697,435.17994767524186,402.3696567140038,396.1879706807682,494.671312926173,108.8633609101853,61.98409916370977,-64.19738769058772,-76.94481811861387,-9.117670727816963,131.4339756782553,-23.06329849787402,93.61550161597523,-101.23334171373189,48.96766142449066,10.840623358044947,169.66626364238567,338.61366300225035,135.39391741920252,-76.57735436842903,499.9871545417703,499.99999999998846,-12.273688095066165,-28.828337896336247,215.74880777579114,-9.913424360294625,-141.88690339507917,86.12950523493906,-190.67266062840417,-42.03793074718699,83.03847380621103,342.73776396979605,82.82479040915595,133.43378521687197,5.962087806676204,-222.21208039003415,105.834140919976,-463.045245521442,194.15854617020275,66.12337610275985,-181.26598880399922,-498.1071143927183,-492.679355091114,-113.94514935508116,-23.925718010228337,-239.32038511332067,-4.678492974715435,119.10653788764444,130.38161231026663,4.235946410447866,-220.42589059095758,-6.616703210318666,49.527716253644044,-286.36549302714127,-163.81975001512922,386.0267656047322,71.27856888743094,128.57697379191814,-13.06355685253623,-204.04489333981923,-186.8596659308663,15.516482211687563,4.853770490289393,103.933893283532,-71.76453120447549,293.98265900829057,-88.50617029194278,251.67707675036561,60.89648496638845,-39.51060687927482,-498.9698588056838,-1.264706952497363e-06,-5.8561723438979865,-76.70819814576153,153.88484554652564,-45.89439906396468,-82.11386782849848,41.20507684154742,-41.21081533757366,150.5524934105565,102.90053302015623,-72.50211120002642,86.93035576982301,-31.892358182512666,-0.3834887651748672,-151.03147999592798,-224.09023920883786,-2.2422825639590287,-53.27839749066302,19.78754143667709,-267.9569735954455,63.160681606625054,-77.41580663363827,89.31233236642666,41.051907308479855,-305.1517872199934,471.90646669332386,-15.871233850062696,-372.16676059737534,79.30114749792737,-1.3070809281261238,-451.14624364094976,89.95357379733294,385.880209476782,-1.264706952497363e-06,-465.44448732688136,-113.96323389342727,323.71818953475116,-181.17624924725143,434.96832648611945,-499.9217277392978,-499.9503178185601,0.5183044259149238,32.725583726178485,-266.97576780469626,72.67356899486757,-362.91456633733446,-499.9999821146337,7.6211908499297145,3.1368056123007135,254.1152260611309,-495.6177595290542,-156.66876319943134,-271.8341423947438
317,-4.727589839603752e-07,499.9999794145254,499.9503877726538,84.83840194109324,165.28177228459296,-7.095513865351677e-07,-72.43178028771561,133.55953497966814,-198.2785264086662,-2.772416965389633,-38.97184259738848,162.81400940973606,362.2156722444172,-153.6202544163579,27.204739491125498,170.2402982204872,362.54310438487533,499.9997911506339,-57.47811646361207,-495.21336383139686,189.7180066179302,494.6602461455332,-48.38414192304983,30.03582727294229,-275.0623457427622,-116.25016897521638,248.8196087169069,78.6415681969337,-367.8866827515826,166.66819131233274,-0.022033350199598106,109.05823622582673,-103.57381008824082,-499.95343477142075,8.569857939316375,-49.8996400700636,63.19917057646576,-283.55091785943836,-194.33742630048286,-0.7425569294284324,-81.65400192100242,107.22530469643266,-314.7458642608646,-402.99355594079003,-377.07657976265267,-150.72238191138442,2.503853341481598,-3.0531424806064273,74.94854286883758,333.8409157676959,286.78473895742667,-215.37718528280658,354.1256737176868,-253.3743871421345,-85.02732128489428,19.322988822202944,205.33636926592013,138.46428767567627,-14.448235692752746,484.715818578404,-475.87143260073407,-180.41784248792445,-134.40376520422979,261.70865846883254,-201.4582572650491,413.1307974730487,-75.9552715524585,-191.01489943877456,-464.92401315544623,-61.573220110519834,382.62311489480464,-131.06157151740436,499.99505763673636,-424.12835289203343,354.08294683797266,-410.17721750270044,213.5778161860705,471.7555525279431,462.81567000048716,-125.05298301657014,38.62512902204515,359.01937332362104,-33.36619220405408,188.4543188220033,-109.09425899256297,-300.4215752307136,-175.21703493565997,263.9551116483222,-204.79619016078308,-348.9541558346864,-34.13065736152965,-80.97308802257018,-161.48543394230515,-137.30494679321967,-115.5628429815194,-306.4521234320531,73.29856844949947,334.7838457197731,388.68791490032,11.24990889776271,498.48184865778893,-377.1624522177147,492.5660305014864,13.51474338148823,415.53409741873014,2.7432217776278955,-93.3329753606374,-471.1745454983691,-208.8867032915975,-438.5859847533472,489.7752941477013,-118.72267928155017,-9.868601962548862,-497.9095994976696,62.40552481734751,453.36442585583933,19.332050513863233,163.4028716755079,-199.34064478933234,404.8825409765389,332.5431271390352,39.867610812902406,457.2025042644906,-30.916642421851872,217.60568259744676,153.51645170932034,-320.4065700742144,97.57293404715303,439.5126036164606,-239.9663951626273,483.3749387933319,183.65307867839547,284.5201112807105,-70.14354885264301,-499.999999983021,443.3697415330115,-112.14936762244243,37.14331667456106,173.80418853948547,235.03203856327235,56.397760169722275,25.00282701322643,-30.784114910740243,3.7368472847487797,-138.62419345055378,153.37240778211964,2.62434121183031,83.2233778013782,499.96864063672945,-230.14730665073284,181.04756117167054,364.3166394191934,336.12769431872954,-136.50516801547022,24.550931515610266,71.84501182482454,434.4496411431643,403.1155798480353,395.5244074005053,494.63451296267925,114.72600976802451,62.982419240658864,-64.79914181745713,-80.03758571629699,-8.130062861581404,130.64068072514218,-26.501691189301138,95.20834789051018,-103.67643272451973,48.10954960699571,11.230212902788443,167.17489729450256,339.8477817413289,137.2741036864535,-77.25800904387752,499.9869202191802,499.99999999998823,-11.33147723588553,-28.000771537814558,218.1205289986637,-10.04597201819544,-142.7065259439747,85.2314548631392,-189.99503891483909,-40.97848453145179,81.4786238359434,343.78819306634415,83.17685393000279,135.73358671245842,3.9933187875766496,-221.23285906687846,105.69694850485205,-462.8664663101255,195.74922769199816,67.11216186238589,-181.13709441482436,-498.0848776507348,-492.6501620173933,-113.89086555761418,-24.167257440718892,-238.54899034050516,-4.558360381498841,120.65954723838185,132.14203138319604,3.4666202465418703,-219.1750501269396,-6.610256474501487,49.19355452594998,-286.3810692621764,-166.3701695504999,385.4211814536098,71.28998013558916,129.2180245521518,-13.070954690296249,-204.0368610273653,-185.7011150410931,15.572049758265448,4.897726519661501,104.9772266739884,-72.1472504394436,294.3621836941023,-88.16607455229537,251.8583625212676,61.571708646567764,-40.42793453408733,-498.77618820864245,-1.1831434676423669e-06,-5.850690896778293,-76.9686706564625,154.0930628482573,-46.08592452569248,-82.39013313000343,41.84341172467778,-41.26136778727639,151.53662456919471,103.74991945642057,-73.48588731318638,86.79665491530375,-31.27701131902478,0.1933357032236367,-151.70727172021407,-224.38234515169668,-2.086381628854667,-52.89282376187174,19.015415444032165,-268.7381793036913,63.53193693594964,-77.37777680656238,87.32542705011556,41.68735222728644,-305.34332055818055,472.0197545974384,-16.10379514462923,-372.17068804960445,78.83077772133637,-1.1314757852296342,-451.11369764440997,90.2390900721585,385.91042712642644,-1.1831434676423669e-06,-465.65826825544605,-114.57035455128188,323.7391120979616,-176.86994785387375,435.06353420383016,-499.91938844773983,-499.95031717115717,0.27626506718002053,32.95357298552572,-261.0534369308146,72.28439386804055,-361.31026020245247,-499.9999821146452,7.51386223088668,3.845253803047452,250.7208336269198,-495.5107369173717,-156.59530507579623,-272.214640113433
318,-4.4226908357813954e-07,499.9999946551895,499.94377753297454,89.41866026877831,140.4764209010591,-6.637928890995681e-07,-73.23096349437138,135.55456430583797,-207.65611257411751,1.5992289353052236,-38.17122568315285,163.0436850798831,361.83960190978866,-153.89275939696665,16.152589210121736,171.69924493555297,363.4961810455784,499.99988728281284,-56.09210278784093,-495.1452001940022,195.34757647823523,484.73221576571143,-47.84829500949125,22.11806263010512,-273.72372876782003,-115.7633619056065,248.6553478926049,83.16032730148216,-369.8991972304351,169.28131298478436,-0.05737269679470386,109.12985419688566,-102.93519623529546,-499.95343473963567,1.8449565424260164,-54.82070842782631,65.11552274092386,-283.56027465578546,-197.01434211897435,-0.7348036257996665,-80.98705450123352,108.30866399925782,-314.64915077794313,-403.30719253575097,-376.55688682110514,-149.3139133079536,2.5771264425765,-3.064793583533824,74.6854266604557,333.6469961082281,287.8018627347548,-214.87429873185476,354.37577748593674,-253.05684938062717,-84.82472960865506,19.251236846482826,204.69759179944245,138.1487229256112,-14.483314405891276,484.71664382018287,-475.8718558144964,-179.17753701015553,-133.57952389783318,270.12925849436886,-202.1223276226023,413.17305082833354,-76.02902918796478,-189.9441195802647,-464.9202811624712,-60.082607787548284,382.8030160666486,-130.93897880433374,499.9950595284408,-424.1598764155303,355.46525377509863,-410.2280901403719,214.4159640014692,471.81398317244134,462.93586809058297,-125.28541809451477,39.49993194946429,359.04060086367383,-33.857635311254214,191.45136991735055,-108.75658689855456,-300.4937054345665,-174.02076881131083,263.83108874339496,-201.9857546963676,-349.13696173927764,-35.12306211130832,-81.093443898422,-161.13125802819465,-137.4377175929427,-114.94912867961494,-304.38918411414704,74.02158468812983,335.73733271924283,388.8676624375414,11.26437468743047,498.4854876513163,-376.6873221575107,493.0349374212643,13.625355170788149,415.4388041302101,3.2434065435377293,-93.6772534703381,-471.09859264059844,-209.15913535674073,-438.6016462782418,490.16847803622005,-118.31207725146011,-9.879700885480647,-497.9265609632685,62.38843589872672,453.61630537520927,18.4955816979461,165.082501754581,-198.81059174334712,405.02569179950774,333.0035615638937,38.22859670633957,457.2752636572401,-29.59057844056803,216.9730286482788,157.2673962622175,-320.69153067130065,99.37156216587522,439.899466681137,-237.22176979833958,483.35740103524887,186.23629293946314,284.9208273102044,-70.12804325225716,-499.9999999830223,443.44778435026313,-112.03604339765468,37.00347727412448,174.62242628792,236.01111996362886,57.0194950157774,24.991944838282155,-28.347459573469767,3.932115253277975,-138.9767108105234,155.45027460153398,2.6107819409125126,83.30297500462325,499.9684451385179,-230.9881588051755,181.75099462064898,362.99263936596685,337.2112119867885,-136.12043224576865,24.53067234415027,71.34088566752129,433.7430243391913,403.8186785510052,394.82586773918024,494.5961645802626,120.47493508577165,63.928507713503976,-65.40639427593028,-83.24114597908512,-7.145297879428263,129.77485667777412,-30.103721834151113,96.77293347187255,-106.28609548657666,47.1958650744348,11.626840899842657,164.63702516425457,341.08727836747903,139.10570825532116,-77.99613280121285,499.9866880037238,499.99999999998795,-10.40875000293435,-27.20797149228016,220.4947994615323,-10.191800267295031,-143.5515399284008,84.26810416249909,-189.20696899942422,-39.939655849358076,79.85869007619364,344.8056059875303,83.5330286482351,138.0503678064331,1.9754069776763021,-220.25964027719874,105.54409039142975,-462.68959750600726,197.3358138920241,68.10921158529686,-181.01646220238487,-498.0626971906192,-492.6212156214058,-113.83209829293256,-24.24867965314381,-237.75215277260455,-4.432312997323756,122.21703656569689,133.90070947996685,2.69264716689091,-217.95380296906413,-6.600152568025026,48.852387649520566,-286.393730074607,-168.96192079457526,384.80170254988457,71.31561337745808,129.86136832159028,-13.081703810664635,-204.03057790639525,-184.57443315490386,15.632835356955095,4.955127075356281,106.03846078035569,-72.52096707011825,294.74638726714863,-87.84187762460158,252.0423943491602,62.22107711671805,-41.30540679909739,-498.54313811504306,-1.1068405001424255e-06,-5.842261133997893,-77.2209452639981,154.29308881907448,-46.27510695071705,-82.68910488983654,42.442518752374056,-41.300832215696275,152.55769285745097,104.65202755508828,-74.46944468363624,86.66719428261723,-30.69361969619755,0.7694840293412557,-152.34240420351338,-224.67622739504932,-1.9531799892342636,-52.53473658121819,18.21920994154602,-269.5020152301428,63.88483497639065,-77.30140960150294,85.30116831950453,42.35284110727048,-305.51551321010123,472.13285931374344,-16.333745842152794,-372.19816235817683,78.32547925326763,-0.9574854286888355,-451.0827158909445,90.51050177443123,385.9413638266316,-1.1068405001424255e-06,-465.8399800533278,-115.16788110316128,323.753295476729,-172.67075444095184,435.15310205346856,-499.91693569545083,-499.95031646866653,0.05254810723024937,33.19912690277802,-255.12937494205858,71.91804101474565,-359.65775373712194,-499.9999821146563,7.423110555133381,4.608565790490935,247.16297206589704,-495.40442979437694,-156.51638491197937,-272.5289670262687
319,-4.1374732973054046e-07,499.9999986022747,499.936656950837,93.76336713238459,116.32849176270034,-6.2098479247652e-07,-73.94615305778859,137.47861123276056,-216.33687421458984,5.8186247083852125,-37.30394129426585,163.23572371115324,361.4991798394696,-154.16750306202528,5.700348635680023,173.06507075080467,364.4044268121602,499.9999415784592,-54.76128040738116,-495.08077444861556,200.80973505155984,460.80798946200605,-47.33662048217474,14.64791598512712,-272.44093499147476,-115.14074142773569,248.49288304299978,87.59882685038208,-371.8002457615313,171.84433579084433,-0.08626234307573438,109.26013280493852,-102.36392577194573,-499.9534347087435,-4.540342981964532,-59.39399520723644,67.04624194008599,-283.57409431173136,-199.54485146304316,-0.7102492946145459,-80.82550769693118,109.24370085000056,-314.58669253844886,-403.60679265602096,-376.02922863145346,-147.99812721342735,2.7116605950467263,-3.077308343828,74.43331493571345,333.46047649026565,288.77012920803486,-214.44876880646652,354.62009721240713,-252.76291278718128,-84.62556008282607,19.179259379840207,204.07946225538424,137.80958550846037,-14.529517298349479,484.71593204377854,-475.87268724072703,-177.98016337624063,-132.75849626280424,278.0781187502035,-202.73336195236962,413.2174725893293,-76.1854830660663,-188.9551067596135,-464.91653092250476,-58.63385575781355,382.9768915164439,-130.8244970250355,499.9950613218635,-424.19708078058636,356.79579619239524,-410.2809723461297,215.22165401396546,471.8728195598002,463.0511700972484,-125.52225967750941,40.32080396684376,359.061738535029,-34.39596373116194,194.3245155221967,-108.4456877482066,-300.6323748987328,-172.9422558325831,263.6745071050206,-199.5042913286455,-349.3252535028034,-36.09913280870532,-81.20152105997414,-160.80023233576236,-137.57999749792856,-114.39733181870372,-302.3852542887894,74.74108580206202,336.68327266783285,389.0465509200788,11.276858234451451,498.4890271626298,-376.257608797944,493.45926726351456,13.729485180706165,415.3326855195305,3.7408331286459804,-93.99203107313251,-471.02515935141304,-209.58365325076525,-438.6181077974515,490.53959876866287,-117.92740321961642,-9.914979441195996,-497.9427223143144,62.35450812060047,453.8593748826385,17.641647063975306,166.65844539951289,-198.28888091247256,405.15882621786005,333.4417640610716,36.65197460531528,457.3447763178531,-28.338316994991626,216.33971864462805,160.86641617102475,-320.98378610803144,101.10194640906344,440.27176088698997,-234.55764100774041,483.3402612344614,188.68823508688493,285.30906293254185,-70.11506621470744,-499.99999998302366,443.52662433168786,-111.9729766892498,36.86454270908893,175.43608664104352,236.94572354573492,57.60917351912624,24.982660994982353,-25.936378531722795,4.138276466039589,-139.3365308642035,157.49186726565247,2.599321859146051,83.36983420727147,499.96822815731934,-231.8566316046638,182.4469268798149,361.64978553659586,338.2949208840258,-135.7504208243787,24.49688660834318,70.85332859190619,433.05886270794826,404.4820790821989,394.0915411229452,494.55633072528195,126.09115569035912,64.82867344846588,-66.01147152359755,-86.56043459435713,-6.1654809597526725,128.83991960298005,-33.873321699142494,98.31773646361526,-109.06463819509052,46.228290721217974,12.03126058929788,162.0453126975333,342.3285861574564,140.8893689839003,-78.7924493045431,499.98645731666363,499.99999999998766,-9.497829969041703,-26.448417759300707,222.86432804307697,-10.350977609374038,-144.4204233695466,83.24284777039348,-188.30017654630643,-38.911316477353644,78.18150565730832,345.7888861097681,83.89477145687205,140.3792516140606,-0.07912381182840676,-219.29291671814164,105.3802674306813,-462.5149477914724,198.91543567902835,69.11965070371758,-180.90410777378415,-498.04058332032133,-492.5925792744637,-113.76944926001592,-24.15180401530769,-236.92938203108926,-4.2949652168218995,123.77595902862002,135.65657924981414,1.9188960224131477,-216.7616982304941,-6.587005637482893,48.51102609296764,-286.40439021893434,-171.58745434631211,384.16985823276684,71.36122156756188,130.507119137269,-13.091309056529395,-204.02627456242158,-183.4790335598423,15.701817039526212,5.027647745370554,107.11771755437938,-72.88034885353758,295.13240456288696,-87.53348261785867,252.22681292194537,62.8439942535141,-42.1402776465619,-498.26194120903926,-1.0354560799896717e-06,-5.8321880599191545,-77.46188892588626,154.48548878790066,-46.455801770050364,-83.01055740584877,43.00284273739231,-41.32251949648676,153.6156663157956,105.60977296484903,-75.44601283264696,86.54630387228342,-30.14099185695531,1.351808553532411,-152.9312054936015,-224.96997109425283,-1.8406023651010022,-52.1965250358744,17.40026289084185,-270.24589112376856,64.22185377472469,-77.1813779220001,83.23955712715421,43.04847213372912,-305.66662015844145,472.2451804389962,-16.555770642569858,-372.2507055621095,77.78695151072175,-0.7788188633640591,-451.0532022730124,90.76916467414235,385.9736634685425,-1.0354560799896717e-06,-465.9854333643382,-115.75280400735743,323.7620851903798,-168.57798862140476,435.2376753670534,-499.91437218985385,-499.95031571079477,-0.14824197376686588,33.46606192407029,-249.20812326245752,71.57796987098351,-357.95977938821545,-499.9999821146669,7.3476283414656685,5.417770593345489,243.44842660043238,-495.298780642243,-156.43111367863546,-272.77209953808455
320,-3.870663931593299e-07,499.9999996315552,499.9290248237706,97.86594028630978,92.95318359119307,-5.809379217680544e-07,-74.61051235621237,139.30968810677467,-224.38680310645202,9.885285350451463,-36.1758641663617,163.38100174659442,361.1877215604342,-154.43909898800456,-4.184682342016968,174.2944244973516,365.2918723499157,499.99997073466227,-53.53926704442771,-495.02140078721845,206.06919889413894,410.2352422784939,-46.83657490636185,7.595659822764832,-271.19639116393705,-114.2149508302388,248.3373618406182,91.9493435697425,-373.5968535987013,174.35964764646945,-0.09589277477953558,109.4466357741201,-101.84097007579231,-499.9534346787208,-10.602227057197942,-63.65701991936461,68.98326281417944,-283.58402826839995,-201.94428078250158,-0.6037874696964963,-81.07066474046967,110.0532926599065,-314.5466008421699,-403.89493760606905,-375.4954233495589,-146.7553642012832,3.0006430410598157,-3.0870452507394086,74.19174110509016,333.2795282523293,289.69864386763027,-214.08955321739464,354.85590060455644,-252.48200684336848,-84.4283170786062,19.111179453527498,203.48172820719398,137.44837870011918,-14.589030849933826,484.71313955270716,-475.8739543236296,-176.82206193552625,-131.93894055910795,285.5938987706606,-203.26208158896216,413.26141754488054,-76.41078499075203,-188.03889923854538,-464.912761531967,-57.2240241916216,383.14411376858584,-130.71609879158873,499.99506276178596,-424.23969037057225,358.07196893188035,-410.3356414531396,215.98550711360716,471.9335157912604,463.1615326317219,-125.76006763822001,41.081861579942554,359.08279443193,-34.98059522284645,197.0865953195422,-108.15609299835984,-300.8205331875741,-171.97260593603298,263.4460279570409,-197.31513363369768,-349.5185113858355,-37.05663856145073,-81.29911562006397,-160.48710841070834,-137.72875183129892,-113.84871840010781,-300.43398055704347,75.45808938379469,337.6255070225711,389.224873321269,11.288553946906925,498.49244840481583,-375.87249344704054,493.8425529715715,13.82829429654192,415.2163546837698,4.236639563517187,-94.23041084289486,-470.9534967864256,-210.13268044033126,-438.6353138387923,490.889976245432,-117.55954837908808,-9.970737507014974,-497.9581179074408,62.30657616088748,454.09336327654813,16.7673647800445,168.13930111854313,-197.77796669326293,405.2812002790377,333.8612221762061,35.13672347780058,457.41065320223305,-27.146790281976802,215.70742161466123,164.28691581092176,-321.2830024706211,102.76429956248597,440.6298144879202,-231.96129120319833,483.3248355476875,190.9816818369937,285.6842433739675,-70.10419573265648,-499.9999999830249,443.6067512699635,-111.9558337244624,36.726896511428585,176.2450799961928,237.83759804545835,58.16708349139816,24.974297378019315,-23.54119362856369,4.358517269788929,-139.70436445619754,159.50649450571007,2.589560268455168,83.42742247220073,499.96799064502204,-232.75492967580192,183.13558357396968,360.2850955394354,339.37549217511685,-135.39503291494194,24.447657780343583,70.39558108290159,432.38856977262697,405.10216845768275,393.32088242288523,494.5150335291869,131.56356986319406,65.68920009292576,-66.60285437224562,-89.9984670756556,-5.192479439398397,127.83948743671058,-37.81057868114704,99.85065608679803,-112.01187640807524,45.209241786307985,12.444125253132835,159.3912747055347,343.5674350308477,142.62652901486794,-79.64789459482508,499.9862259106459,499.99999999998744,-8.591583092594226,-25.71747351669218,225.22048042761125,-10.52261912124903,-145.31239660684622,82.15877384082484,-187.27149483395152,-37.88540751892541,76.44837337239098,346.7356573135207,84.26414538000144,142.71434189106492,-2.160578911385615,-218.33383544568355,105.20915254489893,-462.3428294616999,200.48417513477116,70.14670118280797,-180.800482762874,-498.0185501418038,-492.5643079675499,-113.70297168991213,-23.866278716278355,-236.0808227658622,-4.142081006095611,125.33262274909299,137.40753888066877,1.1493145422956756,-215.59847603764635,-6.571402244468108,48.174706264222785,-286.41367784525346,-174.24112021958538,383.5266663825024,71.43122885451562,131.155086369872,-13.096296697883629,-204.02426586360966,-182.4147407824908,15.780861637541298,5.116408471382401,108.21437274731522,-73.22159570054258,295.51769615508067,-87.24081677676945,252.409798532974,63.441629085584275,-42.931527128482614,-497.9220961123984,-9.686773410066962e-07,-5.821651090129744,-77.68949938595254,154.6702053360778,-46.62384375938475,-83.35457657831772,43.524806568982505,-41.322076251052586,154.71042522470327,106.62594159062817,-76.40932703943514,86.43692481400964,-29.618039008465974,1.9456569855742691,-153.46892145654468,-225.26179213791048,-1.746570054500792,-51.86470634205954,16.561294223314107,-270.9674788654084,64.54575876888687,-77.01325243005661,81.14434511344389,43.77329541761109,-305.7947875529535,472.35614647567655,-16.766203505871022,-372.3290882240474,77.21714728396553,-0.5912511280661928,-451.024972864906,91.01700041871773,386.00700120118546,-9.686773410066962e-07,-466.08879554978023,-116.32304918055718,323.7665443658398,-164.59078634214268,435.3177881128485,-499.91170435015454,-499.9503148972332,-0.3229340922035053,33.759176021999856,-243.29516757471544,71.26665258562478,-356.2214733669484,-499.9999821146771,7.2868712701751415,6.26618116693603,239.58130867919908,-495.19381313349584,-156.33872978513165,-272.93579824421766
321,-3.6210258258506656e-07,499.99999990202735,499.92087530858515,101.62177153040322,70.42152302158844,-5.434703780338168e-07,-75.30557370366084,140.97625550926273,-231.87786421033437,13.767482262534777,-34.69746629348913,163.4465194430307,360.892275807082,-154.70266391078061,-13.544065604944103,175.28117694421334,366.1501100975849,499.99998575628695,-52.545090703512784,-494.97013222934856,211.05421651685052,319.0415009184152,-46.347223291510495,0.9262227276692508,-270.00088851670876,-112.92404440829225,248.1930227564868,96.20557500811891,-375.2967878109376,176.82900908279822,-0.07244386786681405,109.68677081077028,-101.34682195478408,-499.9534346495447,-16.363978572651785,-67.65761652495497,70.9177659931451,-283.57928471107385,-204.23699136074526,-0.3522463724148336,-81.60053204344028,110.77159479046726,-314.5147382100105,-404.17859010466526,-374.9575935987214,-145.5695370232867,3.521120916182351,-3.0910000466275447,73.9602588277244,333.0967909006259,290.596926103095,-213.7809453096657,355.07481005924853,-252.20230912070917,-84.23157313981079,19.050090377904937,202.9040520066676,137.05627300394946,-14.668367433702153,484.70682478790076,-475.87580538581227,-175.70000393149598,-131.11946408146687,292.71980230703593,-203.68441502106486,413.297145745211,-76.68862385835516,-187.18536990924514,-464.90897241492905,-55.85191137931004,383.30382696276126,-130.6110206890455,499.9950635733921,-424.28776781449017,359.2813714654373,-410.39202496440805,216.67781930453685,471.99791601291207,463.2667606085448,-125.99715432007785,41.75478614232887,359.10377641585814,-35.61376195039165,199.75042777220293,-107.87989004026988,-301.0359009743502,-171.09325741605994,263.0535051750432,-195.35924093506566,-349.71666662276726,-37.994146345533615,-81.38815363202728,-160.1846262011066,-137.88217120734282,-113.245334724476,-298.53290249767446,76.1724732524915,338.56273263889665,389.4028028702213,11.300317462420857,498.4957088503358,-375.53924054570876,494.1845157877034,13.92213509930919,415.08966808500315,4.730927671207784,-94.35098569033397,-470.8829526255447,-210.76770449348746,-438.65326348043413,491.2208806720208,-117.19919695843437,-10.043315341793788,-497.97278226581005,62.2468323166517,454.31721287432055,15.867104319489986,169.53869628098047,-197.28150503436305,405.3917847676414,334.26609187495006,33.6814358067137,457.47242627065503,-26.052824347955127,215.0768050238781,167.45851615714145,-321.5893995894638,104.34581301411025,440.97291737542423,-229.417392934853,483.31301263851054,193.0370914002418,286.04341647155286,-70.0949999372055,-499.99999998302616,443.6898346662167,-111.9823115339853,36.59109428981716,177.0479082331088,238.68363449760446,58.687677681209024,24.965782721417053,-21.151791836131444,4.596106156897526,-140.08122128712964,161.50344881895975,2.5805985767567385,83.47607555597673,499.96773268964097,-233.68668182171453,183.8154295538122,358.89416948584284,340.4489496742604,-135.05858046200655,24.375375415355887,69.9684498231259,431.7100214178684,405.661422235336,392.51348009406126,494.47225288215145,136.88747852985503,66.5164839184713,-67.17833477477475,-93.55674212932666,-4.228871245643823,126.77728351863865,-41.913021092833056,101.37920102709784,-115.12540289748814,44.14168124898424,12.865405729642868,156.66582651346113,344.7988891327391,144.31930121215763,-80.56396429884602,499.98598804274155,499.9999999999872,-7.683174172184442,-25.008650965999916,227.5535551447023,-10.705200811991423,-146.22752726417943,81.01858190273617,-186.12363774576554,-36.855518376603904,74.65916243304062,347.6424374045777,84.64347847161072,145.0487434324031,-4.2619746504902185,-217.38439325097784,105.03325822972204,-462.1736120805951,202.03702689323933,71.19193065966577,-180.7064163002148,-497.99661535639126,-492.53645636448243,-113.63229681680735,-23.39065358907203,-235.2072260136818,-3.9706613501955967,126.88223302474586,139.15030956950014,0.3867176531413594,-214.4641295876036,-6.553766508232004,47.84710789546126,-286.42189749778083,-176.91860286616313,382.8728069507693,71.52833718367893,131.8041096133978,-13.094530363965717,-204.02491638901955,-181.38180917664374,15.87053073301259,5.221527218232822,109.32675140411524,-73.54242546834128,295.9000601142504,-86.96399418160563,252.59001208988462,64.01709198292242,-43.679862258076035,-497.51116183834216,-9.062059689313173e-07,-5.8118090712992565,-77.90301865565024,154.84589530249008,-46.77695249298523,-83.72144071329294,44.008458214858095,-41.29726502667932,155.84135294263118,107.70270767195565,-77.35362966772074,86.34053439600471,-29.1239256642006,2.5550084703819125,-153.95162663633891,-225.55011472522688,-1.6705765119229297,-51.526515773480284,15.706012610373511,-271.6646033586055,64.85698062167484,-76.79342504435408,79.02234333034264,44.525540918764534,-305.8983146720918,472.4653244369638,-16.963036623474668,-372.4335718532337,76.61721733330255,-0.3953192135326306,-450.997857599767,91.25516759876406,386.0384738363009,-9.062059689313173e-07,-466.1426447074638,-116.87743752923113,323.7674876515022,-160.7117226033863,435.39387161871525,-499.90894214342563,-499.95031402837,-0.4697704520960499,34.08262869584499,-237.39662031886107,70.98551476951297,-354.44993369374293,-499.9999821146869,7.240977434539263,7.149323811488443,235.5638149979949,-495.0896230737965,-156.23930549626576,-273.00874422782516
322,-3.3875403460115194e-07,499.9999999737022,499.91218953701446,104.79807506164308,48.76800782862305,-5.084220902062953e-07,-76.1573053629576,142.35591600614967,-238.88931157913132,17.399028462740404,-33.04204441498022,163.37423029906896,360.5894569291216,-154.95509723970687,-22.4170180679852,175.87132352243339,366.90769322737606,499.9999932346467,-51.94508348578341,-494.9320743701482,215.66510154462063,183.8277496802793,-45.89773364315278,-5.400351535283692,-268.9263665555344,-111.4516730440169,248.05762553463862,100.3666110878713,-376.91016731800187,179.24819814036002,-0.017480516001496006,109.97291387563304,-100.88271501731232,-499.9534346211929,-21.85212178114873,-71.45706524188938,72.83947084320019,-283.5566548877098,-206.45671693219765,0.03679817678807964,-82.32312200084942,111.42813130368494,-314.48420816836534,-404.47001105538794,-374.4182001444566,-144.44433278548343,4.232771955959791,-3.086556686234201,73.73844116628278,332.898194722612,291.47110121953705,-213.51038344132704,355.25921996448255,-251.9198863156446,-84.03547838957704,18.998625179560772,202.3460915733157,136.61316383839048,-14.77806253251084,484.69416799789377,-475.8785904326166,-174.61314074633617,-130.3000072384265,299.49009429100755,-204.01486822894609,413.3100679202654,-77.00854200527344,-186.388268752725,-464.90516359008143,-54.51792127132125,383.45426427305387,-130.50777403941103,499.9950632905667,-424.34162414506176,360.3999759810686,-410.4501489429009,217.2485342878811,472.06633733899,463.3662847627744,-126.23795972382752,42.28861084568664,359.124690533147,-36.29917873494509,202.32009199441305,-107.61198654882082,-301.2625011829628,-170.28305778549625,262.3626864767312,-193.58030556741681,-349.9198508595089,-38.91041452136777,-81.47043495354664,-159.8885114168559,-138.04313047336095,-112.57589381486,-296.69516847253163,76.8801596548646,339.4767758009412,389.5804334675879,11.312666384337396,498.4987160329712,-375.27937856599203,494.48192000118377,14.010278064307238,414.9521950394665,5.2204562161004935,-94.35829913260177,-470.8129967286286,-211.4550385731924,-438.67198555003296,491.5334369684075,-116.84551390411231,-10.131588736254283,-497.9867482218106,62.17518032515063,454.5284601146423,14.931980590659833,170.86741258910482,-196.80449405465177,405.48838098349904,334.65978532228615,32.28451903768894,457.52911024492516,-25.164605957778605,214.4472241172486,170.2806704544565,-321.9032039553728,105.8167352844234,441.29915595500967,-226.92268433601475,483.30614673374424,194.7363938736978,286.3807205973784,-70.08738099544405,-499.9999999830273,443.7775490635005,-112.05621310703322,36.45730217006598,177.8387675109377,239.47272486396628,59.15656678332426,24.956028187631663,-18.756381971886686,4.84695313937998,-140.47085139370722,163.49296875983046,2.5713249138543075,83.50881140351686,499.96745399986395,-234.6583154754943,184.48007061620157,357.47027037297346,341.50982718136675,-134.7507649938344,24.264985245377535,69.5434237848689,430.98826892756955,406.1278578706,391.6689339477726,494.4279485324648,142.0637589201976,67.3177473968677,-67.75923953948451,-97.23570196148061,-3.2798971588708725,125.65761066540094,-46.17737433350225,102.91142451212582,-118.40085820085307,43.029197926564244,13.292866676450142,153.86025560835367,346.01678045331624,145.97086438923108,-81.54301983838431,499.98573397074375,499.999999999987,-6.765163561372852,-24.31773139045682,229.85197349130107,-10.897211815299604,-147.16667611747425,79.82508361924329,-184.8652491795869,-35.815816291415324,72.81295581738948,348.50402500237806,85.03476998462686,147.3735658604462,-6.378314562968327,-216.4475679651606,104.85429883214704,-462.00775464374755,203.56689149989796,72.25573672026776,-180.62305300479585,-497.9747998008382,-492.5090859338669,-113.5570201403956,-22.73165034788838,-234.30989974086967,-3.778542672946826,128.4172585321363,140.87954705987818,-0.3672629040431432,-213.35900226122547,-6.534406449987115,47.53090374353992,-286.42918889117306,-179.61588966310393,382.2088741712937,71.65360786730533,132.45059923852153,-13.085365714925217,-204.0286362734291,-180.38097782368183,15.970063920421454,5.341457730440313,110.45115480343829,-73.84155891674352,296.2777965357463,-86.7035969582794,252.7666674427748,64.57431155115947,-44.387246845874714,-497.0145697583234,-8.47765477374196e-07,-5.803854675555175,-78.10291468308516,155.00856146073218,-46.914248168932154,-84.11156654782961,44.452867130078886,-41.24730831805525,157.00598413156214,108.84035024708618,-78.27325795174013,86.25744452198093,-28.658381672874185,3.183193179701888,-154.3759161907042,-225.83375979882217,-1.61566234727508,-51.181922995539146,14.838871105300639,-272.3352524694249,65.1504998873855,-76.51870211700286,76.88266873345314,45.30249159171595,-305.9760149822802,472.5724494980492,-17.145743441339135,-372.5641967223518,75.98609928252989,-0.19753334708865006,-450.97189655906436,91.48192947862654,386.0616861460114,-8.47765477374196e-07,-466.1379129360259,-117.41539285689741,323.7655717575425,-156.95087418877816,435.46628195056974,-499.9060988280674,-499.95031310513497,-0.587843431700568,34.43742211876871,-231.51845165886925,70.7351115502775,-352.6537582880484,-499.9999821146963,7.210552506233536,8.064546182729794,231.39712606726874,-494.98635344414686,-156.13486053845762,-272.97677024816466
323,-3.169043338857591e-07,499.9999999928699,499.9029303950436,107.08183496530498,28.001570847902443,-4.756293492391706e-07,-77.27415860154296,143.32358744567716,-245.47538139337794,20.705489074524927,-31.530851700878735,163.10307107728997,360.24696258402844,-155.17096973540794,-30.675887740155012,175.9374919910694,367.4431963656795,499.9999968525167,-51.86490254505655,-494.9131810894132,219.81115156893787,23.411589671348548,-45.545566086481514,-11.388800285758846,-268.0906882861992,-110.11169198633345,247.91921254527583,104.43256885481983,-378.41238221945844,181.6041713906255,0.03774586418299804,110.28990961047198,-100.48044572437675,-499.9534345936436,-26.99107836066555,-75.1231338167015,74.73621489538903,-283.5301231264561,-208.546137641816,0.45356529073458873,-83.1857563364832,112.0383427099989,-314.4594343184835,-404.78391708615527,-373.88018876596186,-143.39659742000006,4.952254728951337,-3.0701214624125956,73.52588038125417,332.666368461728,292.32213537055736,-213.27024726951535,355.38377710411237,-251.64309176774913,-83.84300324682634,18.960929311630387,201.80763201878793,136.09470750415244,-14.920655313308478,484.6714201972406,-475.8828513587534,-173.56337541605106,-129.4826355141507,305.9178230969263,-204.3151931296229,413.28129260783345,-77.36075716853787,-185.63396724548517,-464.90133543087853,-53.22295165474868,383.59237585343163,-130.4082942527345,499.9950611516878,-424.40161808045707,361.3988428087791,-410.51004593014255,217.6457397731292,472.1357306775343,463.4590687017724,-126.49276316284869,42.62940726467153,359.1455411100494,-37.039663235589344,204.7866686616339,-107.35504874800391,-301.49638066110447,-169.52505216933767,261.25579816183284,-191.93773721270546,-350.1280239893765,-39.80350560229994,-81.54724111020384,-159.60199137960214,-138.2184854529877,-111.89019190840949,-294.95694047969715,77.57254074789796,340.32970883369865,389.7578129262397,11.32633230902096,498.50132105902225,-375.12449872661244,494.73185962158914,14.091840553527899,414.8038525726748,5.69827348505725,-94.31412486994822,-470.74318562273123,-212.17493284427673,-438.69149829204446,491.82853133397975,-116.51080078102682,-10.23463665627651,-498.0000457908609,62.09184708527699,454.7232717531505,13.952397967247478,172.12812412353773,-196.35210923487858,405.56714335824495,335.0435640524653,30.944370366403504,457.5788961130483,-24.640399396792535,213.81750017557113,172.6779483524962,-322.2239899388877,107.14134397793383,441.60600925348564,-224.496392399983,483.30368785056106,195.9847850059494,286.6888738973096,-70.08144606378842,-499.99999998302843,443.86944252357273,-112.18384650919397,36.32532642111024,178.60692548374354,240.18929946932835,59.55536414939102,24.94454717462041,-16.33985760315986,5.094230116531859,-140.88141542820426,165.4876652373889,2.561022335327852,83.51280616905629,499.96715459776317,-235.67784541479767,185.11790257017068,356.005433142417,342.5505787680991,-134.48406170441007,24.097211411190663,69.07151815218678,430.1881352433735,406.46610280901785,390.7869466334111,494.38209565705694,147.0988042462616,68.10221989517403,-68.38029440667692,-101.0345318005897,-2.3541159223792145,124.48678809594942,-50.59827514592825,104.45749397785067,-121.83102954824383,41.87695907526485,13.721017565021034,150.96775994908558,347.21323563889354,147.5865504696617,-82.58814152037104,499.98545223106544,499.99999999998676,-5.828121917392592,-23.646924534733092,232.1014631197339,-11.097472642867222,-148.1313188501668,78.5826777125181,-183.51008866972816,-34.759748040199376,70.90949727769133,349.31281387907205,85.43934104145605,149.67728238685785,-8.505405950253664,-215.52734032190222,104.674467511456,-461.8457594043329,205.06384307021506,73.33820533865551,-180.55179440993678,-497.9531242730353,-492.4822680898017,-113.47698942840651,-21.901775639188454,-233.39063276917284,-3.563148251100152,129.9265708620051,142.58744121879545,-1.1114033129591443,-212.28371986198206,-6.513569045402216,47.22917356047468,-286.43571093530494,-182.32807436830817,381.53566178039875,71.80756708461874,133.08817768370602,-13.06874905120406,-204.03585576158764,-179.41331005477127,16.0781606188806,5.473351068295067,111.58150907171941,-74.1174861999805,296.64992077487034,-86.46065626123456,252.93968744945138,65.11560166222395,-45.05577293471984,-496.41548826708794,-7.930866559036076e-07,-5.798833798838709,-78.29023270846396,155.15131637613504,-47.03522393202061,-84.52542814314656,44.8562223115413,-41.17179341871196,158.1991681041189,110.03653383905504,-79.16155727215202,86.18783450860698,-28.22174529890987,3.834220866113642,-154.73830182207666,-226.11199430338903,-1.587839182549352,-50.84885475163067,13.965556166572005,-272.97759676940495,65.41649429922155,-76.18541983367575,74.7366858249118,46.100393679609425,-306.02728360643613,472.6774513074551,-17.314530653378522,-372.72083526857324,75.32115568281453,-0.007788933026683716,-450.94754651572055,91.69149952473823,386.06790808436625,-7.930866559036076e-07,-466.06368353259296,-117.93630261203673,323.7614374395735,-153.32686938036727,435.5353419238901,-499.9031905844531,-499.9503121273017,-0.675926460258298,34.820459239486105,-225.66535906856234,70.51571934590146,-350.8425092201184,-499.99998211470535,7.1969096340372865,9.011049088890468,227.08221820350937,-494.88415070170123,-156.0297502358086,-272.82269139637066
324,-2.964661689475179e-07,499.9999999980462,499.89305440054875,108.26168374584907,8.261683797362782,-4.449575499165803e-07,-78.47091734806367,143.89156619988316,-251.35107131705593,23.678088662536616,-30.2695211702606,162.6221667681822,359.8392870773384,-155.00839835170083,-36.472184995062136,175.51187710896747,367.69372993445035,499.9999985611947,-52.1353774735614,-494.91686432255216,223.49742097912787,-129.49531813691948,-45.30709036298678,-16.55745284626931,-267.5483625019756,-109.01289631337615,247.76669836330547,108.45040367397752,-379.39722432519494,183.8860151119183,0.05358935369657211,110.62934928842924,-100.1676754779463,-499.9534345668752,-30.59289811808383,-78.68630674836655,76.59582739484344,-283.52153332704853,-209.5665584776444,0.7943373785999559,-84.12606117964081,112.6142794121582,-314.4449899257451,-405.12816112455175,-373.3469648810226,-142.41804014137196,5.5397855047568685,-3.0347743671130756,73.32218646573592,332.3921432932199,293.15119006252957,-213.040262263381,355.42828983535964,-251.38012845498275,-83.65744511467818,18.947876219343073,201.28867602278666,135.49264813956086,-15.026143218592857,484.63645853931473,-475.88904612710036,-172.55027166870775,-128.66898379131231,312.0017380654514,-204.63519112149882,413.198531461853,-77.6773777982374,-184.77597540973346,-464.89748850690484,-51.96539918178106,383.7146145636755,-130.31666076248695,499.9950563002274,-424.4678281424665,362.2645597428371,-410.57162975145934,217.85738175777243,472.2010196817785,463.54396809636114,-126.76466273156161,42.76484485172193,359.16633137219475,-37.83403281081954,207.13374005625732,-107.11544029963456,-301.72998442805863,-168.80728557184935,259.72477765816257,-190.4013138808778,-350.34057897097915,-40.67021872753389,-81.61887827393721,-159.33101155062624,-138.4034149377872,-111.23500886506167,-293.35591022499113,78.24248219535788,341.08961412972934,389.9349451165081,11.343638950002221,498.5033734804901,-375.09072043926585,494.93705354695476,14.168635506908139,414.64538389444385,6.15869019042595,-94.27691080183244,-470.6731506238681,-212.9146250569654,-438.71176126745485,492.1069341938833,-116.20722983382751,-10.329693565420463,-498.01270263418786,62.01684502501519,454.8982173616276,12.926313038570873,173.32352000569273,-195.92580728388737,405.6237274129959,335.4175217242018,29.65945410628072,457.6195007431676,-24.580275209421057,213.19005214975832,174.67393451545246,-322.55024545078993,108.31052892734854,441.8923170635226,-222.1611810061134,483.30324397060554,196.79865547974617,286.9642593926951,-70.07507168484072,-499.9999999830295,443.9613004886601,-112.35658381065535,36.19773748505929,179.34617125748568,240.83036431043644,59.88203670480212,24.93223013437906,-13.88577907115664,5.3193637089906085,-141.32045749474628,167.50160622907705,2.5503558516169282,83.48809758182954,499.9668353831879,-236.74776132088545,185.72177900002927,354.4964521273898,343.56353835633706,-134.26397255719243,23.86182535282343,68.54129573039157,429.2993832257113,406.6634054758714,389.8682716617742,494.33472767989423,152.0014757077201,68.87987987500044,-69.0025504837184,-104.94917875960687,-1.4583554793830282,123.27526291963792,-55.15957440642825,106.02967924827003,-125.4030374865251,40.69362692996997,14.14449867485839,147.9847699962139,348.3800043644873,149.17429168552076,-83.70188710325498,499.98513601905745,499.9999999999865,-4.86111384472678,-23.00270771335142,234.28688222544542,-11.303949143221296,-149.12308355241646,77.29982460871472,-182.07489706001843,-33.680934088629236,68.95147199551045,350.06003483683025,85.8585857245109,151.94855143963366,-10.639014676601692,-214.6281994352991,104.49907122077252,-461.6878992893769,206.51738314102366,74.43983459233272,-180.49428587323015,-497.93160186497323,-492.4560701478998,-113.39196847649863,-20.915187600755456,-232.4516558862713,-3.319285248460827,131.39940076345982,144.266470180256,-1.842169259618897,-211.2385557530074,-6.491230563792585,46.94815737438839,-286.44161327733656,-185.04866983522223,380.85437503209823,71.99373307387167,133.71132836918346,-13.042177910255685,-204.04689261542512,-178.47934129914256,16.195164376710096,5.616170430458774,112.71189413042681,-74.36649449426537,297.0161718728676,-86.2353871669058,253.10985915552482,65.63934375003606,-45.68612826411387,-495.69481221796025,-7.419366738758981e-07,-5.7965849596735,-78.46522206863808,155.2685547908473,-47.13835860573937,-84.96330530547436,45.21856140616033,-41.069526139642,159.41559845548187,111.28867817315236,-80.00917698220833,86.1340388241904,-27.813703606409806,4.51369398242919,-155.03466018693956,-226.38386044341632,-1.5871943061481326,-50.54269390230903,13.094536863966427,-273.59003262298796,65.65250339365177,-75.78851641369927,72.59880041210415,46.915242541099296,-306.0510368378407,472.78051892360367,-17.468466765634997,-372.9028134014367,74.62543713639327,0.17091955819110155,-450.925476097206,91.87905418443229,386.05170740801987,-7.419366738758981e-07,-465.9072879351744,-118.43928512957066,323.75588265371425,-149.85694575739174,435.60140223990487,-499.900237121701,-499.95031109108805,-0.7317323804458762,35.231828224263275,-219.84008290389366,70.32825903902105,-349.02628416884994,-499.9999821147141,7.203080261324162,9.990468923391804,222.62016390706236,-494.7831388744449,-155.927899720921,-272.5259802578596
325,-2.7734495233744383e-07,499.9999999994586,499.88253659245163,108.34652412878374,-9.879005629073784,-4.162575351074338e-07,-79.11912350791471,144.2937146159606,-255.0031786142463,26.402557984977236,-29.18318237395557,161.98658584535474,359.37086147372696,-152.8516488333633,-37.65731164455688,174.7970846210401,367.71518406294604,499.99999935201936,-52.33852360138674,-494.9423447008862,226.87800677141908,-251.27640997403617,-45.07240230970005,-19.992744835701842,-267.25178229492883,-108.10146185389033,247.60840248404764,112.5777966210758,-379.5799988991656,186.10411814106067,0.0403782813459546,111.01400790757103,-99.93138000337927,-499.9534345408672,-31.54317857128286,-82.04833820975011,78.40906071035022,-283.5346145636929,-209.07485156149443,1.062798974514148,-85.03507501524534,113.17675578123713,-314.4353575273687,-405.49854828496024,-372.82175378386927,-141.4806415240431,6.011932753368405,-2.972048650126679,73.12697912649298,332.0814616071825,293.9618330775473,-212.74718149646188,355.39202031982956,-251.12780799109717,-83.47614435973642,18.98383637447446,200.78907948474603,134.82430951674513,-15.023386543107035,484.5911466452738,-475.89716105423696,-171.56711527295596,-127.85440796038853,317.75155531696873,-204.97171373191347,413.06403749320043,-77.89077867790992,-183.24388559125595,-464.89362653448114,-50.74054251431957,383.81881719849116,-130.23346014249645,499.9950483487554,-424.53990654379714,363.00821419006604,-410.63466282538843,217.9164736656859,472.25959405663457,463.620463597112,-127.04148248167895,42.73040348327231,359.1870549929012,-38.67750519552587,209.35987175026324,-106.8908282735086,-301.92275950716845,-168.12129072557536,257.8552916923756,-188.94710537332332,-350.55654185224677,-41.507890882551465,-81.6852180724719,-159.07226485683782,-138.5718370692817,-110.61173968806442,-291.8941671465674,78.88928157832434,341.75573642773236,390.11175499625,11.368566296332647,498.5048138679195,-375.162867587652,495.10484699321324,14.245560498971185,414.477907505016,6.601037126627746,-94.2617176949447,-470.60297203016916,-213.66109852190354,-438.73268641946356,492.36977431941773,-115.93064673096472,-10.379836220681268,-498.02474596458467,61.98085249118151,455.0525344810424,11.863503037338042,174.46759843490457,-195.52163152018366,405.65604754935424,335.7831325315312,28.428263410759794,457.64940935770096,-24.951793069085817,212.57369106826886,176.3581440990117,-322.8805085978959,109.34917036420991,442.1593179194187,-219.90964293982964,483.30299179290614,197.2752428894106,287.20947852202266,-70.06268086123745,-499.99999998303053,444.0479965518543,-112.54507492623526,36.082084815718474,180.06462634164805,241.4135120056372,60.15866426180931,24.92076110120818,-11.387422714910612,5.520791637425381,-141.78458267689885,169.54156572205008,2.541113555951539,83.46025985766752,499.96649767405324,-237.85922576717738,186.29872798869118,352.95025059583077,344.5447554729158,-134.0832977073477,23.567028189775094,68.0006425714569,428.3383756704837,406.7358405629697,388.91611502929044,494.28594487265866,156.76741809442368,69.65226759830304,-69.48528189995285,-108.97123666413884,-0.5914118548714918,122.03645392472374,-59.830872087509164,107.63669554228113,-129.0980326247319,39.489485722078285,14.565387918392368,144.90900607310093,349.5113357521539,150.7396839959731,-84.88530778047469,499.98478632026337,499.9999999999863,-3.8585382399301427,-22.38501285034183,236.39681770165387,-11.512031443776308,-150.14353503895177,75.988955407927,-180.5772479134587,-32.57926158707701,66.94503044754168,350.7392385278795,86.29525096692433,154.18145064363938,-12.77746166041042,-213.75470649877892,104.3377574489147,-461.5339659290721,207.92047979407437,75.55992297349802,-180.45254150186835,-497.9102385568041,-492.43052005549976,-113.30093187283853,-19.784692374503084,-231.49577106356736,-3.03917455557755,132.8311238158885,145.9137962989627,-2.5515110570262687,-210.22298644436816,-6.46668515816345,46.69954875871582,-286.44671000936387,-187.7712590252388,380.1664274552256,72.22302960180333,134.3188535221135,-12.998968441165713,-204.06186380339588,-177.5784979601911,16.32333360891027,5.77285979933772,113.83920186739144,-74.58247206877465,297.3758324934794,-86.0258221676982,253.27789469933688,66.14296543953434,-46.27902208043985,-494.8313836057898,-6.940899766050279e-07,-5.794701049399779,-78.62806128089072,155.3602806826631,-47.22193006209683,-85.42502805871254,45.54444757432356,-40.9390848921305,160.65372795462605,112.59712830269815,-80.80410022807438,86.10190901521611,-27.43164810140763,5.2270932750955765,-155.26131852180959,-226.6472384143846,-1.600621324506685,-50.25669357382906,12.236940272744091,-274.1711175581887,65.87379048478843,-75.3230031723528,70.48593225607422,47.74418196138855,-306.0445275627315,472.88213410213353,-17.604976497450764,-373.10908329876344,73.91326477687868,0.34983246802974755,-450.90555560908126,92.05051204179497,386.01575279661216,-6.940899766050279e-07,-465.65517153150836,-118.92593462255434,323.749803252306,-146.54228303387865,435.6648626434203,-499.89726582001043,-499.95030998915007,-0.7550363851764557,35.687093481350146,-214.04754419219256,70.17351739056055,-347.2159994230841,-499.9999821147224,7.233686358551089,11.005952729614684,218.0116440532951,-494.6835601039278,-155.82888634682837,-272.0643147012936
326,-2.5946064852178097e-07,499.9999999998482,499.87137006336377,107.43732560007841,-25.857044106785885,-3.8941288948990405e-07,-78.98351668025842,144.71815517474522,-255.03432525319624,28.95847001367423,-28.240455237520376,161.25537841483813,358.87664543863156,-147.1652583924742,-36.73061620245041,173.92692389966072,367.5724010327019,499.9999997118472,-52.56914352803207,-494.98710186224645,230.08028746460508,-337.15233109448496,-44.76276832791787,-22.43221840900409,-267.15791726695375,-107.36589849826817,247.45896553132198,116.75952296402313,-379.7370365963837,188.2756978050423,0.037142231327272617,111.46330007833086,-99.75558144186476,-499.95343451559916,-32.22013365482764,-85.02720366217206,80.16736827725195,-283.56467961879747,-208.48806126457575,1.2700783634611275,-85.8674477246925,113.74074234278535,-314.4267308808246,-405.8881125870681,-372.3073000593528,-140.58739625570962,6.372059142665812,-2.87810850069621,72.93988428974669,331.74437557873904,294.75099966484487,-212.3423614197219,355.2907239752675,-250.88389062317816,-83.29423900219194,19.087901945446678,200.30816825365665,134.11191730559196,-15.024204042962992,484.5384766394416,-475.9068449015775,-170.61102644385505,-127.03428826342042,323.1849707371303,-205.31967886097996,412.88560332421935,-78.09462358850928,-180.93689661008165,-464.8897602556052,-49.544139763065786,383.9048762540286,-130.15679071431398,499.99503758193293,-424.617500906334,363.6486389093889,-410.6989351122528,217.85792812353046,472.3108165159164,463.68880292755154,-127.317674367009,42.564816820995354,359.20768108780925,-39.567592807868216,211.47103283142616,-106.67562342183768,-302.05358898042545,-167.46282344057542,255.71808960168602,-187.55993550113317,-350.7753927512258,-42.31735395867148,-81.74764112615001,-158.82092872985447,-138.71706253295983,-110.01924024012652,-290.5573481490896,79.51083666388067,342.33433920331674,390.2880860208489,11.402889934208382,498.50567228530974,-375.3199868817281,495.2427917265506,14.324067375774852,414.3017314488483,7.023491230119388,-94.2743631730294,-470.5334110553814,-214.408088290035,-438.7542174485392,492.61842625814603,-115.67462903296645,-10.414368418705156,-498.0362039189782,61.95626962877693,455.18759483675285,10.774849981172995,175.57403439326808,-195.13503984016364,405.6649758762104,336.14022849254724,27.249220139399064,457.6685691018636,-25.687636204468966,211.972399606465,177.80197846365883,-323.2145326116294,110.28106624607958,442.40884828578834,-217.72781533675777,483.3021507767249,197.4928419162525,287.42862317906895,-70.04688524305868,-499.9999999830315,444.1269346155252,-112.73878789352635,35.9756502585656,180.76461899364867,241.95435296127224,60.40062043879992,24.910168940397114,-8.840564932137438,5.7023021701735175,-142.2652455195254,171.6107092160038,2.5337156783157186,83.44205975598513,499.96614189465885,-239.00029780110577,186.8541604746173,351.3760876827106,345.4913417911916,-133.93149407777454,23.226797983830576,67.47444225233987,427.32090236573873,406.70831908270134,387.93415004915755,494.2358385982991,161.38800703453919,70.41769253703785,-69.80361612078273,-113.0939300214298,0.24616031064153782,120.78134525828087,-64.5914120554828,109.28433940410255,-132.9000633114172,38.270248460897136,14.987939054335977,141.7346471263802,350.6023889931691,152.28364978831237,-86.1401746151794,499.9844063144649,499.9999999999861,-2.819624625778792,-21.789399620058816,238.42191748990408,-11.718167282918342,-151.19509043334318,74.65987795084175,-179.03560744782723,-31.46009550096557,64.89284612068568,351.3440744321527,86.7510670724217,156.37098649477068,-14.925823803586736,-212.91271021570753,104.19705988039753,-461.3836279088903,209.26662107330725,76.69263454681358,-180.42921211478316,-497.8890525479185,-492.40559856921624,-113.20336652851468,-18.525097621225715,-230.52680064184526,-2.7198389620498116,134.21700932578548,147.52599961063183,-3.233064127553213,-209.23706177956123,-6.439237634480203,46.49169375316491,-286.45077644170146,-190.49166201012835,379.4728251615527,72.50642288334352,134.9081445643266,-12.936272393586153,-204.08101770249144,-176.7112692791058,16.45992972874233,5.9437475298901825,114.95823854378088,-74.76423761022514,297.7252278531549,-85.83080434008363,253.44136076326583,66.6275629823471,-46.8416961015818,-493.8024150730566,-6.493210094049572e-07,-5.792374124854977,-78.7819511831361,155.42565159070531,-47.2895073552473,-85.91057269490264,45.83683176310011,-40.784610989421715,161.91167881137645,113.9604286497139,-81.53777813074643,86.0939762145562,-27.0734063159351,5.975621157313614,-155.42018041005252,-226.90056378238947,-1.6205798380046308,-49.98564867608672,11.40084812113898,-274.7202197156637,66.09307202188005,-74.78965016264844,68.4108290150521,48.58328969390013,-306.00577959193924,472.98284325649223,-17.725261592354602,-373.3393250114921,73.1929408739488,0.544216999495935,-450.8866904712436,92.21643086985792,385.9658647741262,-6.493210094049572e-07,-465.2947800913821,-119.40412230977293,323.74371670430247,-143.3729965198527,435.7260512856347,-499.89431765787805,-499.95030881378415,-0.7529532368530777,36.20610253520705,-208.2996259542191,70.04858454098992,-345.42409088239503,-499.99998211473047,7.29119890084996,12.057720615034595,213.2564653355078,-494.58597983557655,-155.73079027935427,-271.4183129937806
327,-2.427259460091591e-07,499.9999999999569,499.8595613771347,105.6824135288076,-40.03457667936671,-3.6429628380574286e-07,-78.26019862835093,145.18723065093508,-253.01154991457682,31.37866134119757,-27.419330397265544,160.4702469134334,358.3871589548517,-139.59356777260288,-34.676084748149236,172.97275062576966,367.30709758582026,499.99999987322695,-52.770507559723335,-495.047465911002,233.1652381801948,-393.7529385187275,-44.458067315776965,-24.144261340746546,-267.21635910570853,-106.76707247133116,247.32355881469226,120.9301194976133,-379.7994250291695,190.4051084855787,0.038156141904947705,111.96839945107219,-99.62740182895477,-499.95343449105115,-32.57514577910364,-87.61515051098598,81.86154057180585,-283.6078996733438,-207.68023964549062,1.4292918122211575,-86.66977586600181,114.29831910956118,-314.4221965410079,-406.2894770445098,-371.80642053447104,-139.73531855523524,6.643974252332861,-2.756687024127566,72.76055146674769,331.39150886496066,295.5154129797359,-211.90906109194933,355.14677107008646,-250.64920342037817,-83.11073907960558,19.240653177799324,199.84515752801735,133.37580830207375,-15.01411070485328,484.4791287815535,-475.9177012812192,-169.68713153235325,-126.21033411247676,328.31720733979523,-205.67234737914916,412.67287382323946,-78.27984676568492,-178.46744853625594,-464.88589965860587,-48.372807039621286,383.9740288440143,-130.0856889912891,499.99502438883707,-424.7006120796499,364.20566063443914,-410.764393338598,217.71152047834536,472.3546384550973,463.74961474094135,-127.59217761507047,42.30347289802454,359.2281741201716,-40.50639585348617,213.46808896905466,-106.47016766627307,-302.165367555543,-166.82939306811843,253.38461036483463,-186.23041452299793,-350.99728386098616,-43.100917970719024,-81.80869331823664,-158.57789036606806,-138.84759766757676,-109.46426851710032,-289.3284328560514,80.10107190097813,342.83435054627506,390.4637309428278,11.445210093864917,498.5060211270026,-375.5408970537494,495.3574349636929,14.400923210074074,414.11583622556356,7.420298590590134,-94.315999293796,-470.4650157603032,-215.15211806881976,-438.77637056756987,492.8538648217573,-115.43697909877588,-10.432993543029584,-498.0471043226793,61.94464190311402,455.3056654863326,9.667077303348096,176.64405966147285,-194.7609595016362,405.65284261329396,336.4870455431005,26.120633753248025,457.67782097691423,-26.71037128439611,211.38358574543386,179.05714703115143,-323.5533600922408,111.12619082253133,442.64261929643874,-215.61596444718194,483.3002410884947,197.5136732831773,287.62573951930545,-70.02870731471288,-499.99999998303247,444.1966062789054,-112.93998688376172,35.87649068766649,181.4376224836745,242.46023323285002,60.61218220072792,24.899022722659122,-6.245046319824,5.8674387461379425,-142.75528726753737,173.71099848685648,2.5272418454942978,83.42923596488075,499.96576699522495,-240.16087276963432,187.3855949488622,349.7802569831103,346.39858228189473,-133.79822328780804,22.853947548478057,66.96332677057434,426.26351516579075,406.60811729845716,386.9244319437908,494.18441206564904,165.86518718807744,71.17728223012153,-70.02490490793586,-117.31125757876431,1.0479694685560046,119.51084604856392,-69.42879601869664,110.96702421530753,-136.79521412487773,37.0390207323705,15.407736678625144,138.45054232223274,351.6472745531565,153.8014210003679,-87.46891103137617,499.98400107476886,499.9999999999859,-1.7480556829179357,-21.2167982501757,240.35250887649673,-11.922063869386292,-152.28005469648886,73.31055952424565,-177.46827040912495,-30.335315687946814,62.78170347329468,351.86580554222263,87.22480687017905,158.5089026331546,-17.09370627551487,-212.1095156737347,104.06715703530448,-461.23656839816164,210.54694228288477,77.82241767864562,-180.4268983907926,-497.86808155681126,-492.3812703726088,-113.10055287698016,-17.16313030031802,-229.54899118638096,-2.3714092129384965,135.54803620789613,149.09196396443997,-3.894405357166264,-208.2819507583802,-6.409461831017488,46.31158622444058,-286.4544077140207,-193.20701761426648,378.7741572924395,72.83370439301935,135.47129775880975,-12.865979329592536,-204.10463809635235,-175.8794804204306,16.591512687730287,6.119394630683338,116.05886614616328,-74.92516880531838,298.0589411650108,-85.6510680418753,253.59521002778524,67.09392242561842,-47.391249981748174,-492.58383654781613,-6.074478733353317e-07,-5.793564687566659,-78.93928707437284,155.45964661022856,-47.35545697844788,-86.41961776496454,46.095445492360554,-40.62319993860076,163.1845533745165,115.37184727007725,-82.21280433360582,86.09571480461774,-26.73850982878536,6.742289866935896,-155.52154899383004,-227.14327403463201,-1.648665793151124,-49.729931103859094,10.586088746344684,-275.2368360499525,66.3132680668773,-74.19950910458488,66.37558282143817,49.423954735330945,-305.93435640686664,473.08286171981916,-17.840420478508694,-373.59354025200184,72.46433747540225,0.7688612732577489,-450.868136389675,92.38150738046879,385.90820713539074,-6.074478733353317e-07,-464.8139115081091,-119.88467496120869,323.7376782292157,-140.33692035788278,435.78512844525744,-499.89144127097217,-499.95030755854,-0.7398731945430842,36.7998681814651,-202.61169630708866,69.94515111590574,-343.6635512734814,-499.99998211473815,7.372204758010972,13.140099156071976,208.35571330533946,-494.4911778727962,-155.63302371445292,-270.57370324194613
328,-2.2707172320224347e-07,499.9999999999876,499.8471274079875,103.24396657541615,-52.97659230739369,-3.408022166695446e-07,-77.31827455460488,145.6417964878089,-250.13154444602804,33.66468436975921,-26.712565467202907,159.6515238151685,357.9094713566327,-131.41812464273303,-32.48302648898245,171.9521483974966,366.9430367462224,499.99999994472836,-53.00684513547473,-495.1195280708805,236.14468461219144,-430.00077145750413,-44.19614710868328,-25.574892089281285,-267.3864835037111,-106.27882702598842,247.19979869205181,125.02226422342474,-379.85705955451056,192.48684600313484,0.02811428842771633,112.50600177325242,-99.53767116846595,-499.953434467204,-32.90245315271109,-89.91696138262189,83.48667611846201,-283.66097824326573,-206.83042019644378,1.5459031165292443,-87.4543125850042,114.84210528555617,-314.42283417853156,-406.69648385290805,-371.3215783969687,-138.92150247585803,6.8449968126416705,-2.6120938727705076,72.58864715305505,331.0315380376064,296.25386135002174,-211.47904484818739,354.97573512625803,-250.4247706667409,-82.927072787122,19.424863613168895,199.3992951744599,132.6286357062011,-15.007099890514024,484.41344208702833,-475.9293805463284,-168.78969518056496,-125.38740150449979,333.16301552749275,-206.02671424808733,412.4348073439398,-78.4594440129465,-176.01746589586176,-464.88205264872744,-47.2240173341463,384.02825648539266,-130.01993903809822,499.995009004516,-424.7897865759572,364.6964873967681,-410.83122879068003,217.50120548394003,472.3915130463842,463.8036617659912,-127.86774239622545,41.9744569140834,359.2485030422886,-41.5014472771103,215.35258280399148,-106.27667065274602,-302.2734395074996,-166.21899429119398,250.9104335773954,-184.95153665934697,-351.22324571811896,-43.86027761781402,-81.87061816707252,-158.3461960590829,-138.97685232264385,-108.95078189288364,-288.1893857932594,80.65545563255773,343.2654589121895,390.6384504557567,11.493718399872256,498.5059496229263,-375.8084207635622,495.45404959669304,14.472815331287228,413.91761772643207,7.787051413801175,-94.38456674951541,-470.39819290090276,-215.89109421573633,-438.7992609850931,493.0767082944998,-115.21777117234379,-10.445029137208008,-498.05747250084545,61.93881612017464,455.4091945261021,8.545110046499552,177.67519661726496,-194.39303599718977,405.62261919459195,336.82283033198746,25.040799765835352,457.6784985962185,-27.947543417140942,210.80369682616006,180.16686119451367,-323.89936091958924,111.89839240749706,442.8618798093744,-213.5763405311086,483.29711809349624,197.387422113721,287.80418798721115,-70.0095217278329,-499.99999998303343,444.25673624584243,-113.15169797212609,35.782621578728126,182.07267516640968,242.93408096670743,60.79367444542545,24.885613295047218,-3.6055694059613774,6.019648950803366,-143.2483213263229,175.83733687028123,2.5205004352930076,83.41204932251287,499.9653701777612,-241.33309724759184,187.88806031117022,348.1669713292146,347.2626021192189,-133.6745501683434,22.458844337162663,66.45557350089155,425.1795708020787,406.4563934529647,385.8879223342505,494.1315639301196,170.1969924234917,71.92906278767703,-70.23002726642665,-121.61435845437455,1.807492352784386,118.22284748429922,-74.33057768687395,112.67562914216519,-140.76852900273653,35.79751237119167,15.81563790987073,135.04603313508503,352.64191266332676,155.2854037715557,-88.87347792658394,499.98357605998825,499.9999999999857,-0.6498185399588463,-20.669789091315813,242.1829403617467,-12.1245402679198,-153.39924287118848,71.93519049011377,-175.89202520219092,-29.218183409774802,60.59721325620594,352.2972397459238,87.71417781518701,160.58972227772384,-19.29260808464991,-211.35289516360388,103.93575759436625,-461.09220821163854,211.75468043760927,78.93498872874085,-180.4471315733573,-497.84734908727603,-492.35747804380276,-112.99428095894274,-15.728163901472632,-228.56577078481575,-2.0050797880337057,136.81666079747882,150.60235181226108,-4.546269116661527,-207.35855254793054,-6.378803285955512,46.14474754594128,-286.45865785453515,-195.91456372060966,378.07089685404014,73.18966178849941,136.00161142609696,-12.799509852584034,-204.13252571324225,-175.08376980795603,16.706525963772258,6.291214510942459,117.13282401768575,-75.07853658813428,298.37523909301893,-85.4872512891895,253.73762012325878,67.54154430278568,-47.94254397597602,-491.1503228952556,-5.682668415829538e-07,-5.802138801679742,-79.11174779599051,155.45880154344945,-47.43443059076566,-86.95034336642588,46.3199373631808,-40.47224377751233,164.4689746942659,116.82509417467821,-82.83380837768057,86.09091456873021,-26.426523744894865,7.510599612054891,-155.57386524509207,-227.37428870165348,-1.6893629940771833,-49.49361170480954,9.791738514293149,-275.718829925716,66.53295262990265,-73.56231274137822,64.3848396375589,50.25752567468773,-305.8300797791752,473.18231803868895,-17.964058928250907,-373.87050815328496,71.72519721279288,1.035461494245748,-450.8496292734537,92.54621924202891,385.8479814468924,-5.682668415829538e-07,-464.19801190933066,-120.37384495754671,323.73157020910395,-137.42248482516615,435.8421482309905,-499.8886757556593,-499.9503062179135,-0.7268492038175162,37.474094098702075,-196.990338358118,69.85309634592564,-341.9448855040829,-499.99998211474554,7.470247153820494,14.248237356095089,203.31658710253407,-494.3997488971125,-155.5355398266519,-269.51658791620173
329,-2.124288585036993e-07,499.9999999999964,499.8340924868184,100.28177734429964,-65.02145602533972,-3.1882518669590354e-07,-76.34412280209939,146.0469183016056,-246.9878141351711,35.826512455645265,-26.103047261041787,158.81554553926068,357.43947404589744,-123.20377030763126,-30.251233189953986,170.8790603460255,366.50492749048937,499.9999999760843,-53.28737996146203,-495.19963378897194,239.00709583929483,-453.09721348615994,-43.97698271002601,-26.79908528296226,-267.6350337315983,-105.87712981095682,247.08572522532526,129.02329002706406,-379.8991697462154,194.51489002891205,0.002101002085043005,113.06104713993132,-99.47764669496405,-499.95343444403863,-33.13479117474334,-92.03133634854744,85.04556649095004,-283.72119473315513,-205.9702277409643,1.6262476272263355,-88.2206010940643,115.36815000889885,-314.4282181486752,-407.10390875764676,-370.85382246985654,-138.14290771692598,6.991055930028849,-2.4415840841186043,72.42385433724611,330.67140964076486,296.96582599393633,-211.06180102900188,354.78576517735604,-250.21005344416275,-82.74495720697081,19.63739117079546,198.9699054940959,131.87627895953884,-15.002647472254328,484.34233830304595,-475.9415855453105,-167.92239611682206,-124.56894954916763,337.7386041880119,-206.37921996067752,412.17936309015334,-78.63354619023987,-173.62337117708844,-464.8782254289525,-46.09571104662824,384.06973166850395,-129.95920568464405,499.9949916478084,-424.8861316024573,365.13566390440246,-410.899884933835,217.248717895387,472.4222543916105,463.8516546248845,-128.14442405287846,41.6012305418311,359.26864219196415,-42.56472907345211,217.12986594042908,-106.09601576259239,-302.3803510335267,-165.6299216795806,248.3440354423103,-183.71797005831218,-351.45505284112403,-44.5961905413967,-81.93473774514487,-158.12685220430944,-139.10838278312212,-108.47490131058593,-287.1246619499346,81.17557390422695,343.6390825504348,390.8120009744266,11.548962926858152,498.5055433099452,-376.10796387012596,495.53676108935815,14.540144892460521,413.7030526938168,8.125025913408466,-94.47423105774376,-470.33315057945447,-216.6222189343932,-438.82309664255257,493.28746308625085,-115.01502821438032,-10.450741846715921,-498.0673298031678,61.93943763383221,455.5004015455517,7.414226500569919,178.66699306094154,-194.0243051856595,405.5772274627789,337.14715347550515,24.008153350341587,457.67200519314645,-29.33325180784511,210.23417388545704,181.17300615057377,-324.25585549222995,112.61105993680465,443.0674841450398,-211.60338905487043,483.2928479179259,197.159773833375,287.9668667129253,-69.98914657919326,-499.9999999830343,444.3077381654977,-113.37075836659687,35.6940598774536,182.66764794923247,243.38124493217785,60.95059913871805,24.86859825010624,-0.9167663033247094,6.164496734643914,-143.73780844341573,177.99333965001006,2.512630580631917,83.39019376225559,499.96494702730723,-242.51035470310075,188.3622673739442,346.5399589266054,348.08338809426874,-133.5526341688285,22.05066317181484,65.9494343344902,424.0814334068822,406.2687391089499,384.8257980984121,494.0771069336155,174.3889655128928,72.67836962990623,-70.44555221017833,-125.98980517954594,2.524849150170877,116.92424550301732,-79.27638819122272,114.41142683905943,-144.8002769043254,34.55412486373544,16.208073498684442,131.52145305669484,353.5863693058878,156.73692166231322,-90.35379469616531,499.98313654667953,499.99999999998545,0.4783877559039383,-20.148435650144535,243.9145874821444,-12.324807333242264,-154.55194546856526,70.53712886726383,-174.3211968265996,-28.114255028700157,58.33682239986061,352.63601445148925,88.21799465585632,162.61572327544178,-21.53018414509523,-210.65045302085065,103.80010340125234,-460.94960670244734,212.88992322972587,80.02523971015158,-180.49062502611628,-497.82683288745255,-492.33412431907175,-112.88541204236678,-14.239564145175247,-227.57987400118745,-1.623127133601952,138.02300170914424,152.05586968232234,-5.190683609788378,-206.46647841057393,-6.3486375027378035,45.98733039733939,-286.46431537507607,-198.6110394474619,377.36372836586014,73.56922924600934,136.4991467974578,-12.739485801352801,-204.16400006136016,-174.32266108009912,16.801613701360637,6.458433624385587,118.17911761766622,-75.22859545556074,298.6775744570861,-85.33817851808016,253.8721130572344,67.96953397081738,-48.50196580167729,-489.4751516440609,-5.31617843080312e-07,-5.817054585844036,-79.30344439111492,155.42629135375392,-47.53268309825564,-87.49988316677009,46.51283613568207,-40.34020698130366,165.76752019148165,118.31973506492847,-83.39788421374058,86.07343690794461,-26.135632801062602,8.274939889636698,-155.57891434533332,-227.59163083386923,-1.7416647835460222,-49.27667679190204,9.024053566689446,-276.16335985258877,66.75504948572457,-72.87960916819719,62.45121938285491,51.082076978304485,-305.69225309376156,473.28200011030793,-18.10171685329512,-374.16745263241694,70.97899290451369,1.352804064003195,-450.83109987484164,92.71171564132409,385.7893561546347,-5.31617843080312e-07,-463.4296038782948,-120.87274368955103,323.7253366352493,-134.6194909987563,435.8971518098306,-499.8860460610819,-499.95030478651984,-0.717749904508363,38.235918985130205,-191.42905329191228,69.76672936374018,-340.27343955830804,-499.99998211475264,7.584532996040431,15.38689838509955,198.15221437116455,-494.3118780238806,-155.43673637238223,-268.22821047255695
330,-1.9872459233738482e-07,499.9999999999989,499.8204872687015,96.94356336819482,-76.32402490711728,-2.982669684570282e-07,-75.39088413772134,146.40012019581786,-243.75914238046536,37.88141407232556,-25.57132078995883,157.97813360292136,356.9747159171292,-115.09410810423549,-28.001294625680565,169.76937241372866,366.0183314784273,499.99999998971685,-53.61222717350213,-495.28465294120826,241.74403296697545,-467.93314389943214,-43.78679284874038,-27.895455255988306,-267.9363385084392,-105.54356263610774,246.9821697088278,132.918513980714,-379.9299691449133,196.48653724283673,-0.035661507766247144,113.6254846545074,-99.4392970719399,-499.95343442153666,-33.309938041673156,-94.00984445962591,86.54493141007676,-283.7859771565456,-205.11571095851826,1.6781218430771752,-88.96345698942615,115.87772199263581,-314.436663718002,-407.5074311188254,-370.40263384480573,-137.39538122187923,7.095097712401737,-2.2407053907683947,72.26587061698837,330.31649688838297,297.6518190352317,-210.65660477440147,354.581887717497,-250.00301880547838,-82.56513434764638,19.88096897904183,198.55623712896065,131.1195524097845,-14.998767110369696,484.2670788665429,-475.9540562798628,-167.08251872962802,-123.75683903624964,342.06170437975817,-206.72596903354602,411.9133929304749,-78.80068896616504,-171.2872139318926,-464.87442312107896,-44.98671958035782,384.1005547538524,-129.902670258643,499.9949726041874,-424.9911972034641,365.53527057126104,-410.9710158188846,216.97272243393064,472.44791073614454,463.89420049460716,-128.42109165685284,41.202541514457366,359.28857053253176,-43.71139064298262,218.80775480613656,-105.92685132274708,-302.4850469428659,-165.06080194878382,245.72528634971732,-182.525148174355,-351.69504631750755,-45.30967667335534,-82.00206893694721,-157.9186000594881,-139.24165264914262,-108.02949241184699,-286.1216332619219,81.66546300863774,343.9668046985564,390.98414998540704,11.611893259573643,498.5048790200326,-376.427278327359,495.60876557632355,14.603993946572995,413.46700540796644,8.437760824788432,-94.5779869549459,-470.27004788337376,-217.3429031274443,-438.8481583755164,493.4866955759607,-114.82534990480538,-10.448468099844904,-498.07669309107933,61.94858631818057,455.58120296464097,6.278788678378177,179.6221726541548,-193.6486412077309,405.5193241506692,337.46006929402387,23.0213960291581,457.659665143791,-30.810070680753093,209.67798159054104,182.11123000296456,-324.6268125329242,113.27664862141462,443.25995017553595,-209.6858176031623,483.2876596376949,196.8687471095802,288.11619300242984,-69.9675492790049,-499.99999998303514,444.35058751707265,-113.59269284806699,35.61058387056653,183.22516921370234,243.80803250625908,61.089940395438525,24.84664315561692,1.830687005345005,6.3081376698220915,-144.21782734095177,180.18589362796607,2.502730777874101,83.36735097263143,499.9644917128883,-243.6874077040658,188.81217882098807,344.9022344405262,348.863436031105,-133.42604375119942,21.63726317178939,65.44793434849946,422.9798868145501,406.05718561203,383.7393664878347,494.02078892701866,178.4492592705992,73.43292694254158,-70.67453409183128,-130.42331374950194,3.2038404912461695,115.62513365121366,-84.24451404189776,116.17962478460873,-148.87044278660494,33.318776002189814,16.586436123864644,127.88279838529628,354.4831232333061,158.16049533780605,-91.90921712083386,499.9826872332682,499.9999999999853,1.6428018133804885,-19.650272757084288,245.55316178233113,-12.520792311831157,-155.7370583166272,69.12313416413171,-172.76815262900675,-27.027313741688143,56.00298516479919,352.8828841038648,88.73614530955082,164.59325212367966,-23.812489506180274,-210.0100360665627,103.6608532949366,-460.8077031734236,213.95646430076008,81.09052509447685,-180.55791830872346,-497.80647631143836,-492.3110719671865,-112.77372462294545,-12.711160145466865,-226.59405730450703,-1.2253729135481646,139.1711344428187,153.45496438569478,-5.825909118631283,-205.6048808217362,-6.319662482504679,45.83901959367258,-286.4714658323798,-201.293476575525,376.6535241066821,73.97280579993716,136.9666976501341,-12.685856385972748,-204.1982227170499,-173.59401354807244,16.875727307781546,6.623071304517974,119.19953717905302,-75.37704335616705,298.970168766651,-85.20206335619562,254.00296072518208,68.37822731372741,-49.07409622938319,-487.53017226264,-4.973262548446655e-07,-5.834245105498374,-79.51598535467717,155.36798566813388,-47.654338849628516,-88.06516403283578,46.67759158082756,-40.23320570783453,167.0848515072492,119.85691074164836,-83.90025445490903,86.04102855433857,-25.86354785315305,9.033234682920705,-155.53758735285507,-227.7934136068982,-1.802457361109628,-49.07722653491795,8.291069631084273,-276.568285038756,66.98454611210683,-72.1515852208195,60.58746811776805,51.89970991087649,-305.52049401524425,473.38326505783607,-18.256049358033106,-374.4814497481896,70.23103384542797,1.7270925013325782,-450.812288708922,92.88092754981909,385.7355857050478,-4.973262548446655e-07,-462.49019661997556,-121.38275849406294,323.7189412825198,-131.91826333468163,435.9501928520445,-499.8835692952388,-499.9503032586784,-0.7154188235963463,39.09417252059067,-185.91587975715132,69.68291537255409,-338.65072260331414,-499.9999821147595,7.718642941189856,16.565399964253434,192.8784655840438,-494.2275273736255,-155.3341213911287,-266.68802350372164
331,-1.859116309788078e-07,499.99999999999966,499.80634729337714,93.35888936923976,-86.95371835486044,-2.790293365251273e-07,-74.46616688564626,146.7171846383858,-240.5068261193061,39.84945448119545,-25.100032268868738,157.15377153158272,356.5161135443712,-107.13147423474484,-25.777434680638343,168.64634655851177,365.50543804777993,499.9999999956013,-53.967741973848746,-495.372042149748,244.36295959176272,-477.6056536354734,-43.61190359549536,-28.891564591962602,-268.27070812063306,-105.26356192865725,246.89168310950956,136.70409485411864,-379.9571448500556,198.40220577395493,-0.07914114338592855,114.19626542671926,-99.41562551595312,-499.95343439968013,-33.443545312636715,-95.87305600153442,87.99282538672344,-283.8528730400367,-204.2743796064512,1.709244933791009,-89.67604055868522,116.37129703753939,-314.44659421317016,-407.90362427602275,-369.9664983675584,-136.67432307301047,7.16745806614131,-2.0071414453564853,72.11440604642937,329.97072422406706,298.3118866691318,-210.26152267924326,354.36854191411777,-249.80155127396856,-82.38748738738354,20.157229321048902,198.15741136344943,130.35552143027078,-14.993697747377956,484.1888132780943,-475.96658300573955,-166.26683947982818,-122.95177585376179,346.1498447255311,-207.06349907573878,411.64256391419593,-78.95888080154383,-169.00457710237873,-464.8706506772732,-43.89699807942515,384.12257167258963,-129.84933088065122,499.9949521984044,-425.10683708169074,365.90496988234366,-411.045426948855,216.6878593414496,472.4695687771276,463.9317673637151,-128.69629450656538,40.7922631863746,359.3082688455933,-44.95849772329993,220.39443013517294,-105.76705962632573,-302.5861604019948,-164.5107038783022,243.085603776433,-181.3694330766276,-351.9459364770668,-46.002429494211704,-82.07369629476351,-157.7194466225303,-139.37517477486773,-107.60754438063458,-285.17007973115517,82.12917372681906,344.25934334601857,391.15468157325625,11.682555273956767,498.50402228906387,-376.7564219954065,495.6724997712909,14.664190188437694,413.2035789774949,8.72871096058472,-94.68936589522092,-470.2090298039641,-218.05121374985168,-438.8747765423524,493.6750303575876,-114.64528548190556,-10.436868697676763,-498.0855743460713,61.96771902923432,455.653162460953,5.141299996535839,180.54308347454372,-193.26113637786935,405.4511148003627,337.7615850251204,22.079580453149404,457.642628676893,-32.330680129372396,209.13772133698376,183.0084303073871,-325.01655214165226,113.90572638051842,443.43946989455645,-207.8122309544471,483.28183461159523,196.54305222408777,288.253971036852,-69.94464213979909,-499.99999998303593,444.38656476800634,-113.81375879563737,35.53221921026717,183.74931949938474,244.22018493583542,61.21761967445622,24.818256616870716,4.644044151700116,6.456075693446219,-144.68385916588846,182.42052551472494,2.4896679062098785,83.34791851792609,499.9639972472112,-244.86079984495194,189.24257748912174,343.25531443660594,349.60625975076925,-133.29002244701752,21.2246356571063,64.95596865388174,421.8837529392281,405.8311841290455,382.6297351744342,493.96230434921875,182.38457482647877,74.19851355811907,-70.91378238422325,-134.90066476733827,3.849370850304481,114.33411725355444,-89.21499104119852,117.98358368757921,-152.96076248658332,32.09972972550732,16.95412056058388,124.13653087957883,355.3355945337333,159.55930932792353,-93.53896164310906,499.9822321863165,499.9999999999851,2.847705345346822,-19.172105710112554,247.10643016388715,-12.71016530065602,-156.95320337699115,67.69844556062822,-171.24351527910196,-25.963678796781743,53.59759556887056,353.03989641660723,89.26869727251183,166.52999607829287,-26.146546340703885,-209.4397786847092,103.51710440634041,-460.66556611933186,214.95924187950925,82.126199783685,-180.64948430978995,-497.78621437944986,-492.28817042422344,-112.65857615802739,-11.155984363166079,-225.61126349838779,-0.8137592208501039,140.26629326011744,154.802521588222,-6.4510527256107135,-204.77295664404946,-6.292109025648742,45.69747340468514,-286.4797491594193,-203.9595612082011,375.9412404739092,74.40080891777964,137.40691215518342,-12.640272773851173,-204.2343449886221,-172.8957306444541,16.926199892321005,6.78628180292497,120.19558070440924,-75.52753885678791,299.254712881862,-85.07730259621849,254.13165536426712,68.7691247273896,-49.66562000512516,-485.28564132060876,-4.65253833681345e-07,-5.850560798614106,-79.75228996093222,155.28961397543276,-47.80561288582284,-88.64318054607325,46.817479596378476,-40.15957225455334,168.4249321744075,121.43640469824142,-84.33872470423901,85.99029575097767,-25.60801696171517,9.781183255611502,-155.45355726129245,-227.97821921190814,-1.8684957375336393,-48.8934653405955,7.598403496860286,-276.93251518984,67.22652234852508,-71.38125844688241,58.80207217059539,52.71283312165854,-305.31507406316916,473.4876495738733,-18.43090903954437,-374.81012607343115,69.48633180727697,2.1622211603554162,-450.79279361988245,93.05767213439368,385.68908583132367,-4.65253833681345e-07,-461.3613574092481,-121.90781996773815,323.71227125909826,-129.30978736010732,436.0013087719025,-499.8812599491687,-499.95030162877936,-0.7253115260776966,40.05783150485018,-180.43942831721563,69.59813835294196,-337.0761190278972,-499.9999821147661,7.8760822796600465,17.79108302312023,187.5121661729839,-494.1466150042583,-155.22524032322846,-264.8786520412958
332,-1.7392085283063355e-07,499.9999999999999,499.7917110387059,89.63489436833838,-96.95594715244268,-2.6103589334525173e-07,-73.56241401270186,147.0163829531111,-237.25243057563867,41.74732224491117,-24.678134358027872,156.3534518985835,356.06662946641796,-99.32860143831857,-23.545568592161814,167.5313138732821,364.983144844694,499.9999999981262,-54.332999701175446,-495.4598338826877,246.87611408259806,-484.0267301059461,-43.44253384062256,-29.78507964928199,-268.6236837191811,-105.02826327556981,246.81633960674932,140.38540125023528,-379.97527777554706,200.26311818586998,-0.12310932702635835,114.77199063417864,-99.40121036151656,-499.95343437845156,-33.52505851977753,-97.63000262938827,89.39857016348462,-283.91990882646303,-203.44020640524352,1.7257977287232462,-90.35799624214594,116.84875452933451,-314.4570700765235,-408.29003717558595,-369.54334117106913,-135.97820115353068,7.215547970925915,-1.7406446878056907,71.96918288882634,329.6365755891633,298.9459390384986,-209.87670619953852,354.1499263612605,-249.60407904285725,-82.21184281082455,20.466089442082,197.77243473086432,129.57834207700952,-14.986074480878585,484.10841167438133,-475.9790184717732,-165.4768966975685,-122.15426485951934,350.01931438689945,-207.3893030029674,411.3712052059717,-79.10761242676911,-166.7750961155413,-464.8669128877531,-42.82755952586205,384.1372684893136,-129.7983292055461,499.99493074281935,-425.23506816495916,366.25192619603894,-411.1240152651009,216.4042832563284,472.48826198312287,463.96466416014243,-128.96894751748857,40.379370280363474,359.327719067815,-46.32388767675172,221.89729295018373,-105.61464415875541,-302.6827668297513,-163.979003909365,240.44855228342746,-180.24843376814857,-352.2106124406338,-46.67652639566001,-82.15065829012131,-157.5274551993992,-139.5073732005561,-107.20373972244464,-284.2620397528858,82.57063316042124,344.52658236651473,391.32339280730446,11.760016570984567,498.50302517952963,-377.0877688768588,495.7297644497709,14.719364102758286,412.90645636747735,9.0011145882647,-94.80356250304746,-470.15026147554244,-218.74583504627432,-438.90330765712287,493.8530875209641,-114.47213158268974,-10.41558863484505,-498.09398024149016,61.997219082520026,455.7174494302235,4.002460373692158,181.43183396637676,-192.85766639420882,405.37423406147,338.0517578219602,21.18218015857538,457.6218172486953,-33.85892623337582,208.61513864573107,183.88274909870782,-325.4294598791662,114.5063567796854,443.60592006003367,-205.97426291982939,483.2756459050061,196.2022144869559,288.3813038151789,-69.92023666945171,-499.99999998303673,444.4170516673559,-114.03100222410424,35.45920948105131,184.24452112315458,244.62211377160432,61.33795863803617,24.78196044451054,7.528441624156219,6.612863607228951,-145.13306227251994,184.70099533331856,2.4722189887725254,83.3357926025329,499.963455795553,-246.02915057126523,189.65808239030812,341.59877590013895,350.3158794247714,-133.14146669785848,20.816642501684115,64.47784145850748,420.7997189385956,405.59784854162666,381.49752042744336,493.9013085277343,186.20013711846505,74.9790466757322,-71.15790225453198,-139.40778626223798,4.466708211969483,113.05765762306433,-94.170279528589,119.82469184456123,-157.05503151411327,30.90336452189349,17.314568543901522,120.28775348028532,356.1478655874345,160.93478516679426,-95.24203027312463,499.98177481206733,499.99999999998494,4.095497309245266,-18.711007178025636,248.58385248210163,-12.891202043366691,-158.19864544850196,66.26565337249562,-169.75622062660912,-24.93171275282759,51.12116831682081,353.109881943909,89.81509568396227,168.43466084315997,-28.541632756508303,-208.9477402626158,103.36594119716554,-460.5224521884212,215.9039486676337,83.1260710099933,-180.76553564742744,-497.7659877696719,-492.26527980811545,-112.5395254449934,-9.587465685643307,-224.63441227430928,-0.3923707579532056,141.3144544193469,156.10157943200468,-7.066936044402483,-203.96991839042823,-6.266091068820388,45.558080631452704,-286.4887231128432,-206.60744401492357,375.22789227084144,74.85236673652112,137.82213420206014,-12.605991044811242,-204.27147670435596,-172.22565517133697,16.9489684352154,6.948265532419598,121.16835570989481,-75.68564458342969,299.53060514290377,-84.9626364308147,254.25706555062388,69.14421410847675,-50.284697855521365,-482.7095209193435,-4.3525506043806667e-07,-5.865363734840623,-80.016338246141,155.19642990668711,-47.994749281596455,-89.23093921831845,46.93534241253263,-40.12984613122068,169.79074708400785,123.05649498480207,-84.71428471182224,85.91637412907237,-25.367003916861172,10.512519569858052,-155.33310460472927,-228.14510419276513,-1.9371178866044338,-48.72443331698201,6.948851690192222,-277.2557586247967,67.4850764409911,-70.574080820894,57.09995698286721,53.522875512231394,-305.07694026690416,473.59660437992505,-18.63199742084474,-375.15146424619206,68.74896235948499,2.6599806725829374,-450.77222668615735,93.24525188314242,385.6514302019474,-4.3525506043806667e-07,-460.0244822971539,-122.45333967435037,323.7051069048066,-126.78623739380743,436.0504987936682,-499.87912988758757,-499.9502998916406,-0.7548773377049278,41.134092738680735,-174.98894089949255,69.50726183386928,-335.54737652280267,-499.9999821147724,8.057618213942733,19.067064655355903,182.07099760824877,-494.0690463560075,-155.10801801442574,-262.78804611905935
333,-1.627013261895627e-07,499.99999999999994,499.77661845016075,85.85647129783891,-106.36505581654721,-2.442029654048383e-07,-72.67111930428771,147.3106849225392,-234.00556446450003,43.587438798302045,-24.299298290813176,155.5849910518108,355.62922844053395,-91.69249099699653,-21.31982037458609,166.4404466745312,364.462875932718,499.9999999992044,-54.69210313840199,-495.546557323158,249.2973847416545,-488.37229803695084,-43.27357391545342,-30.580766612645274,-268.9849616697113,-104.83237982050099,246.7574598120296,143.9659393967827,-379.98597801967105,202.07079632008904,-0.16430527631819944,115.35150742107426,-99.39213144109793,-499.9534343578337,-33.557801818267706,-99.28353594048103,90.77378020791737,-283.98570818939515,-202.61236274342622,1.7314680367310815,-91.00899134476937,117.30849869441113,-314.4673607885848,-408.6650610811412,-369.1304946502577,-135.30560208673694,7.2437038935747555,-1.4424953889236414,71.82993419494606,329.3153449820838,299.5532747719117,-209.50199605732124,353.929393879962,-249.4092876865204,-82.0380844660212,20.80601420293648,197.40022633723618,128.7803262933528,-14.97447445147394,484.0264400883938,-475.9912733962609,-164.7126299514944,-121.3649191445989,353.68482889175004,-207.70212538044896,411.1024010806507,-79.24619478207164,-164.59752371723633,-464.86321495172723,-41.78016356451866,384.1457171769759,-129.7490129738283,499.9949084953515,-425.3779371132229,366.58109104896033,-411.2077081631696,216.12842036551902,472.5049366929179,463.9930365948181,-129.23846856723677,39.968893391461926,359.3469022685289,-47.82503824247334,223.32309120198462,-105.46811171588683,-302.7744257027313,-163.4654515748234,237.83139316890967,-179.16009207201947,-352.49195000906735,-47.333998536038926,-82.2335690841918,-157.34116131080773,-139.63721259783512,-106.814255897714,-283.39141258967817,82.99437464879065,344.7779150711633,391.49008561463614,11.842779208993134,498.5019257417926,-377.4157029470638,495.78187266114077,14.76743438356689,412.5692277292022,9.25867680518928,-94.91696257876936,-470.09392777094376,-219.4260177865792,-438.93411142779206,494.02146290502105,-114.30395075254249,-10.383930253011188,-498.1019119213156,62.037477176426506,455.7748421947652,2.8615955511278695,182.28902908802982,-192.43427661953754,405.28972030712987,338.33029840881596,20.329147548502593,457.59789394907096,-35.36868455584334,208.11143324395354,184.74555108433182,-325.86970767109517,115.08450009658911,443.7589321368811,-204.1674345117609,483.2693150626858,195.85870303299967,288.4986967130234,-69.89438944945992,-499.99999998303747,444.44340293963535,-114.24240242697033,35.39143244721301,184.71570722317423,245.01686703712033,61.453945071510404,24.736631654953907,10.486252006005332,6.782502697240026,-145.56370619423856,187.02823713362739,2.449404612004654,83.33391362363794,499.9628590169341,-247.19282430432153,190.06338294754624,339.93058970177054,350.99730005311795,-132.9784556579425,20.415410902629905,64.0162884696529,419.7326161189803,405.36216198074345,380.3429165452465,493.83744086212636,189.89899670841896,75.77631578928319,-71.40349054369838,-143.93024739339214,5.061929005642213,111.79982038950767,-99.09566612349253,121.70209420505554,-161.13916448521124,29.73400991436928,17.671669999541653,116.3410635649729,356.9252470163074,162.28637840222754,-97.01670896693764,499.9813179438216,499.9999999999847,5.386302506917297,-18.264555078251338,249.9975357127588,-13.062917141239557,-159.47089880936724,64.8249909022934,-168.3134724038241,-23.94157892629761,48.57361509023833,353.09717593671576,90.37414283003896,170.31782398571633,-31.008555402406138,-208.5413310505781,103.2029253788704,-460.37769231888086,216.79785231125246,84.08331519491858,-180.9058348767905,-497.7457380296671,-492.24227728723014,-112.41643444021884,-8.01898980420081,-223.66616634336538,0.03315491884274736,142.3230748280187,157.3561626188025,-7.675617656331216,-203.19489206326455,-6.241750909963776,45.414648958351265,-286.49803741837854,-209.23538679921325,374.51461909367475,75.32543848369443,138.21510896720113,-12.58716745637267,-204.30863943325895,-171.5813760949725,16.93946055707089,7.108966958922888,122.11947314928082,-75.85813881967555,299.7970138980519,-84.85695913422408,254.37756647086246,69.50552321744831,-50.94009683091753,-479.76591158418927,-4.0718441596254706e-07,-5.879101141453533,-80.31260488496507,155.09401418534054,-48.231072687058244,-89.82542923446039,47.033688978537526,-40.15569283116072,171.18550669303986,124.71506214620611,-85.0302208911692,85.81338014800076,-25.138654861899532,11.21966572808762,-155.18393587625064,-228.29346701962044,-2.006342196321886,-48.57013014873848,6.343382171683741,-277.5382271659423,67.76323602942763,-69.73697874366907,55.48408499142287,54.33132265483294,-304.80754836000983,473.7114971026978,-18.86609346024008,-375.50341886368676,68.02206114925184,3.2205166472773255,-450.7502520371851,93.4463288455516,385.62349501683553,-4.0718441596254706e-07,-458.45998836423064,-123.02485239348019,323.6971739082857,-124.34110602320243,436.0977327300425,-499.8771854502021,-499.9502980429657,-0.812137759862786,42.32846002525367,-169.55230558492013,69.40422016786427,-334.0599821396628,-499.99998211477845,8.261952548069884,20.394127045629638,176.57366607564364,-493.99464126380985,-154.9804191440721,-260.40846397476275
334,-1.5220939530991018e-07,500.0,499.7611100306443,82.08932855761326,-115.21616998904985,-2.284505171701312e-07,-71.7810260996232,147.608346721213,-230.76143332277658,45.37827487689235,-23.9612162453671,154.8535826577737,355.2064606035915,-84.21893524792459,-19.111078401674636,165.38441212971813,363.952253627529,499.999999999663,-55.03331809446104,-495.63113992135715,251.63757459327073,-491.3707722715572,-43.102494309094915,-31.297203784647106,-269.34710574952754,-104.67393529386841,246.71541013834604,147.44227476979407,-379.9905757453853,203.82630018161646,-0.20091388074785527,115.93329208166466,-99.38558912600897,-499.95343433781005,-33.55691551112489,-100.83605700900677,92.13296537442821,-284.0494227690335,-201.79299680224534,1.7281135180723213,-91.6287167105873,117.74909995387944,-314.4768572830148,-409.0277327137415,-368.72452857108357,-134.65485470577647,7.254146843811685,-1.1144718402631868,71.69640414153841,329.0074659602126,300.1332665376043,-209.13663187985776,353.70936638976514,-249.21600329124317,-81.86636336640437,21.175043025889053,197.03964394788036,127.95294099014565,-14.958129329439643,483.94322484017795,-476.003303889883,-163.971952182527,-120.58464685151544,357.1598171330608,-208.0015232588031,410.83820478025416,-79.3744606467812,-162.47038708601463,-464.8595620171876,-40.75700744981414,384.14859522787987,-129.70091406470593,499.994885646297,-425.53738757826045,366.89566630020903,-411.2974056621897,215.86405410675684,472.5204937239163,464.01688765126335,-129.50473874832397,39.56312243901632,359.3657993899964,-49.478037296653106,224.67833566304228,-105.32617667659602,-302.86072172002486,-162.9698929534588,235.2472970822405,-178.1026027689953,-352.79263785520124,-47.97657627742112,-82.3224714524004,-157.1592566764174,-139.76389045000332,-106.43612054651871,-282.5535777790149,83.40614635284504,345.0228021708957,391.6545573693386,11.929333415921393,498.50074913593147,-377.73604631272866,495.82979303970035,14.806326906624518,412.1856820839104,9.506163184892058,-95.02671024537933,-470.0402289381308,-220.09132054230164,-438.9675290961116,494.1807073735845,-114.139332307333,-10.341786735601532,-498.10936535205235,62.08831775213748,455.8257709322376,1.7170761254142255,183.11512594442254,-191.98687665224347,405.19805047037954,338.5968464867794,19.52094010893139,457.57127327894307,-36.8412828036415,207.6278400534212,185.6038372347782,-326.3410149096836,115.64467499298121,443.8979721361195,-202.3902087255689,483.26302007363216,195.52050136360089,288.60620295514764,-69.86721106414805,-499.99999998303815,444.4669105903511,-114.44614469005434,35.32872840960343,185.16889123404627,245.40659574878984,61.56796432129919,24.68166232701085,13.518481677846053,6.9689226027634605,-145.97477600303256,189.401813021735,2.4206538733931233,83.34477594558037,499.9621983790044,-248.3537175520197,190.46374395846857,338.2474293575363,351.65678021637785,-132.79986742585692,20.021762038548513,63.57274860367377,418.6859592990282,405.12747446151405,379.16579143319416,493.7703449733195,193.48341423661444,76.59125859032633,-71.64772656856667,-148.45310045765444,5.642586765591747,110.56335186092541,-103.97879734943956,123.61405462369113,-165.20077321226677,28.594928742475208,18.030283113198177,112.30135035623468,357.6745607180604,163.6128632841616,-98.86010904369078,499.9808639538336,499.9999999999846,6.719413646174421,-17.83044474560526,251.36261215099807,-13.224950048373936,-160.76664437753882,63.375349943784315,-166.92073800440716,-23.003719374923094,45.95545018854305,353.00808791768844,90.94414180482703,172.1924254313646,-33.55873565634975,-208.22665444885467,103.02324912892855,-460.2305931477642,217.65036259783133,84.99192770158365,-181.06959895234166,-497.72539756665884,-492.21904808309256,-112.28939946623949,-6.463222129428682,-222.70875595463767,0.4569123699225489,143.30167049114354,158.5719980625701,-8.279446940250633,-202.4467962048288,-6.2192068208927,45.26067278528613,-286.50742389516785,-211.8415686011647,373.80271959187553,75.81771316633808,138.58968928495642,-12.58777965465087,-204.34472638485872,-170.96004188487285,16.89368164258327,7.2689558504068055,123.05185392960607,-76.05182370828186,300.0540713550091,-84.75909889632952,254.4922739534577,69.85496822907747,-51.63991609649575,-476.41243793650597,-3.8092548493295903e-07,-5.891960993933132,-80.64503116969757,154.98895004343157,-48.52372269990244,-90.42363779345035,47.114921235969454,-40.2485579209524,172.61339721667946,126.41050532420462,-85.29098230228307,85.67561706026649,-24.921210011085062,11.895087046350483,-155.01395850521425,-228.42294512988656,-2.074455583290869,-48.43091720279377,5.782286765761444,-277.7804974268076,68.06330850868112,-68.87709330432614,53.95677614495282,55.14064398316664,-304.50871034685383,473.8336729950945,-19.13993373470156,-375.863636287019,67.30830640906682,3.8426911806670425,-450.7266054290263,93.66287782948626,385.6056259863619,-3.8092548493295903e-07,-456.64660855031735,-123.62697179542221,323.6882038512331,-121.9690633018547,436.1429720154437,-499.8754248396338,-499.95029607950414,-0.9043102460696163,43.64462319658808,-164.11336649761543,69.2829578284524,-332.60649039798494,-499.9999821147843,8.487023924647037,21.772696838093747,171.03987895399595,-493.92305701103805,-154.84021341857775,-257.734879928463
335,-1.4239049050956964e-07,500.0,499.74522659291,78.38458641480067,-123.54081302151396,-2.1371670300140977e-07,-70.88708930840107,147.91698172511204,-227.52366133850614,47.127406617837494,-23.664711646617768,154.16310521400155,354.7997582768266,-76.91029446817026,-16.910334335941986,164.37425337266689,363.45643768556556,499.9999999998575,-55.34533220933345,-495.7128054542833,253.90738723312128,-493.4791660981771,-42.92870653178752,-31.931048086333362,-269.70459096763267,-104.55349327491604,246.69011626152502,150.81918100291276,-379.9884038322379,205.53050525044887,-0.23231664360178672,116.51601966505268,-99.37949789699367,-499.9534343183641,-33.517627795543525,-102.29102466259545,93.49356364361013,-284.110517442938,-200.97825026229694,1.7160623649093047,-92.21807011935398,118.16828961543352,-314.48521203677376,-409.3774772860333,-368.32114568236017,-134.0252357901571,7.247103261968378,-0.7584827043480881,71.56834616513866,328.71287364090307,300.6850384027808,-208.7808551751047,353.49144890946417,-249.02325188253212,-81.69697243213307,21.570968106349238,196.68950482878026,127.08779435812231,-14.936071625644674,483.8589133479979,-476.0150986404952,-163.25542497736802,-119.8144330713353,360.45669550761886,-208.28775590249637,410.5799537607598,-79.49211919468169,-160.39323635573726,-464.8559588426596,-39.760456356701,384.1462375437058,-129.6536638187102,499.99486232229873,-425.7151424437139,367.19768710654034,-411.393928095902,215.6135071652782,472.5358200717116,464.03610529910037,-129.76781468681548,39.162877920731354,359.38439249657813,-51.296665611205185,225.96978581635835,-105.18762100172181,-302.9414648621478,-162.49230059671464,232.70726003908848,-177.07465684304398,-353.11502561231225,-48.60564459524422,-82.41686650299143,-156.980488735682,-139.88668713812362,-106.06685844823852,-281.74487911565694,83.81312103803366,345.27101943471513,391.8165941552846,12.018482896090774,498.4995099250478,-378.0454811403125,495.8742788444214,14.834269806821839,411.7500666615709,9.749614049469812,-95.13037312415827,-469.98936098128445,-220.74159356769982,-439.00386413530424,494.3313271421025,-113.97707942757879,-10.289225763099218,-498.11633215415554,62.1494283227635,455.87038660188625,0.5665898313411768,183.9101655398731,-191.51118373801796,405.0992116787131,338.8510735295858,18.758499457155086,457.5421469660691,-38.26268763157777,207.16606773032885,186.46234224370528,-326.84644404486,116.19071029818728,444.022434669881,-200.64291529742053,483.25690471421245,195.19339241496763,288.7036085341395,-69.83882207331466,-499.9999999830389,444.4888216785526,-114.64059839522339,35.270991035611644,185.61155561906386,245.79306506251191,61.682244655302284,24.616980948202343,16.624969861456886,7.1762915542401045,-146.36558596945557,191.82059184371016,2.385837439069762,83.37088354577952,499.9614654301271,-249.51490296053893,190.86539045808897,336.54497833198207,352.302028251998,-132.60502391993836,19.63569518698204,63.148209515517365,417.6624970373444,404.89603237028246,377.96586682956473,493.6996857664547,196.95549241896848,77.42435799829468,-71.88832218120521,-152.9609854097681,6.218018275204455,109.35012452240326,-108.80968222665314,125.55833100059424,-169.22915167209595,27.488676085652692,18.39713214148747,108.17461811356186,358.4042813973542,164.9129415585678,-100.76776636681583,499.9804148979258,499.9999999999844,8.093722157133664,-17.406163484157222,252.69726418723693,-13.377338600160709,-162.08162760662054,61.915056668032804,-165.5817002410965,-22.12832757490256,43.26843832580736,352.85120551503263,91.52318317037268,174.07386923004407,-36.20304921546349,-208.00787297995842,102.82231431237258,-460.08039422982915,218.4732894812793,85.84727836846112,-181.2554856676955,-497.7048820010198,-492.1954765184057,-112.15861709117178,-4.93162477416975,-221.76387485867548,0.873266119376434,144.262052497699,159.7567944262701,-8.880475461877275,-201.724263235096,-6.19850164021202,45.0898530567152,-286.5166664266342,-214.42402681936306,373.093632924596,76.32713718128034,138.95110710385683,-12.611257497954696,-204.37850179526893,-170.3583075569208,16.808573229252197,7.429746182943694,123.97006500808459,-76.27304751110631,300.30286712708994,-84.66771269525579,254.60106730910914,70.19443503148196,-52.39118397818305,-472.5964991077498,-3.563618520274758e-07,-5.903319464640497,-81.0167172533107,154.88912965053825,-48.88094615757715,-91.02263007050675,47.18149316546219,-40.41889298948891,174.07998383752414,128.14223842773487,-85.50144658459755,85.49809357831462,-24.712900482234236,12.531654080604289,-154.8307454402579,-228.53335528105433,-2.13963124078576,-48.307085304431574,5.265772411306034,-277.9835045330364,68.38738631350644,-68.0013205521894,52.52005618965057,55.9549439933767,-304.18247461975756,473.96450033317905,-19.459324134077875,-376.2294417763821,66.61028585699239,4.524412502553088,-450.70108376050877,93.89660098220625,385.59782671570105,-3.563618520274758e-07,-454.560996624568,-124.26314722247805,323.67797373020784,-119.66562571456096,436.18618625232097,-499.87383704131787,-499.9502939991184,-1.0373734234482197,45.08512750795779,-158.65130788749875,69.13821262363373,-331.1762084841256,-499.99998211478993,8.73111929396268,23.20403184353547,165.4899887715159,-493.85374333677896,-154.68479412716823,-254.7639265939432
336,-1.3320823200047016e-07,500.0,499.7290094456678,74.78347949501844,-131.3696656746164,-1.9993240130133927e-07,-69.98258870198704,148.24265734827657,-224.29552889375077,48.84147155974827,-23.41255288838091,153.51673394252578,354.4099254587436,-69.76868370473102,-14.714948034297324,163.41943537140006,362.9793893445981,499.9999999999398,-55.617277954940405,-495.79098450056824,256.11652839841884,-494.9887053615185,-42.75243375562407,-32.483412188515146,-270.0529274076963,-104.47347324036015,246.68119791616866,154.1000317118839,-379.97907778730723,207.18409204265743,-0.25861430801259566,117.09814449683189,-99.37218767190141,-499.9534342994802,-33.43763928076013,-103.65143730853559,94.87532146512497,-284.16872212289917,-200.1653542311081,1.6945316035872475,-92.77785254521118,118.56378938309005,-314.49201746051864,-409.7139279803042,-367.91518731115383,-133.41582613760966,7.221453646689383,-0.3767655675928407,71.44552008466536,328.43127667707023,301.2077051812645,-208.43448335825687,353.2765715012767,-248.83001878528097,-81.5303076569432,21.991214168351405,196.34859352883606,126.17738616213153,-14.907206011102984,483.7735407677709,-476.0266659434372,-162.5623267691838,-119.05542352038333,363.587141015782,-208.56158613657735,410.32854143190065,-79.59879708666443,-158.3650752234375,-464.8524099446171,-38.792848366385364,384.13871229698015,-129.60694024867735,499.99483859654265,-425.9126028066111,367.4884945654807,-411.4979704489833,215.3784092857311,472.5518142834341,464.05049866348253,-130.02793052957495,38.76835397541179,359.4026645794962,-53.29160388373285,227.2046490534993,-105.05119728455946,-303.0164421400375,-162.03271273505032,230.2214748691441,-176.07492876345685,-353.46099392032465,-49.222344295566415,-82.51588222765173,-156.8035650667978,-140.0049444096363,-105.70414413640817,-280.9622976474329,84.22356507896254,345.5327596710023,391.97596810164936,12.109255247747624,498.4982148928068,-378.34111588796924,495.9159640335512,14.849726648963665,411.2573202666958,9.996054658425601,-95.22566083423375,-469.9415177596168,-221.37686209707948,-439.04336580365253,494.4737901073318,-113.81613307773969,-10.22616243168271,-498.12280069279313,62.220537667653396,455.90864358401575,-0.5927428391105112,184.67397091068773,-191.00282799353124,404.99280433708043,339.0925697771623,18.043190858838592,457.510529074131,-39.62117409721996,206.72796479414492,187.32500897849286,-327.3882360833373,116.72608830914673,444.131725722437,-198.9267726542466,483.2510920715166,194.88248748707943,288.7905796091059,-69.80934388425428,-499.9999999830396,444.5103654928096,-114.82389856386864,35.21809399504113,186.05238912883445,246.1777236857496,61.79885768051281,24.542954313612917,19.804171362991596,7.4088843358118845,-146.73575093242465,194.28226433348715,2.345180413644059,83.41459096220139,499.960652045762,-250.6804539475248,191.2753241144933,334.81805822396984,352.94195042458483,-132.39348658350872,19.256708588580366,62.7431357658531,416.664645283598,404.669468024575,376.7427669228081,493.62516452912786,200.31682106319735,78.27534147801978,-72.12350051033715,-157.43865257265992,6.799079788196576,108.16073039275989,-113.58090035690208,127.53194012673558,-173.21551557563868,26.41678607751482,18.780952554581994,103.96748468249041,359.1242535034924,166.1849340020162,-102.73352696411077,499.9799726513896,499.9999999999843,9.507385423265076,-16.98901142681535,254.02212953714937,-13.520454238807059,-163.41073658020406,60.44146751886767,-164.29832051274718,-21.32531761894572,40.5152291899059,352.6372246471715,92.10926780295311,175.9794053517243,-38.95136752804078,-207.88674713639705,102.59552951334392,-459.9262735000859,219.28039056284075,86.64603502157814,-181.46163639521103,-497.68408993762074,-492.1714403372101,-112.02432674815604,-3.4348419174503864,-220.832639655206,1.2766769942471836,145.21782018270284,160.91983037030494,-9.480713798315001,-201.02569856261897,-6.1795560929679265,44.89594656107433,-286.52555749983463,-216.9807158850626,372.3888847913148,76.85175571709642,139.3056422316547,-12.66063600885144,-204.408631438678,-169.77246955848162,16.681829152222004,7.5935260375052,124.87996271365466,-76.52783784697108,300.54492029568746,-84.58142788421688,254.70404098495797,70.5258857141773,-53.199973085254626,-468.2502590036744,-3.333843778818846e-07,-5.91195653909552,-81.43007275024108,154.8033738612304,-49.31027064094182,-91.61966716013399,47.23569716406652,-40.67627983428747,175.5918400562298,129.91044856004643,-85.66713802300774,85.27634819097453,-24.512075888189568,13.12256627197387,-154.64156175403176,-228.62474942519017,-2.200097422042905,-48.19874091734095,4.793741169254581,-278.14858152306795,68.73726263379626,-67.11646775376828,51.175364600332536,56.779824437522166,-303.83112145371445,474.1053507890389,-19.829425507600185,-376.59798443127613,65.93025850968351,5.262806940460891,-450.6735081110685,94.14896379710609,385.59989518296635,-3.333843778818846e-07,-452.17763291611203,-124.93582036365355,323.6663147885695,-117.42680834787899,436.2273620817216,-499.87240222368854,-499.95029180081696,-1.2162120775522887,46.6512937533221,-153.1413843445909,68.96561495916396,-329.7553554536778,-499.9999821147953,8.993115652584263,24.69010069038405,159.9444606068657,-493.7859550406504,-154.51127020443639,-251.49359928639498
337,-1.2461896403692663e-07,500.0,499.71250093736455,71.3220461639041,-138.73321504535772,-1.870394044090062e-07,-69.059000044773,148.59098494577498,-221.07678989715959,50.526538758557706,-23.20832496235137,152.91732417578726,354.0376228283336,-62.79367571737598,-12.530738745909593,162.52886950568376,362.5248880301731,499.9999999999746,-55.83847835032161,-495.8652366000035,258.2740165998746,-496.0880958521882,-42.57404709270308,-32.96239782977578,-270.38797299741066,-104.43717299059185,246.68796486809313,157.28600736847636,-379.96291807493003,208.78756475675837,-0.2802454559417242,117.67796066271922,-99.36218359744119,-499.95343428114273,-33.32152053249824,-104.91998317116061,96.29949632548414,-284.22394541635754,-199.35410308483026,1.6620726596811854,-93.30904252901907,118.93344012042274,-314.496844515461,-410.0367812973966,-367.5007952406836,-132.82586828347274,7.175258966478317,0.027974788916167087,71.32768438240244,328.16235624765505,301.7004012165946,-208.0971864926431,353.06537724618215,-248.63538443515677,-81.36686183839475,22.432731530724617,196.0156745407098,125.21566074761104,-14.870622625940381,483.68708182377134,-476.0380253367582,-161.89139335512257,-118.30888019223099,366.56224423373914,-208.82412332376785,410.0846605558704,-79.69435962174116,-156.3849341066837,-464.84891970307444,-37.85635176744315,384.12591286892103,-129.56045157771953,499.9948145051367,-426.13076286368454,367.7691538315356,-411.61006397065205,215.16030002296804,472.5693957106107,464.0598372948152,-130.2854759671567,38.379806576804484,359.4205992656445,-55.46978637176237,228.39059677576995,-104.91562645167313,-303.0854237317992,-161.591175878657,227.8003506175645,-175.10213396214556,-353.8318509599838,-49.827687896909765,-82.61848850946522,-156.6271758521232,-140.1180681573801,-105.34567921368482,-280.2031433134468,84.64645371189795,345.8185205529216,392.132441855729,12.200843120259378,498.4968660516827,-378.62015484185446,495.9554351567826,14.85130705281503,410.7032856732107,10.253155034030804,-95.31028817055535,-469.89689328914653,-221.99730776140592,-439.0862154273433,494.608530028115,-113.65552407374399,-10.152618844324993,-498.1287574362546,62.301189926731,455.94038252594635,-1.7642662694708373,185.40634523003234,-190.45748577332938,404.878154053451,339.32088150303167,17.376691033984905,457.4763103352095,-40.90548248902224,206.3153080555217,188.19597973691754,-327.96768576780914,117.25421018025553,444.2253362825029,-197.2431752708029,483.2456962589642,194.59330200600283,288.866788606193,-69.77891378860049,-499.9999999830402,444.5327817967859,-114.99403645325786,35.169892723651756,186.50097051986205,246.56182032592457,61.91976438961303,24.460248585187827,23.052979868538067,7.670899052749238,-147.08524745327225,196.78323138673974,2.299130216182248,83.47808738089432,499.95975066148884,-251.85526109869903,191.70108287662597,333.06069212005855,353.5862983675576,-132.16495376392533,18.884014025112023,62.35768394827423,415.69483974721106,404.44927015654474,375.4960663769335,493.54653059698444,203.56832929855568,79.14301781805607,-72.35177750946947,-161.87135092559873,7.397732533169967,106.99434849546289,-118.28751184610863,129.53104985602977,-177.15299796378676,25.379661066382546,19.19272390727095,99.68661148692713,359.845317136737,167.4266294880147,-104.74941200304913,499.97953903903834,499.99999999998414,10.957705211372284,-16.576146527261805,255.35947852486396,-13.654980706991427,-164.74804421172394,58.950839898627116,-163.0708517073809,-20.604167527913063,37.69893591964965,352.37856765469945,92.70035129630291,177.92740374734328,-41.812230569579185,-207.86232902832074,102.33822274465088,-459.76739061779557,220.08680556349347,87.38612952983607,-181.68571920433672,-497.66290747465683,-492.1468114719241,-111.88682353287705,-1.9830068239592578,-219.91556518866045,1.6616338559865298,146.18378371432064,162.0714858789308,-10.082315445082777,-200.34930850452244,-6.162195299499177,44.67270528731053,-286.53390716690654,-219.50958218577588,371.69000648608903,77.38957967176695,139.6602638391207,-12.738659466284082,-204.4337027542811,-169.1985639368454,16.511736104513552,7.762893950553547,125.7883062029197,-76.82194226722628,300.7815132932376,-84.49894490815852,254.80084580824126,70.85140219845597,-54.07143745074415,-463.2843503030787,-3.1187664717435837e-07,-5.916755737133428,-81.88691638295109,154.7410239376573,-49.81853030717044,-92.21228126647834,47.27954841787905,-41.029398942801954,177.1560950444246,131.7158470223385,-85.7943698948676,85.00635720581268,-24.317260537657816,13.661328095194145,-154.45340095123524,-228.69740834586622,-2.254177007210576,-48.105706746681484,4.365500772915882,-278.2774244223038,69.11442689450735,-66.22933705094721,49.92328321479696,57.621914370873014,-303.4571091104939,474.2575173485826,-20.254877485434903,-376.9663966592966,65.27006234775853,6.0542612258634065,-450.6437192461448,94.42119326866398,385.6115131502294,-3.1187664717435837e-07,-449.4688534509977,-125.64655440285291,323.65309720841725,-115.24885369630657,436.2665004233316,-499.8710932097028,-499.9502894847373,-1.4448254667751241,48.34313723645634,-147.55615105915135,68.76149792676829,-328.3275971570468,-499.99998211480045,9.272074998370757,26.232663822237974,154.42338925294823,-493.71878846785376,-154.31666197763815,-247.92361116426216
338,-1.1657903087325394e-07,500.0,499.6957450206667,68.03469245354205,-145.6606283104088,-1.7497586668469012e-07,-68.10839924664805,148.96862060784645,-217.86744447773455,52.188959069988506,-23.055944693621477,152.3677660093614,353.6835053296649,-55.98506690864702,-10.359277328090855,161.71278384698923,362.09715863571046,499.9999999999893,-55.997530820214735,-495.9351929586068,260.38912047190684,-496.9017137901475,-42.39381857392181,-33.37310974194143,-270.70547452665716,-104.44833046733444,246.70948740519526,160.37936803215328,-379.94014959932844,210.34136613765634,-0.2977963750703838,118.25384174565554,-99.34804169147452,-499.95343426333676,-33.172457658074016,-106.09938274714062,97.78829947716457,-284.2761853392957,-198.54344713509576,1.6169058065310182,-93.81305483778817,119.2749652598014,-314.4993364259803,-410.34569797956715,-367.0715940183188,-132.2550235364293,7.106111175871807,0.4526676066328733,71.21458207943463,327.9058959646709,302.162185787622,-207.76903814201052,352.85853508467926,-248.43879022394438,-81.20718592913822,22.892070468188148,195.6895078399107,124.19838145945329,-14.825372209567384,483.5994823574879,-476.0492025534041,-161.242366570525,-117.57605182995674,369.3925623240851,-209.07676655954262,409.8489824287519,-79.77881755194016,-154.45266015470767,-464.8454923236062,-36.9528421289829,384.1076370022565,-129.513923441602,499.9947900610096,-426.3701478583172,368.040757644957,-411.7305479877243,214.96103774597768,472.58949904883286,464.06388404066115,-130.5409227820937,37.9980337374691,359.43818084244697,-57.833936052088845,229.5357338212522,-104.77963988756093,-303.1482433796112,-161.16774519154302,225.4550796165252,-174.15505690274625,-354.22826047356045,-50.42260301068798,-82.72361347782581,-156.45008598284429,-140.22549927977488,-104.98917356681439,-279.4647965095884,85.0912732409289,346.13883751074707,392.2857781891287,12.292653660672821,498.4954630298765,-378.8796911669345,495.9932765563256,14.837799588289528,410.0848880342267,10.529060772315269,-95.38187738895779,-469.85567929462763,-222.6032658521263,-439.13251634867896,494.7359504626043,-113.4943017871754,-10.068760713212,-498.1341881713048,62.39076351787844,455.9653964930066,-2.9516462960656957,186.10707105936328,-189.87090945138183,404.7544109442811,339.53556155985416,16.76086502863355,457.439304255828,-42.10364034060305,205.92978331553482,189.08016748622313,-328.58506055198376,117.77862170870806,444.30290204059065,-195.59332857190807,483.2408296438551,194.33238775071723,288.93201261105395,-69.74769828992456,-499.9999999830408,444.557331975309,-115.14905441977253,35.12623038923815,186.9676378437451,246.9465492579088,62.04696742933547,24.369756001490057,26.366763842453697,7.966401842727445,-147.41437150829057,199.3188216463604,2.248286237229961,83.5634945090906,499.95875450101954,-253.04478671863058,192.15064058594555,331.2662328461152,354.2454493288307,-131.91916961709003,18.51670729564775,61.992008281959876,414.75576169806413,404.2371027289571,374.2253739147962,493.46359225506234,206.71043773092097,80.0253667931887,-72.57176622238086,-166.24531813769318,8.026819420313927,105.8489147756808,-122.92684489999844,131.5511150446665,-181.03655482051326,24.37668889907823,19.646330095559797,95.33862535447595,360.57906704262285,168.6354305528513,-106.80557250544271,499.97911593763746,499.99999999998397,12.441266366030911,-16.164613895384548,256.7326122552332,-13.781871133197589,-166.08684410947143,57.438603183829436,-161.8978199122613,-19.973591652396866,34.82300848845598,352.089117890397,93.2943939919436,179.93688877127096,-44.792390239290334,-207.9308903041998,102.0458340782584,-459.60290890994344,220.90872267725982,88.06693218491655,-181.92496981971462,-497.64121170098866,-492.1214596506307,-111.74647057932076,-0.585662077754874,-219.01254986003747,2.0228418865506086,147.1756356171678,163.22301934120802,-10.6874805881145,-199.69309687409088,-6.146202892544198,44.41407685991838,-286.5415758247811,-222.00858023695727,370.99847668941703,77.93872970728582,140.0224878177126,-12.847673788203084,-204.45222970060476,-168.63240491299732,16.29724112045195,7.940819621953567,126.70262015139866,-77.1606369036117,301.01356989412955,-84.41904169826452,254.89062019336978,71.1731676850404,-55.00964765478013,-457.579978914728,-2.917659003287554e-07,-5.917008408694001,-82.38839484260455,154.7117850028552,-50.41160224801302,-92.79830917459705,47.314786761004115,-41.48570632619305,178.78027604823228,133.55969303137616,-85.89006086191277,84.68468386088573,-24.127143090516338,14.141935654161239,-154.2727992740064,-228.75178628592985,-2.300213552452895,-48.02739701210428,3.9797737708085217,-278.3720040094038,69.52016625754521,-65.34655433650711,48.76360378574063,58.4886315017207,-303.0629804307885,474.42213196016627,-20.739575288821044,-377.3318607811719,64.63117184839984,6.894437531843761,-450.6115838121665,94.7143330294332,385.63230457663616,-2.917659003287554e-07,-446.40483642248535,-126.39597106963737,323.63821535427616,-113.12805699586241,436.30361054179474,-499.86987679319515,-499.95028705212076,-1.7262920924272256,50.15946608581006,-141.86626233837532,68.52285461146158,-326.87454751365624,-499.9999821148054,9.56693871235275,27.832682897416795,148.94620553948806,-493.65120591197746,-154.09801288911947,-244.05565058328213
339,-1.0906660463660955e-07,500.0,499.67878765534306,64.95633183139144,-152.1804524817178,-1.6369449440389872e-07,-67.12182349313522,149.3833584012466,-214.66684448435367,53.83557869014733,-22.95831952074431,151.8712328498516,353.34836510369865,-49.34208718515053,-8.20182898353843,160.98268330811567,361.70129112831967,499.99999999999545,-56.08190330536195,-496.00051987253954,262.47142741815753,-497.5129345533978,-42.21166332369443,-33.72050538168982,-271.0006875562136,-104.50987679795222,246.7447145669142,163.38178635057702,-379.9109689257094,211.84595581787303,-0.3119056340552015,118.82425767023032,-99.32821570328319,-499.95343424604755,-32.993637040785266,-107.1920780603777,99.36441011373795,-284.3255104563918,-197.73217142455567,1.5572516439589539,-94.29125409631683,119.58617498649357,-314.4991872851842,-410.6402559315242,-366.62080400879364,-131.7032163520132,7.011673820012442,0.8939450147134091,71.10590374426917,327.6618498171467,302.5920939917465,-207.45016909820384,352.6568450469659,-248.2405385732168,-81.05183961582689,23.365458512219895,195.36886096262552,123.12329486740985,-14.770451877042472,483.510679172185,-476.06022471387746,-160.61501161670213,-116.85811067816717,372.0881291801674,-209.3212671680352,409.6222608540754,-79.8524348813072,-152.5685497863251,-464.8421317610914,-36.083808122383964,384.083643940513,-129.46708481758336,499.9947652616792,-426.63077687446224,368.3045984877411,-411.85955167481615,214.78300579331162,472.6130458339432,464.0624202839996,-130.79478288576968,37.62461277428346,359.45539451950907,-60.382317139191336,230.6484911525235,-104.64203228299722,-303.20477621914483,-160.76246386410847,223.1977342214546,-173.2324636350911,-354.65020201006104,-51.00794864471222,-82.83018864331514,-156.27128977288734,-140.32669115329008,-104.63251470541803,-278.74453189617844,85.56781438211141,346.50362933203706,392.43574976825414,12.384332575885136,498.49400469400433,-379.11662597964056,496.03009239188236,14.808208016933206,409.40026857022775,10.832208220951747,-95.43791593932313,-469.8180628366472,-223.19518341503928,-439.18228790203443,494.85642971253196,-113.33152075791084,-9.974843738208524,-498.1390789305993,62.48851799323759,455.98347838873246,-4.158725259857448,186.7759805678233,-189.23889354466593,404.6206327340388,339.7361528263234,16.197664739037577,457.39928220057766,-43.20233878296841,205.57290106257713,189.9835491197578,-329.2395749285826,118.30311629483977,444.36424327825216,-193.97808778411488,483.2366072090522,194.10760787461876,288.9861971874897,-69.71588026044134,-499.9999999830414,444.58528252988106,-115.28718454569443,35.0869334268839,187.46338073687198,247.3331090036874,62.182585309407955,24.272559127460607,29.73939653547704,8.299275318075823,-147.72364647791554,201.88333122716722,2.193368204368838,83.67286634216491,499.9576578023903,-254.25482353808826,192.63229290960348,329.42755288986905,354.9301994936356,-131.65584404269882,18.153899206599178,61.64639681151517,413.85043586217233,404.0349617493097,372.93043320944895,493.3762282853829,209.74311401680873,80.91958833380349,-72.78203970473061,-170.548046998931,8.699928994875146,104.72127221420422,-127.49808381438457,133.58694288024884,-184.86270288452334,23.40634841275926,20.15963833053153,90.93013605435272,361.33760809385893,169.80842685093037,-108.89037995002987,499.9787053438401,499.99999999998386,13.953989520216632,-15.751434521324002,258.1653408695518,-13.902257852132108,-167.41958813969063,55.8995789316811,-160.77600974838913,-19.441319386453053,31.89110963382572,351.78401102039567,93.88944225766969,182.02708825261064,-47.896390463884785,-208.086150751964,101.71404788977715,-459.43198729620053,221.76305256862875,88.68930312680402,-182.17624024420257,-497.6188717146738,-492.095252655508,-111.60366638524185,0.748313530699004,-218.12291783243725,2.35533212084169,148.20962034665584,164.38633160926616,-11.29839674024859,-199.05488400759154,-6.131327130906588,44.114340104866216,-286.548470671761,-224.4756668949426,370.3156967326876,78.4976255627063,140.40022207451406,-12.989560580074963,-204.46265867540646,-168.06964929836056,16.037992213044852,8.130583510036047,127.6310262032578,-77.54860760110466,301.24181203377066,-84.34057539643024,254.97220437357677,71.49343472047435,-56.01750002429769,-450.97890791349647,-2.7295027393847704e-07,-5.912265218215453,-82.93493707423531,154.7255703736688,-51.09426059420482,-93.375920463401,47.34284885851238,-42.05126257614897,180.47215511389857,135.4437663886265,-85.96158345716862,84.30856268642849,-23.94059739421656,14.559005500944805,-154.10566473226527,-228.78847577664973,-2.3365751198618003,-47.9627758941061,3.634784952930969,-278.43449128858776,69.95557969465074,-64.47447132712031,47.69548524808402,59.388090056041285,-302.65130015245865,474.60011637343683,-21.286575721541556,-377.69163108502335,64.0147073197971,7.778261065947349,-450.5769861070814,95.02927706348558,385.6618693804588,-2.7295027393847704e-07,-442.95366345221595,-127.18371080931493,323.6215848282276,-111.06064052652212,436.3387090691822,-499.8687147223544,-499.95028450529577,-2.062692096844839,52.09790226384954,-136.04101329582028,68.24743587108833,-325.3761224785691,-499.99998211481017,9.876581295718154,29.490243602173607,143.5314672311787,-493.5820496899829,-153.8524661631485,-239.89330567029697
340,-1.0203075362369418e-07,500.0,499.6616767614474,62.12251303409675,-158.32091555557417,-1.5313344192691147e-07,-66.08941412359201,149.84416268896297,-211.47397784288202,55.4737392560336,-22.91755083854227,151.43117933588533,353.03313964365975,-42.86362031532566,-6.058846938396622,160.35137466017332,361.3432286277124,499.99999999999807,-56.077920158953795,-496.06091072866235,264.5308640423333,-497.97855380876007,-42.02718999929727,-34.00913623221387,-271.2683865457102,-104.6241315040115,246.79247539534708,166.29470646907154,-379.87553025716437,213.30181560013258,-0.32331130330506164,119.38778421120001,-99.30107331198259,-499.9534342292608,-32.788041873503715,-108.20032242457421,101.05084096307252,-284.3720836147764,-196.91880917608984,1.4812828082708183,-94.74504491576381,119.8649546899161,-314.4961872268741,-410.91995237932156,-366.1412612961015,-131.17079943933686,6.88962127987766,1.3481429674410748,71.0012692692065,327.4303384571175,302.9891161246206,-207.14082859634192,352.4612530020958,-248.04210010869565,-80.90138856705141,23.848802294503415,195.05251027305405,121.99011626900912,-14.70483675536209,483.42060005250744,-476.07112004567546,-160.00924406449153,-116.15614198970705,374.6584483310717,-209.55987353229108,409.4053363840447,-79.91585369933112,-150.73362982242597,-464.8388417146072,-35.25034770855892,384.05366185430955,-129.4196735810066,499.9947400898958,-426.9121693930268,368.5621767861125,-411.9969948331177,214.62911191117672,472.6409248415164,464.05524877686383,-131.0476134835104,37.261900237726394,359.472226451727,-63.10877205055898,231.73754583193494,-104.5017143172344,-303.2549759788027,-160.37536496676518,221.0411665105887,-172.3331298612064,-355.09698026355335,-51.58451981531549,-82.93715709224925,-156.09011649050288,-140.4211263028163,-104.27395236769475,-278.039511122811,86.08610946779329,346.9218615435872,392.5821410638087,12.47575736276405,498.4924893149993,-379.32769177732024,496.06650665628024,14.761741075892933,408.64882128632985,11.171260769337046,-95.47582926699047,-469.7842255652756,-223.77362787842094,-439.2354658266568,494.97032282573343,-113.16626738769585,-9.871260767435077,-498.1434160939595,62.59356115503908,455.994425652535,-5.389498947746744,187.41295553810977,-188.5572543494988,404.475795349193,339.9221850262874,15.689110680771453,457.35597801194615,-44.186945198151264,205.2459831219199,190.9131552565537,-329.9294150677252,118.8317226335062,444.4093656061855,-192.39799609670823,483.233145241865,193.9281220284288,289.0294597430598,-69.68366197358208,-499.99999998304196,444.61789091702434,-115.40698454355127,35.05180773110203,187.99979439354453,247.72269933976852,62.32884202205692,24.169921434356134,33.16325743478933,8.673180623548085,-148.01381672212204,204.47005870548458,2.135207735562987,83.80817651281514,499.95645597630573,-255.4914447144188,193.15459308549583,327.5370594757442,355.651684146372,-131.3746487636912,17.794722628795487,61.321258093726115,412.9822262429298,403.84518095692226,371.61114360276434,493.2843932069692,212.66588731105472,81.82210742784747,-72.98115114777151,-174.7682484806595,9.431345169514778,103.60719538006352,-132.0021680062619,135.6327022966736,-188.62943669200274,22.466228119232618,20.754797908375338,86.46772585107728,362.1334619432925,170.94240335728384,-110.99050715519729,499.9783093742014,499.9999999999837,15.491137342114358,-15.33366291671512,259.6818165414168,-14.01743946641924,-168.73783498548156,54.32801388154609,-159.70043878343114,-19.014076177821973,28.90709178022213,351.47959828956004,94.48363705934305,184.21729446893082,-51.12654972319351,-208.31938517206783,101.3388015315993,-459.25377940844567,222.6673286287979,89.25555972363176,-182.43600481634047,-497.59574871478355,-492.06805636117707,-111.4588416320622,2.0107229972401544,-217.24542766584986,2.6544662095618823,149.3024406823296,165.57389364841313,-11.917241379827859,-198.43231009743363,-6.117283129687756,43.76811365891788,-286.55454543975617,-226.90880035747955,369.64298523895303,79.0650211329062,140.80171635090608,-13.165743970737141,-204.46336963508514,-167.50580810385296,15.734327591286206,8.335746060417534,128.58218741166368,-77.9899428295885,301.4667659108057,-84.26248349115025,255.04415560673954,71.8145013552568,-57.09672041289522,-443.26989227519965,-2.553570084273815e-07,-5.902339041186642,-83.52626499173276,154.79245106999272,-51.87016819157108,-93.94361262985683,47.364867207271644,-42.730722138935036,182.23967897241164,137.37032784990632,-86.01675063670857,83.87589871152015,-23.756681818516643,14.907779160882251,-153.95726835809293,-228.8082000166797,-2.361660159303588,-47.91039190285844,3.3282544047351523,-278.46724400460454,70.42156975077796,-63.61915662606865,46.717444029742666,60.32904490781086,-302.2246476575928,474.79217311876255,-21.89809661000145,-378.0430430679736,63.42143428221324,8.699912613967948,-450.5398286669614,95.36676492798775,385.6997815894222,-2.553570084273815e-07,-439.08167159794954,-128.00845081042817,323.6031408374859,-109.04275439452454,436.37181933319005,-499.86756397080023,-499.95028184768745,-2.4551189339237833,54.1548755821702,-130.04851247422113,67.93374007874998,-323.81057496094166,-499.99998211481477,10.19978447222143,31.204513483958138,138.19677440965953,-493.5100413115156,-153.5772911726761,-235.44225955095445
341,-9.544964996166527e-08,500.0,499.64446337971316,59.57417219671775,-164.11367647758345,-1.4325996744446454e-07,-65.00031016736409,150.36194422857452,-208.29185065788303,57.11189015417641,-22.93487025315538,151.05173389557166,352.7390835595363,-36.550802036542656,-3.9250921464142183,159.83366176816872,361.0302026312226,499.99999999999915,-55.969663600649824,-496.1160199224345,266.5784013934278,-498.33790460922313,-41.839869211065185,-34.23948783285545,-271.50241776746844,-104.79279201176848,246.8516956447794,169.12187573284302,-379.833382316089,214.7096634921973,-0.33315286188804627,119.94330120052241,-99.26483415591295,-499.95343421296246,-32.553266713701056,-109.12653763370102,102.86930420941835,-284.41632146322246,-196.0998553252166,1.387207205677313,-95.1759590053764,120.10931564126119,-314.490597064945,-411.1841509314935,-365.62588805571045,-130.6597223040736,6.7379056102076325,1.8115031282881326,70.90001694138662,327.21170041652476,303.3520536614815,-206.84154601110538,352.27313904880674,-247.84948267369865,-80.75629139185509,24.33788278168736,194.73927058005987,120.80054783442054,-14.627515826096113,483.32919260633287,-476.08190901213027,-159.4252142314801,-115.47092015621456,377.1121478454809,-209.79666866415317,409.1993240829595,-79.9711545674633,-148.9515696436048,-464.8356254217434,-34.45299489427257,384.01754127062554,-129.37146186242802,499.99471453511165,-427.21328981724406,368.8155300577425,-412.14255814574125,214.5030671237552,472.6737884443005,464.0422596363772,-131.29996966586666,36.913362714212084,359.4886644331148,-66.00255153774347,232.81097476165942,-104.3582544961605,-303.2991911644359,-160.00647753194593,218.99824435056286,-171.45594562033887,-355.5671849290318,-52.15309090680177,-83.04358969024165,-155.90737660306547,-140.5084072515546,-103.91392763635892,-277.34643333638235,86.65566069266147,347.3978411865626,392.7247826961797,12.567056742398744,498.49091849135607,-379.50956924835464,496.10319052332335,14.697825381098149,407.8314261919379,11.554340485348167,-95.49353328102508,-469.7543340273581,-224.33930810727819,-439.29189451538974,495.07797023718524,-112.99784769608628,-9.758770676640571,-498.1471891623752,62.70473617154479,455.99815499233966,-6.647683215110954,188.0179568448815,-187.82159977065214,404.31902531483155,340.09313411054717,15.236969314651438,457.3091846131844,-45.04078454382642,204.9499997466964,191.87742936020712,-330.6517794274825,119.36877174706311,444.43854598505044,-190.85349828648455,483.2305564171514,193.80459490734927,289.06221655646215,-69.65126899697444,-499.9999999830425,444.6562633789821,-115.50873364460385,35.020603576884135,188.58864326271924,248.11660993015542,62.48814434269319,24.063168323334757,36.629291043565715,9.091200135535525,-148.2856222647082,207.071506246609,2.074642847846262,83.97126400673375,499.9551460316103,-256.760276452843,193.725729892065,325.58734028160774,356.4206296686151,-131.07506026703393,17.438589901600555,61.017275858730784,412.1548639058515,403.67068361224045,370.26786055105777,493.1881388078436,215.4780863373042,82.72875996686871,-73.16759237063442,-178.89620015916074,10.235469269201005,102.5019814920459,-136.44068073936802,137.6821030153416,-192.33552829834386,21.553434365795127,21.462586410666,81.95811730692846,362.97870459506765,172.03411773867495,-113.0915522351028,499.9779304128243,499.9999999999836,17.047540142838244,-14.909001949842258,261.3048304895218,-14.128627867863804,-170.0316463412864,52.718364290105534,-158.66421247349984,-18.697011680238926,25.87469904171921,351.19254645090734,95.07541338339259,186.52541762122573,-54.48210510201291,-208.62062674607085,100.91667953845796,-459.0674175738975,223.63857573763514,89.76940544034308,-182.70047386679647,-497.5717025308055,-492.0397381168372,-111.31238616944677,3.1944420838589065,-216.3784576084761,2.9162467717562595,150.47013823719342,166.7979218225894,-12.54601306666841,-197.82288076590712,-6.103797709569709,43.370744807952846,-286.5598058505413,-229.3058978731351,368.98152423398386,79.64069020570875,141.23498583789257,-13.377066689431274,-204.45269147055976,-166.93642404340477,15.387328593961556,8.559871340319848,129.5647013632078,-78.48780684226071,301.6892023719876,-84.18376305880979,255.10538164639334,72.13844153768905,-58.2476691230102,-434.17526524525465,-2.3888424038887024e-07,-5.887017928836413,-84.1613390275491,154.92211031002125,-52.74147337202426,-94.50020895318518,47.38166000608209,-43.526872221909365,184.09037770218413,139.34190765652534,-86.06333668792956,83.38548551770269,-23.574640301590087,15.184450149720025,-153.83183526608963,-228.8116726221026,-2.3739057209179695,-47.86858075147977,3.057568375382278,-278.47253762267746,70.91884279353836,-62.78607924372141,45.82762754358206,61.320361043238826,-301.7854193438216,474.99863344478024,-22.575232945935692,-378.3836111767989,62.851835418521986,9.65273671251093,-450.5000293296321,95.72741781904415,385.74561739324315,-2.3888424038887024e-07,-434.753457285236,-128.86789252106695,323.5828181737678,-107.0702673686488,436.40296247906866,-499.8663799086788,-499.9502790838628,-2.903579314977914,56.325659736115725,-123.85767659351038,67.58111266869535,-322.1559455601063,-499.99998211481915,10.535088148241323,32.97329846446885,132.9586885697362,-493.4338427783366,-153.27021065906038,-230.71008262546917
342,-8.92941898200661e-08,500.0,499.62720057899816,57.35419964672615,-169.59683447372214,-1.3401950127445161e-07,-63.84218114502549,150.94872320364425,-205.12230518992726,58.75877848139056,-23.010144262793993,150.7373062376837,352.4675833355857,-30.402700280772716,-1.800958908046611,159.4453126565547,360.7703946150458,499.99999999999966,-55.74046581242779,-496.16550489121784,268.6248248486908,-498.6185971486794,-41.64932988916944,-34.417587847005876,-271.6960777355264,-105.01645304678425,246.9211681299205,171.86497961067383,-379.78455290971834,216.07022171688155,-0.34347266967102863,120.48973621465336,-99.21788001039198,-499.9534341971391,-32.29139257050433,-109.97423988950177,104.84070462123367,-284.4592008671836,-195.27381552236008,1.272575007414948,-95.5861427856765,120.31752818450234,-314.4833940082399,-411.43216329962746,-365.0674699004006,-130.17436960777493,6.554039592885269,2.2799460697469116,70.8011040341785,327.0063836757383,303.6794717471652,-206.55326635339296,352.09404492367764,-247.67486772839376,-80.617026294697,24.82818296801463,194.4279760049121,119.55795075596994,-14.538025980078126,483.2364078261869,-476.09260970842206,-158.863167984973,-114.80316233206625,379.45683670484357,-210.038487847702,409.00543790323997,-80.02280946993953,-147.2299402557884,-464.8324857821997,-33.69190173112644,383.97515355682566,-129.3223266390212,499.99468857739015,-427.5326477871727,369.06697509626696,-412.2957246219964,214.40917281507805,472.71194800807564,464.02338551539043,-131.55254442012205,36.58329902149773,359.5046976073249,-69.04895947258376,233.87610079176508,-104.21219064354904,-303.33836718423584,-159.65581633110466,217.08136994564123,-170.60004067428105,-356.05880328927697,-52.714406179234736,-83.14862797649207,-155.72595342643612,-140.58842745534145,-103.55607534211391,-276.6618431718723,87.28554881453607,347.92986872921136,392.86352916489227,12.658468536508865,498.48929429384094,-379.6592047321373,496.14083984871303,14.615917889178888,406.9502601251648,11.988983189559349,-95.48988861428798,-469.7285371011191,-224.89317743862662,-439.3513412356179,495.1796933843142,-112.82604882162018,-9.638923412291874,-498.15038903971305,62.82025831038379,455.9946219978235,-7.9368809867810795,188.59106653197298,-187.02729740751153,404.1494619373129,340.2483745604621,14.842934966652706,457.258693298339,-45.745999165719844,204.68554443862055,192.8862377580152,-331.4030035892406,119.9186724996231,444.4522516639312,-189.34526727516513,483.2289286917479,193.749249921078,289.08507798571947,-69.61900506649361,-499.99999998304304,444.70124618386535,-115.59515733931732,34.99295300406522,189.24183338870003,248.51606799010372,62.66281070624914,23.95372119315153,40.12692528234914,9.55565243058036,-148.5399789750573,209.67917453851226,2.0125508638774807,84.16370774793702,499.9537265785903,-258.06681679091764,194.3533375853994,323.5708925630926,357.24744058796165,-130.75644407837862,17.085029890032317,60.73512063165196,411.372321311169,403.5147605078098,368.90125993973805,493.08760623110965,218.17858805061678,83.63463106699542,-73.33997604905537,-182.9234911176243,11.126827269227759,101.40016347886844,-140.8160681767611,139.72818734821578,-195.98058191148175,20.66438152000634,22.321561588553305,77.40803135670362,363.88509991040377,173.08001720149997,-115.17795046272086,499.97757099346137,499.99999999998346,18.617378816556908,-14.476087573746744,263.0563024234363,-14.237049144480963,-171.2894484721848,51.06484074028344,-157.65846997702496,-18.494221589886426,22.79767499852785,350.94012248652496,95.66338754945765,188.9683498085706,-57.96000404833495,-208.97832493073722,100.44455386843431,-458.87201397134953,224.69353242510599,90.23558369980921,-182.96551444113146,-497.54658835746505,-492.0101611369156,-111.16467370315358,4.293123948964312,-215.51996758429996,3.1369664007729,151.72831665414253,168.07048640950399,-13.186785876069605,-197.22397194936218,-6.090554018299694,42.91794680152023,-286.56427863006365,-231.66484738890918,368.3324058352874,80.22513041119699,141.70782959249527,-13.62404834020624,-204.42889880889481,-166.35701997851695,14.998583868331194,8.806423692032451,130.58710629993436,-79.04477263100625,301.9096219328498,-84.10352925640335,255.1545089785317,72.46699219197332,-59.4696277218017,-423.32838713733656,-2.2348103811964393e-07,-5.866357317536287,-84.83855605826766,155.1238375303987,-53.70924829245161,-95.04483803576744,47.393691972164895,-44.44114795953872,186.03131480063308,141.361061970096,-86.10946161733017,82.83670971565545,-23.39391888433112,15.385827217788878,-153.73294014830438,-228.79968453476064,-2.3718824648720576,-47.83582504880705,2.8195481151525157,-278.45270719850294,71.44776435960601,-61.98045121233653,45.02351514886954,62.37102702741321,-301.3359691061464,475.21956387569685,-23.31836256100064,-378.711013843048,62.306004208320886,10.62927449062691,-450.45752534230945,96.11162048864499,385.79890448064253,-2.2348103811964393e-07,-429.9329660671514,-129.75897615037948,323.5605647159765,-105.13899109329809,436.4321645535919,-499.86511488336185,-499.9502762195833,-3.407229495658153,58.604195024442106,-117.43769152070936,67.18957239889838,-320.3893437073793,-499.9999821148234,10.88085961524246,34.793281952549876,127.83274962166196,-493.35202099979836,-152.92938183706198,-225.7067440941098
343,-8.353526936843991e-08,500.0,499.60994453137556,55.51242594471825,-174.82107373093612,-1.253756636288017e-07,-62.601965380118976,151.61872810240263,-201.9719469780863,60.424210670462614,-23.141230450416757,150.49299733577047,352.22017680398926,-24.419290391991467,0.3145955432347989,159.20413621296166,360.5734263563158,499.99999999999983,-55.37183560397644,-496.20896031475684,270.68135488580026,-498.8403145261948,-41.45577765102274,-34.54984073742315,-271.8416374162595,-105.29406114781673,246.99975924898942,174.52604343500155,-379.7288664709889,217.38442363400222,-0.35795876356446865,121.02628525967705,-99.15882581315988,-499.9534341817773,-32.00203144538974,-110.74924723914364,106.98325941474195,-284.5026528425088,-194.4389689515066,1.1340451645601282,-95.97874234111447,120.48813431421988,-314.47697368525996,-411.6632101312833,-364.45920748958247,-129.72367538805864,6.335123488298963,2.7493234046203745,70.7027457280024,326.81496781265975,303.9694241326345,-206.27782190405497,351.9259375343054,-247.54240728474937,-80.48399750490576,25.31513891868402,194.117512955622,118.2672201131402,-14.43659802306963,483.14223495849296,-476.1032286483144,-158.32394453475263,-114.15333398227413,381.69852740680716,-210.29733840928137,408.82516575002563,-80.079566460031,-145.58381564660314,-464.82942507784077,-32.96668933105026,383.9265491501299,-129.27232620333902,499.9946622095926,-427.86826850381004,369.3194487168085,-412.4557598484014,214.35264912472138,472.7550227002474,463.99866894670885,-131.80615026701886,36.27721435305434,359.52031740504697,-72.22943175601807,234.9382525411562,-104.06600109680018,-303.37464315345835,-159.32339651122598,215.3011826798301,-169.76498892172162,-356.56921663727263,-53.269214175668196,-83.25159589207964,-155.55281175584759,-140.66158093590226,-103.21038145172727,-275.98178634127856,87.98350167149411,348.5042808390062,392.99829421922084,12.750332285111007,498.48762318482966,-379.77415241171974,496.18020450135396,14.515463338371069,406.00899089538444,12.481100290745475,-95.46570935130264,-469.70694769360654,-225.43652728170235,-439.41349258605777,495.27580230953976,-112.65153119729545,-9.514564186483534,-498.1530109810517,62.93742739817111,455.98393811165835,-9.260045803643692,189.13250091656496,-186.16911710607812,403.96650644002295,340.38710857120054,14.50828050065216,457.20439460808535,-46.282935421649825,204.45266658792605,193.95148200063173,-332.17865983359803,120.4859301330993,444.451220726427,-187.87469543550952,483.2283052129846,193.77631481232135,289.09897546795713,-69.58729295426986,-499.99999998304355,444.7531535554939,-115.67387725494034,34.96828521989852,189.9708600554266,248.92232364932758,62.85509674565469,23.84296792646696,43.64420213107177,10.06752700865935,-148.77773749824973,212.2838459141581,1.9497356972123208,84.38675175937259,499.95219830860145,-259.41559117649996,195.04357786000395,321.48092575822244,358.1412915308252,-130.41786309286664,16.733978530289598,60.47561378650307,410.6387941978897,403.381316992534,367.51268999034744,492.98304730691655,220.76612484625923,84.53433082365828,-73.4970217982143,-186.843508905643,12.119317850314237,100.29628880934284,-145.13025545743582,141.7635656310831,-199.5641390112787,19.795327490220657,23.383621019685542,72.82451435136923,364.86307470989817,174.07658454622526,-117.23370476406386,499.9772339492886,499.9999999999833,20.194492516243066,-14.035512536348765,264.9553352620202,-14.343646305133353,-172.49714688829403,49.362397045283714,-156.67215458609175,-18.40815107803495,19.67952429702786,350.7391072550916,96.24657209279074,191.56031153130766,-61.55406327553821,-209.38073352556353,99.92004846232716,-458.6666358478557,225.8473145903681,90.65971331750126,-183.22676000507693,-497.52026426769976,-491.979187202077,-111.0159799414458,5.30169576157763,-214.66772483472118,3.313553870407778,153.09081992519717,169.40253309705614,-13.841508803986185,-196.6328809450703,-6.077237773383762,42.40624863305378,-286.5680148982832,-233.98344070224795,367.69658782764145,80.82043909526337,142.22712458467984,-13.90676773063797,-204.39022625600973,-165.76329108567464,14.570220724320723,9.0784135809565,131.6571456567423,-79.66245329595063,302.1286911208967,-84.02098969280898,255.1905347050366,72.80108083638011,-60.7605924489478,-410.2532418395323,-2.0907464204356074e-07,-5.840393024174668,-85.55570303766505,155.4058595460276,-54.7730460011721,-95.576918729934,47.401076689285844,-45.473146100108515,188.0683724298965,143.4300658001494,-86.16301296572234,82.22979341239314,-23.21415345822664,15.509699706873674,-153.66306856005028,-228.7729414171627,-2.354300087827266,-47.81120679339164,2.610664872135034,-278.4098361673651,72.00834224999807,-61.20687778351888,44.30226701469235,63.489508509208484,-300.8783903852131,475.4546163197104,-24.12683123099779,-379.0231935379657,61.78374693812155,11.621165613034622,-450.41227575391594,96.51953837981098,385.8591390983651,-2.0907464204356074e-07,-424.5838139819537,-130.6778978020318,323.5363211924467,-103.24451372899135,436.45944716809294,-499.863721618782,-499.95027326187846,-3.964275015648073,60.983123775563925,-110.76032862340666,66.75990188807789,-318.48861778573195,-499.9999821148275,11.235136881390922,36.659593078603116,122.83348153445549,-493.2631132777429,-152.55381847890538,-220.44438552050192
344,-7.814742275513709e-08,500.0,499.59275329151967,54.10749369303537,-179.87217798094753,-1.1728843674063684e-07,-61.26589532622739,152.39016846695964,-198.85636429975418,62.1197097607674,-23.32284933188746,150.32477390253044,351.9977487195903,-18.599216331322307,2.4204269523695445,159.13087495255644,360.4513612643499,499.99999999999994,-54.84376748325516,-496.24591689012357,272.7581227986588,-499.0172435818091,-41.261096480223756,-34.65205018049145,-271.9301053208998,-105.6225880667227,247.08624351153915,177.10498573277133,-379.666644090991,218.65320847290593,-0.3851657938733165,121.55216739065321,-99.0875198435401,-499.9534341668643,-31.687705925698438,-111.46537622113281,109.31127598401974,-284.55143049993654,-193.59632816942025,0.9647543452249668,-96.36005017063424,120.62037596312335,-314.47744310168065,-411.87648181279036,-363.79501488864565,-129.32814792774997,6.075619015726923,3.2155305833398957,70.60131992056954,326.6380525266397,304.21870286162874,-206.0194353862764,351.7709502486651,-247.5058429606335,-80.35775889486573,25.79435090621406,193.80681821583892,116.9340348285489,-14.325562313413332,483.04678860068884,-476.1137564864685,-157.80997542768512,-113.52208829566919,383.83968803336,-210.59855981187965,408.66020601656015,-80.1609327771249,-144.04729046613775,-464.82644446808064,-32.27665825134386,383.871935255812,-129.22209036520144,499.9946354394564,-428.217882988798,369.5766822549102,-412.62179233495334,214.34032134165733,472.80079518497274,463.9682461537146,-132.06203761674604,36.00244782574038,359.5355193928536,-75.52322982160825,235.99785009616585,-103.92735977441173,-303.4132860894176,-159.00920957585018,213.66371725348722,-168.9515796517509,-357.0954658111691,-53.8182370424279,-83.35196453434781,-155.40542359272192,-140.7297115170227,-102.90288755178295,-275.30188631548987,88.75496097534814,349.07836283995545,393.12903568403294,12.842731728177357,498.48591496070435,-379.85424562442176,496.2221549868344,14.395346813297596,405.01230981332924,13.033167125152959,-95.42726062835605,-469.68956950323775,-225.9715368538481,-439.4779865698946,495.3665917416186,-112.47739784428775,-9.39193743314077,-498.155054368629,63.05117051633895,455.9663595957528,-10.618939033558714,189.64270516341568,-185.24050228393634,403.76984589137186,340.50806096473246,14.23384736444905,457.1462709562271,-46.63018220845246,204.25075277249138,195.08992070129864,-332.973968769331,121.07484448967064,444.436399481468,-186.44535763449414,483.2285653784609,193.90483298602157,289.1051625597314,-69.55691544458485,-499.999999983044,444.81071398163607,-115.76484258199838,34.94545385152789,190.7859214834881,249.336594548465,63.066736461542675,23.73221626414758,47.1683626229466,10.624855523885453,-148.99980807788145,214.87595805761939,1.8869019259431148,84.64105095880274,499.9505637132004,-260.8096102144312,195.7989405514016,319.31199028842246,359.10913542792326,-130.05782164993425,16.386032998296173,60.23936282175048,409.9586771086805,403.27501039576964,366.1042724859869,492.87480841557806,223.23969870171277,85.42249458518235,-73.63800106206158,-190.65009851676146,13.224946825502895,99.18563074177295,-149.3835200839669,143.78070907715878,-203.08464083468894,18.942897420206126,24.71968695697301,68.21556893077964,365.920773385155,175.020573723117,-119.24303749996264,499.97692242066955,499.9999999999832,21.77275822214551,-13.592956380875897,267.0170052176353,-14.448948191214965,-173.63617598371593,47.60728892827112,-155.69143474128032,-18.439732295067795,16.524049786324504,350.60507647316587,96.82436215329614,194.31167870017467,-65.25558434797419,-209.81653114662865,99.34158129156664,-458.4502556656061,227.11227193612325,91.04749608557509,-183.47949897846124,-497.49259346517255,-491.94666769014464,-110.8664672371936,6.216694798119981,-213.81943289178437,3.4434839387398477,154.5685640451763,170.80294077945146,-14.512143288985975,-196.04685251992152,-6.063506021167517,41.833008330130866,-286.57105790743805,-236.2592578236616,367.07497321758115,81.4311046922264,142.79798356690426,-14.225163474495504,-204.33486922416364,-165.15116523938912,14.104542022620599,9.377778148316171,132.78093370589664,-80.34157311583351,302.3467808645932,-83.93549655838585,255.2123797648586,73.13928071779753,-62.11750789551011,-394.3404288397329,-1.9558501662686467e-07,-5.809469174881596,-86.31022593453032,155.774524861267,-55.93112772843489,-96.09604448428742,47.40356782890478,-46.62099371183078,190.2053433911316,145.55006587562087,-86.23146459698458,81.56563991687412,-23.035137084032932,15.554849189384967,-153.62379687319066,-228.73203602582643,-2.3201102855519085,-47.796299560414454,2.427023120203151,-278.34568018785353,72.60002191295717,-60.46939640898819,43.66065360232689,64.68303050637304,-300.41452051219824,475.70308402778846,-24.999248133582125,-379.318402474096,61.28457886452146,12.619269471364312,-450.3642796532532,96.95093656852096,385.92575523124253,-1.9558501662686467e-07,-418.67035384413,-131.62055368624365,323.51003013415635,-101.38249119604338,436.48483136884187,-499.86215421925095,-499.95027021916434,-4.572240577530293,63.45364655588534,-103.80101555324772,66.29343303502446,-316.4330013857177,-499.99998211483137,11.595632113152796,38.566003655152414,117.97472598155755,-493.16563072318286,-152.14399538136215,-214.93757458689433
345,-7.310518412850797e-08,500.0,499.57568808124694,53.20771602606436,-184.85491520476657,-1.0972871677950025e-07,-59.81857762215054,153.28561398199352,-195.7987751867493,63.85895223588098,-23.5481298667941,150.23972460748337,351.8009482293327,-12.94131493358492,4.515830553929463,159.24980924739302,360.41885914933977,500.0,-54.13354297276834,-496.27582682594715,274.8652715828924,-499.15973326632087,-41.06726962312839,-34.74391487160087,-271.9511950429223,-105.99851346306401,247.1794166281452,179.601347013938,-379.59824470796906,219.87760810226013,-0.43671480825447523,122.06674297366429,-99.00450547767817,-499.9534341523875,-31.350465073251836,-112.14129320821299,111.83630283822684,-284.612164938436,-192.74769737515956,0.7554430892411946,-96.73815102629456,120.71425065987266,-314.4932572804164,-412.07102196847717,-363.069237608081,-129.01533108379823,5.767983107420448,3.674547431391981,70.49208111085778,326.47645244775686,304.42338759891373,-205.78382474116884,351.63156470177466,-247.6368971021428,-80.23892753871263,26.26155846810147,193.49487034205117,115.56554648581067,-14.208369650449232,482.9503440236265,-476.1241671748271,-157.32467817399447,-112.91010470813664,385.88051493236196,-210.97571749568885,408.5126040440022,-80.29264570838092,-142.666173452943,-464.82354401897624,-31.620698233287698,383.81167097622273,-129.17262167303954,499.9946082973769,-428.57886912845646,369.843319591508,-412.7927873619105,214.38084020413606,472.84576910087077,463.93234665731245,-132.3216776508191,35.768429428639095,359.55030313332543,-78.90670158109195,237.0521595238011,-103.80751493028255,-303.46152218263217,-158.71317122974745,212.1732774604376,-168.161363287514,-357.63415122809937,-54.36215785075543,-83.44932329456755,-155.30814863799046,-140.7955377316987,-102.66931062787688,-274.6172574700728,89.60397571820633,349.59120618539595,393.25575031361757,12.935687834781625,498.48418332832824,-379.90060809806727,496.2676884204956,14.254262157575056,403.96621350447293,13.645656859752561,-95.38421249769756,-469.6763065503944,-226.5009035081037,-439.5443998945603,495.4523427812865,-112.30823339249758,-9.279315509257707,-498.1565219342803,63.155020886613194,455.9422958495177,-12.01435405780453,190.1224429301984,-184.234046335972,403.5594149821538,340.6096602329823,14.020143667599447,457.0843882975543,-46.76341081984639,204.07870917760303,196.3230176312949,-333.78361272407074,121.68995204152185,444.4089821881694,-185.0614598772016,483.22947420015157,194.15873411424326,289.1052615107281,-69.52887403364443,-499.9999999830445,444.87143623441506,-115.89541684290899,34.92295060394975,191.69652182494988,249.76026537629176,63.29942894165776,23.622771074307604,50.68587753220984,11.223667922126953,-149.2071432455241,217.44566112276286,1.824720332981481,84.92694771644777,499.9488277613693,-262.25074585823654,196.61971528845586,317.05967183983535,360.1564513221443,-129.67431517483314,16.042470582813355,60.02701997092839,409.3369594052227,403.2014524345666,364.6788065495849,492.7633450900112,225.5985656542481,86.29371147976727,-73.76235247630672,-194.3382087813485,14.454687370174025,98.06380261039153,-153.575447836577,145.77198946351402,-206.54018508080102,18.10382260671558,26.414381254747152,63.58997238929732,367.06480502127954,175.90900262135807,-121.18986360100499,499.97663989509186,499.99999999998306,23.346040507369196,-13.15758929626079,269.2534730842608,-14.553226189259382,-174.6849144354498,45.796699338391846,-154.70013817403958,-18.588347305571812,13.335446258140298,350.55298216460454,97.39646638017143,197.2300799662339,-69.05325498866831,-210.27404790095898,98.70835055412037,-458.2217692838828,228.49896876466855,91.40524886604274,-183.71871159917197,-497.4634402945221,-491.91244665569235,-110.71622924270618,7.036090137318754,-212.9725745984936,3.5248601483419346,156.17055767559214,172.2793335453629,-15.20050813061873,-195.46303678153762,-6.049005486980036,41.19641241931183,-286.5734728969487,-238.48972969577827,366.46838383840293,82.06342640300599,143.42449640099446,-14.578791859281145,-204.2609770152482,-164.51669778953456,13.604310037230979,9.70592566059805,133.96367754919146,-81.08193059355104,302.56421875402486,-83.84649224851674,255.21909117416484,73.47837430477236,-63.53612856088217,-374.8131718460879,-1.829685061238706e-07,-5.7740780615418705,-87.09900905016023,156.23499892834306,-57.180381874043334,-96.60202584927329,47.40062370237282,-47.88122776062706,192.4446897179852,147.72169165385006,-86.32198096162355,80.84595966366584,-22.856811800814874,15.521080564921006,-153.61575365851786,-228.67749302748052,-2.26837054105962,-47.79400892041355,2.2644437768817713,-278.2617818346426,73.22193365219746,-59.77142152026687,43.095123658557256,65.95815101034981,-299.94598116572985,475.9639538828784,-25.933315260309534,-379.59508088864914,60.80777704926769,13.613812955457693,-450.3135627768099,97.4053429662583,385.9982122870262,-1.829685061238706e-07,-412.15912016139765,-132.58228077402492,323.4816384922919,-99.54844994587225,436.50833821403677,-499.8603661415432,-499.95026710111006,-5.227781909912097,66.0057610944712,-96.53775843368126,65.7921797286548,-314.20228940484174,-499.9999821148352,11.95983481558679,40.505094616051224,113.26940237297107,-493.0580082055272,-151.7013682218703,-209.20346165004193
346,-6.839036359451711e-08,500.0,499.5588135017254,52.902346118722576,-189.92744141573186,-1.0265284799970685e-07,-58.24211826355933,154.3377309327913,-192.8420187009647,65.66063256011647,-23.8076769379532,150.24728739513165,351.6291119897161,-7.4440082932603255,6.6004806537419904,159.59281849396615,360.49624684038287,500.0,-53.21362676522188,-496.29798145222486,277.01182530884955,-499.27539365373747,-40.87679735873124,-34.85756574143599,-271.8922888083591,-106.41868350409621,247.27810578653782,182.01290065502658,-379.5244521814503,221.05863342307845,-0.5325609532025887,122.56936047229672,-98.91254623551295,-499.9534341383347,-30.993626247435905,-112.80976772315584,114.56404882934862,-284.6965548053999,-191.89793386759703,0.489933767912655,-97.12609556254452,120.77166600268774,-314.5390156027079,-412.24564643253206,-362.2775706422989,-128.8307661895626,5.398537452066153,4.122991355171222,70.36742654673235,326.33126586556057,304.5777360198947,-205.5806630811138,351.51060118731755,-248.05274706407636,-80.12845337425942,26.713325316610046,193.18070762047782,114.16951628541322,-14.091492820253674,482.853631314252,-476.1343962511684,-156.87416574168435,-112.31862474951042,387.8154106884708,-211.48364451134188,408.38501431028175,-80.51626144626061,-141.5160350110714,-464.8207213106054,-30.997472314100662,383.74638881333055,-129.1259531904929,499.99458087864633,-428.9485116761579,370.12588504961906,-412.96766024919305,214.48694591815814,472.8830404297672,463.89133195293056,-132.58713376018903,35.58890008023772,359.5646772135667,-82.35593838703208,238.0899557062117,-103.72717572196474,-303.53171377370603,-158.4349910437993,210.82937647130248,-167.39790262906655,-358.1818406769023,-54.90158033842358,-83.54339001511514,-155.30322256238864,-140.86413077905897,-102.57027668441913,-273.9221921582222,90.53139828817616,349.93474096312195,393.3784733858945,13.02861832908323,498.482448786996,-379.9183121446687,496.3181365779102,14.089986705768176,402.87725601957123,14.314014583227248,-95.35546036852972,-469.6667928185193,-227.02860196980555,-439.61229619082366,495.5333220753207,-112.15257963301961,-9.190190098893678,-498.1574216455586,63.23900465148732,455.9124294583774,-13.444620625858624,190.573215325702,-183.1402233290079,403.3356744121954,340.68955428053147,13.867075107822831,457.01898130257587,-46.65303602269951,203.93475514231307,197.68387399776105,-334.60243065768674,122.33604219328475,444.37041325826806,-183.72917853356603,483.2304674454552,194.57385222279126,289.10147703617224,-69.50475872169807,-499.999999983045,444.92947636163456,-116.11205016065472,34.89830395595932,192.7098078662864,250.1951532821454,63.55456765270176,23.51579112727061,54.183822596163864,11.855155446737808,-149.4007252056687,219.98385889407595,1.763734062634938,85.24421008966162,499.9469972535332,-263.73811327305754,197.5002881689746,314.72240637110735,361.28517794324017,-129.26412314013209,15.70617809318157,59.83900567970309,408.7798171930641,403.16811892551993,363.24015043549093,492.64919796052413,227.8434115529091,87.14378858194003,-73.87007027906233,-197.9028678756641,15.816108453298328,96.92862556033681,-157.7022289018764,147.73056075769648,-209.92632503202532,17.276296941840464,28.577036661640165,58.958757169692994,368.2981672844003,176.74000468752868,-123.05928288042864,499.9763904743656,499.99999999998295,24.909246685450594,-12.747802056282573,271.6709171474632,-14.656095663647573,-175.61540665635192,43.930493411297945,-153.67892488575026,-18.85148034607073,10.119338353971836,350.5952969553277,97.96301698318634,200.31757594283062,-72.93342360353648,-210.74308062140443,98.02087749202673,-457.979893549242,230.01363190794774,91.73864795753572,-183.93900695607417,-497.43267888790746,-491.8763483896273,-110.5652268016566,7.760267056039544,-212.12474597235496,3.556667960507229,157.9013355509144,173.83605219606196,-15.908167017742839,-194.87855272486254,-6.033372478634319,40.495957018666054,-286.57531484942353,-240.6718922118321,365.87766491999025,82.72736763133892,144.1081435871353,-14.967040970639175,-204.16666506870752,-163.85628097339213,13.072351221230415,10.062737509023092,135.20801961782382,-81.88213843842576,302.78106857162004,-83.75352652254986,255.2098242622416,73.81019515789343,-65.01113736057737,-350.7178168656357,-1.7116690287366512e-07,-5.735038970982058,-87.91862032703285,156.78972517683704,-58.51627515443813,-97.09468159944635,47.39147745508412,-49.2489688331322,194.78579041094977,149.94367053570593,-86.44057361823731,80.0733282366104,-22.67917682202724,15.40964796368998,-153.63853423335053,-228.6095940811307,-2.198299934674056,-47.811555759978276,2.1187492713710956,-278.15911327630135,73.87276197559993,-59.11542598439358,42.60209694358011,67.31924376027543,-299.47401845501855,476.2358917704108,-26.92595163280459,-379.851911079682,60.3525508663571,14.594781448833844,-450.26019875919013,97.88189252015049,386.076076366751,-1.7116690287366512e-07,-405.0197213906488,-133.55850670551328,323.451099139423,-97.73793918751176,436.52998837108083,-499.8583143217122,-499.9502639188017,-5.926942613944746,68.62826290710174,-88.95407972218531,65.25862762360131,-311.7792098724783,-499.99998211483876,12.325002761383733,42.46843856572248,108.73018810886353,-492.938653667393,-151.22947057643512,-203.26154636186234
347,-6.398477125912905e-08,500.0,499.54220482823916,53.31164170557405,-195.22925375565777,-9.603172657079995e-08,-56.509830671735756,155.59409584359383,-190.03335185322518,67.55144691733973,-24.083070415748217,150.3611744933215,351.4823507004833,-2.1048681376620113,8.67549009406099,160.20358767510268,360.71327344668003,500.0,-52.04660898849099,-496.31141927463284,279.2097684344681,-499.36986244975,-40.68112820133741,-35.02467048045278,-271.7363780252932,-106.87488612275442,247.38186587233128,184.3370325849315,-379.4457630400687,222.19774363634727,-0.6915482831063045,123.06002083875075,-98.81374025364491,-499.95343412469396,-30.619753980201462,-113.50392971805711,117.49705850084338,-284.81683683036374,-191.05015786609457,0.15287742162805634,-97.53391455438543,120.79840979301095,-314.6283670930193,-412.3982862874079,-361.41666020982785,-128.81271115335466,4.954590753225037,4.558759316057946,70.22065501262585,326.2048553776495,304.6776817505702,-205.4186579502157,351.41219539280013,-248.85360132759524,-80.0272295038568,27.147518504741278,192.86339245066952,112.75600317887213,-13.979831183240599,482.75829714653054,-476.1443169764165,-156.4639793169671,-111.74888714017126,389.63728250329115,-212.17036067131843,408.2816012947619,-80.86526566816937,-140.66014296581497,-464.8179707229948,-30.405497498849503,383.6770990626768,-129.08425831394055,499.9945534303816,-429.3240271954914,370.433960926871,-413.1452993833154,214.6779861475424,472.9044783229536,463.8457264511111,-132.85963474995108,35.484185189237834,359.578662406322,-85.8466503979526,239.09808607931927,-103.7092827613693,-303.63515241139396,-158.17363714910024,209.6437876963096,-166.66449927175748,-358.7351072831682,-55.43709177043614,-83.6339541219399,-155.43277946836855,-140.93977841475606,-102.6563855445587,-273.20947666930795,91.53834673960237,350.0052478283769,393.49725883040566,13.120864812841404,498.4807443478776,-379.9117978344187,496.37533970431724,13.90118014215225,401.7524756334501,15.035562255455835,-95.35799802461062,-469.66032661504266,-227.55754786241428,-439.68123010999864,495.609786185684,-112.01794711622586,-9.136292779551455,-498.1577656021384,63.2946854092938,455.8778562724424,-14.905304819742796,190.998580040099,-181.94896011619417,403.0997188351971,340.74567601140143,13.77406969309596,456.95051106477104,-46.25704356116682,203.81694635069343,199.22051150971055,-335.42539156576186,123.02082692080964,444.32248750433513,-182.44619769654315,483.23083732659273,195.2018581364341,289.09691299155037,-69.48608555175164,-499.9999999830453,444.9763024316822,-116.45425514784824,34.8690810293432,193.8331919306703,250.644958178588,63.83605179992059,23.412386286547868,57.65079976177627,12.51039849831918,-149.5808032543078,222.48289032154202,1.7044705806126679,85.59347586685308,499.9450810030308,-265.2682323190592,198.43603283205093,312.3016722263185,362.49571291490275,-128.82267581476418,15.382474360244856,59.67790896176001,408.2973386096996,403.1858096928478,361.7930492090488,492.5329853064464,229.976814496804,87.9702343224196,-73.95822913008892,-201.33874411927937,17.31726117097674,95.78006409742768,-161.75771141620496,149.6509752631241,-213.23696038396056,16.4600799501454,31.325692496159164,54.33520291573443,369.621857035727,177.51322764469742,-124.8373095178983,499.97617920943605,499.99999999998283,26.458717773410765,-12.384537626855154,274.2719721707966,-14.756744680259903,-176.39748050094877,42.010994183166574,-152.60758266051687,-19.224832876493664,6.883587058633258,350.7431752597011,98.52438510005372,203.57333017951086,-76.88068854964233,-211.21413450744737,97.28122989776823,-457.72323627279786,231.6607134441229,92.05344729518589,-184.13490431042422,-497.4001887017353,-491.83817915425556,-110.41338526910347,8.39176769742543,-211.27357602657554,3.5391493092175335,159.76396910239674,175.47626349709032,-16.635385644718518,-194.2904344765875,-6.016256517839874,39.73273698304539,-286.5766685698827,-242.80251029267768,365.3036926833255,83.43528716667808,144.85049588186237,-15.387966809319687,-204.0500425059201,-163.16650423495946,12.512497880491134,10.448735932215326,136.51610044994288,-82.73949046149848,302.99741828570194,-83.65603336332956,255.18414135820998,74.12278836429277,-66.53598347754902,-320.9219812676854,-1.6012927517294884e-07,-5.693161297100713,-88.76449748043328,157.4407124610346,-59.93280170791093,-97.57381211390606,47.375713537845144,-50.71800169650363,197.22704509747112,152.21479705649998,-86.59197141111635,79.25155350579325,-22.50211531125605,15.223392388423889,-153.6907162229377,-228.52839155804116,-2.108557489901558,-47.854847748380145,1.9863406823956358,-278.03824228976345,74.55205660771182,-58.50271530907232,42.17835029658111,68.76949820988264,-298.99950271007634,476.51738481228944,-27.972930294585947,-380.0873513025037,59.91868917139472,15.553108876056083,-450.2042485836831,98.38004720880117,386.1595128922133,-1.6012927517294884e-07,-397.2260905571051,-134.54450139377414,323.41837237388336,-95.94549335452787,436.5498042830738,-499.85595721368173,-499.95026068477574,-6.664916326537403,71.30999582140377,-81.03764585226568,64.6958884917351,-309.14887653308216,-499.9999821148422,12.688615337125311,44.447383517378,104.36945673425119,-492.8058841154246,-150.7317092073041,-197.13328355981628
348,-5.985566531307995e-08,500.0,499.52594634636864,54.579442263956494,-200.90418218009208,-8.983988664112985e-08,-54.589284991797605,157.1132565844307,-187.42782871739735,69.5638736085477,-24.34902368041392,150.59816126440228,351.360938532635,3.0793507619202125,10.742885224979748,161.1343133662311,361.10653959690916,500.0,-50.588198432802535,-496.3149625659573,281.47228855097734,-499.44737758268843,-40.46554942856581,-35.280373895047994,-271.4630338059028,-107.35515250270552,247.4907121344061,186.57036448903676,-379.36263408127877,223.296702884783,-0.9340601074846022,123.53916847906972,-98.71032260275848,-499.95343411145365,-30.231542336228234,-114.2610433434066,120.63397573590859,-284.9868972142533,-190.2074442421346,-0.272096970519079,-97.97137148318012,120.80307569759329,-314.77620114159873,-412.5262890621845,-360.48417818532306,-129.001046836819,4.422956149176589,4.980597088836449,70.04464098402136,326.10039263630995,304.7196066610141,-205.30708179996765,351.3413911718225,-250.14372855019135,-79.93617114780109,27.562934813750896,192.54202392304364,111.33656159556058,-13.878376607416614,482.6666694571263,-476.15375425622557,-156.10012489106265,-111.20221578001507,391.33683047771444,-213.08641986461794,408.2076004909492,-81.37398734876821,-140.16393213749475,-464.8152840575792,-29.84311627888936,383.6051345615215,-129.0500587512885,499.99452631308907,-429.70253971137896,370.7793784073356,-413.32454626711825,214.97817610345263,472.90029778503185,463.7962021665396,-133.14007205097988,35.479568960389955,359.59228924873554,-89.35410528350064,240.05980831432373,-103.78061962999908,-303.7840242065186,-157.92759173533364,208.63380572754886,-165.96490986737518,-359.29048363564493,-55.969274054551974,-83.72091871874206,-155.74403442342717,-141.02697825733554,-102.98054216956864,-272.47069409946397,92.6249074825846,349.68587999479314,393.61219037846445,13.211563840449763,498.4791128878376,-379.88623704471684,496.44141636849906,13.686737083032414,400.5995619924341,15.80687074577914,-95.41039371316056,-469.6559384628785,-228.0903978986683,-439.75074181651013,495.6819819599716,-111.91239492572534,-9.130003274009,-498.15757043573933,63.31337389351603,455.84000959027463,-16.389475197941756,191.40351420469946,-180.6491687463626,402.85321336699474,340.7759359405011,13.740040550568878,456.87963624708874,-45.52467796987133,203.72297566589145,200.99198355475983,-336.24757288443226,123.75372064643707,444.26730029091124,-181.20575226338156,483.2297098428587,196.10623105456918,289.09537842088207,-69.4744962676085,-499.99999998304577,445.0009466176866,-116.96372695256302,34.832596742997495,195.0734859466952,251.1145614616424,64.14910257691494,23.31356247295885,61.076090397979534,13.179020567388244,-149.74707992865538,224.9358972764508,1.6473774938322896,85.97569102972417,499.94309031130126,-266.83520871527486,199.4210967345362,309.801955822581,363.786455843177,-128.34426946749332,15.078586657671678,59.54759838270302,407.9022149012138,403.26769222209344,360.3432598458594,492.41541803165757,232.00263596544892,88.7717392394629,-74.02230757065739,-204.64043505705712,18.965388343106703,94.62005835688248,-165.7330019731567,151.52861458294737,-216.46401712136415,15.656318522522392,34.79145933277173,49.734613111531004,371.0345617532514,178.229418468538,-126.51090847439076,499.9760118545145,499.9999999999827,27.991786013470662,-12.092768077042313,277.0552035492289,-14.853833475212694,-176.9975625625324,40.04288759021295,-151.46425787014888,-19.702446436697826,3.637626188704497,351.00608989042763,99.08127002674884,206.9929509628921,-80.87775306598728,-211.678656622606,96.49281165892556,-457.45028198906414,233.44214921575374,92.35522963412818,-184.30075115084597,-497.3658566346387,-491.79772789674627,-110.26054822902267,8.935190544439847,-210.4167479912598,3.473528694703632,161.75914446632723,177.20133339284035,-17.381617032571565,-193.69565922200846,-5.997310601136723,38.90919239708499,-286.5776306076658,-244.8780865033781,364.74735248430386,84.20210178254547,145.65224636441837,-15.838820858794373,-203.90920573110876,-162.44420942314426,11.92916749709693,10.864242789552327,137.8888753409016,-83.65013229233772,303.21322893269183,-83.5534247217,255.1418367780972,74.40069004075434,-68.10304356714241,-284.15459966151343,-1.4980469131842253e-07,-5.64938780741502,-89.63132543028968,158.18875439739435,-61.42259006213254,-98.039229624088,47.35302766303061,-52.280811251194066,199.76526775774934,154.53330953313178,-86.77983657280717,78.38545317499269,-22.32547307737769,14.966519555576154,-153.76990929549908,-228.433714666724,-1.9975195963144905,-47.93026438804914,1.8638470863077357,-277.8992917001827,75.25969619296123,-57.933642991523385,41.82073692444404,70.31067654317162,-298.5229310356072,476.8067035074333,-29.069063928686234,-380.29986944251414,59.50632803223412,16.48004311168336,-450.1457808546874,98.89932898273902,386.2490503548522,-1.4980469131842253e-07,-388.7587231039447,-135.53547470745139,323.38342057896233,-94.16502367059671,436.567808141095,-499.8532549217732,-499.95025741306955,-7.436202523643543,74.03932987565757,-72.7811458065955,64.10762677741963,-306.2989521684165,-499.9999821148455,13.048141999539542,46.43262787463827,100.1991790555132,-492.6579317886724,-150.2121224359323,-190.84249203786936
349,-5.5995769798755646e-08,500.0,499.5101512734418,56.89417012321026,-206.950919119363,-8.404458640143275e-08,-52.42928728961617,158.9732153544465,-185.0456593230287,71.74117309041485,-24.55283537204395,150.98177814631265,351.2707825688304,8.115827841854546,12.808577402839484,162.452297871124,361.72808252727316,500.0,-48.77887201364694,-496.30701122748326,283.822320126106,-499.5110960930254,-40.18279410504214,-35.633782358861595,-271.04309861697476,-107.82541617033147,247.60708204089352,188.7116519976126,-379.2738729201718,224.35902068038556,-1.2576870483661724,124.00963893970997,-98.59701809461318,-499.95343409860254,-29.829024230646187,-115.08923331201808,123.97330683918887,-285.2106727510485,-189.3621555345948,-0.7802571008130357,-98.42988625247267,120.80186126009849,-314.98229806889714,-412.62484617510125,-359.4785207999978,-129.3840198602828,3.8119622262930517,5.3893193445492615,69.8397519929095,326.0240172211549,304.7088976346081,-205.24421042377122,351.3065966452708,-251.9025788376858,-79.85502431749539,27.960249556255395,192.21565943859954,109.92595269393125,-13.782486274422917,482.5828317406616,-476.1624179371166,-155.78159400892358,-110.678366978839,392.91232304182523,-214.2240187675057,408.1715091454544,-82.02943645030236,-140.00501619158754,-464.8126489419052,-29.309094716136762,383.53252437149416,-129.02384915828185,499.9945002437933,-430.0813924585589,371.1786680929563,-413.5043585043278,215.42146969036756,472.86467405353727,463.74368728040406,-133.42537420031155,35.609190375163486,359.60560592582715,-92.85600107222088,240.96912875733062,-103.95309929730384,-303.97726876552844,-157.69358472080074,207.8608697415783,-165.2982051862923,-359.8449830003528,-56.49910934165323,-83.80433017216983,-156.2471433874996,-141.1229790161739,-103.5241476963589,-271.6942734389653,93.79646961916274,348.96159779745636,393.72335534864845,13.300628169809126,498.47762399197285,-379.8364717743914,496.5190201945274,13.449607036645519,399.42570321210235,16.636843782823092,-95.50686927894995,-469.652256302371,-228.6239086681492,-439.82041946652265,495.75016126235846,-111.83275516093687,-9.169185044011726,-498.1568572783115,63.29705894975478,455.8010566369137,-17.885662257145285,191.79775114867454,-179.23238823454662,402.59892312433124,340.78115790504637,13.763337265954537,456.80745310466665,-44.38096561587102,203.6512088458066,203.0716859298741,-337.064977543231,124.55158209046591,444.20737393465754,-179.9712113415431,483.2265765943798,197.3668509136033,289.1020339917944,-69.4701772233494,-499.99999998304617,444.99216974791017,-117.6292845062256,34.78832252319158,196.44214159551322,251.61334326774275,64.5064953708762,23.220086194214602,64.45071525867272,13.860687136674704,-149.89581659739846,227.33789109040063,1.592787396384988,86.395483247781,499.9410374792469,-268.4296151361039,200.46339185823084,307.23272032007407,365.1572380052402,-127.82189143828704,14.805802270385229,59.45940477713703,407.61571241982654,403.4320438434403,358.8976289396837,492.29723772593474,233.92656747006657,89.54911168692459,-74.04759851271926,-207.8010865848778,20.77463306184123,93.45384319747465,-169.61425732447287,153.3604713241203,-219.59582698714448,14.868952422136894,39.081570502264825,45.17496721066928,372.5349199699535,178.8910747377774,-128.06946082217038,499.9758954945178,499.99999999998266,29.507389552615983,-11.884605779694104,280.01845974155736,-14.94538536665193,-177.38837411053237,38.03403333392015,-150.2316194595314,-20.277747907234772,0.39370982279074473,351.39329645981843,99.63450993637602,210.57253974835362,-84.9076202620404,-212.1296571937668,95.66082699877212,-457.15961140214534,235.36141837555127,92.649334812863,-184.43167407316386,-497.3295815885262,-491.7547718786694,-110.1065796753429,9.39657644210437,-209.5522955085437,3.3624252852181464,163.89033846514442,179.01415162693263,-18.143226865579855,-193.09119176256158,-5.976264948896266,38.029543967245466,-286.5783496804865,-246.8951422433031,364.2095976862803,85.04238782210105,146.51814316850042,-16.313993359204716,-203.74238784265933,-161.6865059460665,11.328692729875137,11.313318594197947,139.32950349834212,-84.60917162972335,303.4284227285857,-83.44458770859251,255.0832666031933,74.62854858976475,-69.70410879044904,-239.15066243328369,-1.4014221960678697e-07,-5.604302728587437,-90.51181358124764,159.03766431204184,-62.977322948876996,-98.49049401124944,47.32472518360484,-53.92958825565926,202.39939082872783,156.9005933332458,-87.00626403519374,77.48121718478559,-22.148524798463498,14.644339875030777,-153.87310030660453,-228.32499042333632,-1.8614683514007413,-48.03175851253468,1.7491815354717835,-277.7419496367072,75.99896550631178,-57.407485469151226,41.52667755497787,71.94427147143934,-298.0442094621763,477.1021128495198,-30.20781663468275,-380.48725177858125,59.11802310942101,17.369718277569298,-450.084712263849,99.44112228138223,386.3467169931152,-1.4014221960678697e-07,-379.6055405801509,-136.52706415855644,323.3461718251037,-92.38715079685007,436.5840157867101,-499.8501712882225,-499.95025412018737,-8.234988532710256,76.80715248947534,-64.18303473383342,63.497947456207946,-303.2210460748884,-499.99998211484876,13.401792986445686,48.41564978384436,96.23132995854294,-492.49297011264673,-149.6706063455352,-184.41416874120156
350,-5.2383256843313575e-08,500.0,499.4949659324659,60.45233077382565,-213.20826449177164,-7.86276359576732e-08,-49.967596683997485,161.25192569028434,-182.84623780180493,74.12674989514967,-24.62001991261286,151.53716310379284,351.2262227283914,13.016215265400565,14.882826653541116,164.22208046178622,362.6343542001891,500.0,-46.55674843837228,-496.2857319537076,286.2921811609456,-499.5634764069014,-39.762818860672716,-36.05560940795816,-270.4420747460108,-108.22908316607021,247.73612105526252,190.76386559632994,-379.176179297025,225.39049262143664,-1.62826391187161,124.47716934575449,-98.45840433399975,-499.95343408612956,-29.40856823300609,-115.9517079565991,127.51387196850803,-285.47668157807317,-188.49467340968482,-1.335951507114029,-98.88405582524746,120.8158013702268,-315.22919384020963,-412.6873434506386,-358.39811592407824,-129.9060128428308,3.1616249123507694,5.786133588621648,69.61341621140716,325.9841664310531,304.66081520754017,-205.2170736833938,351.3197342361099,-254.00138277966673,-79.78149297595877,28.340137097629896,191.8832791937714,108.54051754558931,-13.679020619726836,482.5119320321525,-476.16994119404706,-155.49968555510068,-110.17447374098543,394.374812593475,-215.51806485545492,408.184374837799,-82.78115413415337,-140.09482572115175,-464.81005179340764,-28.803217806332402,383.4619452725866,-129.0026889277083,499.994476287762,-430.45814035546766,371.6501327203216,-413.6838012094922,216.04391495239227,472.7999258998374,463.68933205298845,-133.7081429726109,35.90771399207308,359.61866888334623,-96.3319383609735,241.83608433703407,-104.21293152911424,-304.19973593176474,-157.4670660124084,207.42423614078666,-164.65868960941907,-360.39603138740307,-57.02851734711668,-83.88458054683232,-156.90527328546338,-141.2173176290939,-104.20480887974631,-270.8658152085504,95.06275713061386,347.9339300598631,393.8308526402625,13.388231276295302,498.4763734176646,-379.7435343655302,496.61051238520315,13.195766815326042,398.2377257027252,17.54276707840881,-95.61401200463688,-469.6478687620594,-229.14920661083943,-439.8898918587653,495.8145918571781,-111.76286626055419,-9.23788017370571,-498.15565122702844,63.257655923982014,455.7637423406705,-19.381227358341942,192.1948411096729,-177.69583131021136,402.3405527536148,340.76641225972526,13.8418004334086,456.7354960331502,-42.73809795573656,203.60018274727778,205.52465104158964,-337.87422503739555,125.43622440783483,444.14541169648913,-178.67695562913184,483.2218312312291,199.05455597177937,289.12264151447243,-69.4714994165902,-499.99999998304656,444.94412049608223,-118.39158685097588,34.73855085302088,197.95436124931956,252.15365194809704,64.92646823148559,23.132243211812295,67.76523510982341,14.567998705449376,-150.0196747002005,229.68377026938757,1.5406680920528424,86.86057914893452,499.9389358140654,-270.0407109325891,201.58488416271177,304.6062087131601,366.6102134742711,-127.24935432422436,14.577067879661637,59.43138217414286,407.46392252296846,403.6986432867786,357.46367619134685,492.17920855430975,235.75367782702105,90.30272478529591,-74.01125395119486,-210.8156745104315,22.764536370274488,92.28725079413655,-173.3877978221916,155.14318013163216,-222.6211890351392,14.102432066204457,44.252700470729984,40.674300458506536,374.12235232380084,179.50063098006186,-129.50398871383416,499.97583734679887,499.99999999998255,31.003979278073572,-11.749177486778573,283.16007186486326,-15.029304591776997,-177.55863951412607,35.99305672886584,-148.9000228800069,-20.945204156600493,-2.8356966479392876,351.9147784541684,100.18485933411503,214.3094413406771,-88.95499894606243,-212.56151201637977,94.7907600116408,-456.85023902240096,237.42407193397707,92.94044267089835,-184.52440726916453,-497.291283767539,-491.7091099022375,-109.95146636651549,9.781244301299873,-208.67881512418535,3.208605591837843,166.16399878301496,180.91922687691763,-18.91501835590369,-192.47426528192346,-5.95301417726506,37.098314759119944,-286.57904935082274,-248.85084289642995,363.69130168550976,85.96579652695917,147.45625903668846,-16.80647957413563,-203.54809483239055,-160.89103552454424,10.718164208123923,11.802466625790476,140.8430684897516,-85.61190082402827,303.64224540664543,-83.32810359292151,255.00860602551285,74.79934577581689,-71.33147072419797,-184.90281815653972,-1.3110548024997115e-07,-5.558496378920226,-91.39805405040799,159.99430494550037,-64.58883129369667,-98.92716035813386,47.293183295778626,-55.65706021262648,205.1307828446195,159.32080961301983,-87.27305852321021,76.54522675125132,-21.970096102757314,14.261568910253942,-153.99733799360013,-228.2013290398906,-1.6952016093137765,-48.13919295681562,1.640673424607649,-277.5656357297243,76.77616739616359,-56.923517715323776,41.29309255615848,73.67214061876477,-297.56272501389975,477.4018793033632,-31.382210459380396,-380.64715801503655,58.757779463182594,18.21851461905785,-450.02073002660387,100.009026990751,386.4557777745135,-1.3110548024997115e-07,-369.76358672614754,-137.51588267155924,323.306433937119,-90.59874740942907,436.59841300164476,-499.84667396372214,-499.9502508267471,-9.056503443550588,79.60740044959553,-55.24898850383007,62.870763902603485,-299.91059385284143,-499.99998211485183,13.747988458816312,50.388115121667326,92.47704221239384,-492.3092252685954,-149.10266739377136,-177.87480663604148
351,-4.9003574531525373e-08,500.0,499.4805582902745,65.39691812699446,-219.45647818950084,-7.355629350058733e-08,-47.15312974441216,163.99727064229631,-180.73511610751783,76.74716745659795,-24.47960114583436,152.28135914463033,351.2481919740386,17.79447813152576,16.97321345094257,166.47867700174484,363.86603022964755,500.0,-43.88226885269727,-496.24942861922887,288.9141428004369,-499.60651646844724,-39.1396838690857,-36.491621156998704,-269.63074121272183,-108.50589583285267,247.8843756360506,192.73221878714682,-379.0649871282287,226.39845789554172,-1.9893733035988634,124.9492621871502,-98.27305324985662,-499.953434074024,-28.963608435772805,-116.7809775734168,131.25218476970014,-285.76133526746014,-187.58049934755445,-1.8813026247228555,-99.30421239052471,120.86470815241145,-315.4906338301051,-412.7070040197453,-357.24139873593936,-130.49613407652345,2.5337372214664473,6.170342538952175,69.37568730545368,325.98911840030655,304.59576996139305,-205.20729337820654,351.39443216642445,-256.27371486242004,-79.71137973876357,28.701126876524363,191.54382075669045,107.194051762013,-13.55356348509122,482.4587069612034,-476.1759776086301,-155.2417772540044,-109.68549093728875,395.7460472616712,-216.87838511726187,408.2572971579922,-83.56950089731377,-140.31671424827653,-464.80748151061835,-28.327174309102038,383.3964685299206,-128.98073172740328,499.99445572784094,-430.8306072076051,372.20853590099995,-413.86205998425584,216.87066583002868,472.716496911183,463.6343944864551,-133.97922152420267,36.397587594377526,359.631530042422,-99.76387702151642,242.68074134310737,-104.52489560011236,-304.42970665449155,-157.2435510892351,207.4230362403703,-164.03860585660541,-360.9414684310544,-57.56064603978897,-83.96251189974936,-157.65263099739622,-141.29644780683836,-104.91684399502128,-269.9705394887316,96.43142730432923,346.77351892871604,393.9347894585915,13.471912332094751,498.47547212127483,-379.58019211811063,496.71684625605303,12.92974576709767,397.0420297220723,18.54039691910628,-95.68479910115096,-469.6417203409473,-229.65532775127295,-439.9588337346788,495.87555830784873,-111.6800465793129,-9.315634906682122,-498.15398036416735,63.20998279730211,455.73096771208134,-20.865006073587352,192.60861102410706,-176.04477286666096,402.0823511011808,340.7402251430744,13.97282269368444,456.66563051123677,-40.52128941708798,203.56769334268725,208.37676112204392,-338.672603832344,126.42625747490801,444.08381048835474,-177.2487167364577,483.2168832489219,201.19875632480412,289.1621233464661,-69.47584650711916,-499.9999999830469,444.8604579998945,-119.17526413229822,34.68720607648807,199.6222813589174,252.7461985761742,65.42527050451498,23.04966380340852,71.00665158685212,15.320661631196327,-150.11022685373547,231.96587476752447,1.4903952580600546,87.37838756167075,499.936799238328,-271.6583763445324,202.81108141071994,301.93494864036836,368.14683397631137,-126.62434868038366,14.402368623958276,59.481895071112305,407.4688344233961,404.0823680732493,356.0493733350538,492.06209787072635,237.48517144846355,91.02934259610238,-73.89026641896864,-213.6786285330509,24.951361701326316,91.12505823394362,-177.03711210402366,156.87052588474188,-225.5263834892523,13.360715415231317,50.28868033452104,36.24906134916804,375.79497499679024,180.05836514100062,-130.80754216887368,499.9758427029061,499.99999999998244,32.47711954352936,-11.656263964828215,286.4767111307295,-15.103454157427839,-177.51110994183932,33.92764854916342,-147.4702464213567,-21.701692754115225,-6.040690431350511,352.57978562892043,100.73281106621182,218.19927234967884,-93.00733005367475,-212.97015347268842,93.88651700789103,-456.5219552719429,239.63456226939138,93.23096106838643,-184.57716060652163,-497.2509188868118,-491.66060743020523,-109.79539470388696,10.091734658211287,-207.79541484265343,3.0132927442791786,168.5850775361043,182.91903771433726,-19.69370385840049,-191.84272833670116,-5.927734181613807,36.118464416154595,-286.58005983996526,-250.74306198521577,363.1931804374662,86.97243991029426,148.47329290019482,-17.31091015817066,-203.32520280981404,-160.05635648491187,10.102823106809476,12.336611666373564,142.43260419405152,-86.65511839727891,303.8518639217823,-83.20282088366513,254.9162377608325,74.9197417140583,-72.97943503019808,-121.05712760965008,-1.2265081750229e-07,-5.51370071288695,-92.28401653525256,161.06482224070123,-66.25048112530861,-99.34874920072434,47.26072755099655,-57.4574003149101,207.96039795996697,161.79663414320956,-87.58275209529764,75.58223838588097,-21.78893966438414,13.820512565422765,-154.14050129681002,-228.06168589769504,-1.4938892654721734,-48.22607303083933,1.5357355033253706,-277.3694971381554,77.59776536646389,-56.48225775204227,41.114846204757825,75.49546545207357,-297.07764835082736,477.7042598260743,-32.586480713186376,-380.77822382617796,58.42984775946021,19.022984503026233,-449.953319539778,100.60781695995952,386.57962187232386,-1.2265081750229e-07,-359.2396997374331,-138.50071724835982,323.2638031127612,-88.7847281915485,436.6109232340091,-499.84273469763457,-499.95024756002414,-9.899073156772422,82.43589772081896,-45.99339914404194,62.22855642687523,-296.3670522913062,-499.99998211485473,14.084334939136378,52.34123414613475,88.94642650418554,-492.1050986831756,-148.5025460616007,-171.25235049387643
352,-4.5842170948162675e-08,500.0,499.46708493749895,71.73436535098948,-225.49323505072465,-6.881236913613974e-08,-43.977955712077744,167.19903009959282,-178.6067614279227,79.59543065008172,-24.093648582695717,153.2125995129372,351.3560527201032,22.461088824221946,19.070937914172966,169.20466655051132,365.42623863067377,500.0,-40.76568949811589,-496.1969946929239,291.7029527781415,-499.6419193739026,-38.28335741778795,-36.88993428229567,-268.5982166462644,-108.6162161224396,248.05617066593294,194.61453759314543,-378.93664417920127,227.3895150881171,-2.2868619092096414,125.43237484596654,-98.02327421693835,-499.9534340622756,-28.48807262673206,-117.51561132078288,135.17815095914122,-286.03921691199315,-186.60321350329932,-2.3599511280535577,-99.67042028458857,120.96061874678487,-315.7435078662333,-412.6796872872828,-356.00763076810773,-131.09910360238155,1.986554636176952,6.532793544144285,69.13549514530034,326.04292434032453,304.5315534081811,-205.20048356194238,351.5415438613381,-258.5788173214249,-79.64012991847171,29.033235490173308,191.19631189515704,105.89151840717713,-13.397758834567313,482.425703283155,-476.1803819951796,-154.9973095900898,-109.20623662874766,397.0488576453839,-218.22536322362149,408.3973050842194,-84.34727433954116,-140.58834195675345,-464.8049322010853,-27.885188285658177,383.33899404399216,-128.95181732631252,499.9944397606083,-431.1969708289531,372.8588767031217,-414.0384521637429,217.90246509198488,472.62834914998797,463.5800230495703,-134.2319271621801,37.076677949712725,359.64422519724826,-103.13715723051531,243.51923253550268,-104.84973527043856,-304.6491471727053,-157.02023980340326,207.90782492854356,-163.4327495334154,-361.4795680351235,-58.09938095456586,-84.03926344450983,-158.42487606781046,-141.3505220614774,-105.57506283433065,-268.9980527157104,97.89928416780863,345.6423547128616,394.03527657701005,13.539582184510955,498.47501981435784,-379.3232335431908,496.836728716954,12.644204827826261,395.8444543417758,19.63264762712472,-95.68006940719417,-469.63334770110544,-230.13390334813172,-440.0269747050977,495.9333429287402,-111.56578679895809,-9.387652284958245,-498.15187431760546,63.163614089389,455.7050685272563,-22.33334300866073,193.04793988907323,-174.29290767446938,401.82831486113747,340.71152083680533,14.153445516438925,456.59974227816684,-37.7018395807248,203.548661546081,211.5952039806718,-339.4580977826682,127.52721774179798,444.024056006892,-175.63639437335337,483.2136612903793,203.76555964548885,289.2227903282805,-69.48109541028903,-499.99999998304725,444.7539298618678,-119.92157776547985,34.63767469086147,201.44585620087832,253.39410536404267,66.00779566259828,22.971388436780252,74.15605961392298,16.134209518065397,-150.16325361842036,234.17166436457276,1.440719803570422,87.95063636489056,499.93464194160066,-273.2760028811989,204.15666724771793,299.22759588696357,369.7611349659685,-125.95160067690759,14.281058603989958,59.620462764497056,407.63740143242006,404.586028333654,354.66235584355746,491.9466568991276,239.11584991297553,91.7175009142761,-73.67250675313304,-216.3895909676923,27.33764144643992,89.96642149305679,-180.55176809353804,158.5303183104931,-228.30104253144316,12.64299727791083,57.09759821666786,31.911243842030327,377.5443273688754,180.55963721748097,-131.97573598199173,499.97591274350725,499.9999999999824,33.91674185363413,-11.572665803942847,289.9589085501543,-15.166468809694239,-177.26988009353883,31.840328087095532,-145.95201328022364,-22.546936363623285,-9.217943586051051,353.3935711612311,101.27824305262683,222.22968765473377,-97.05547532929063,-213.35288495697927,92.94639198774381,-456.17547386512405,241.99083930128262,93.51764774335514,-184.59003714176313,-497.2084872030344,-491.6092376924592,-109.63885854702966,10.325459585127442,-206.9016210566981,2.7723386776200223,171.14971865394998,185.00654836460797,-20.484892811413957,-191.1954385821627,-5.900951040627598,35.08755612528317,-286.5818364136406,-252.57037557839573,362.7158196415869,88.04841315853378,149.56745891205992,-17.828876584713733,-203.07289120129877,-159.18242117264055,9.480396068708657,12.91240088221638,144.09128939794877,-87.74015251818176,304.04845713205737,-83.06921634717648,254.79889020156816,75.00803693701043,-74.64773482681815,-48.39385677635057,-1.1474185157567263e-07,-5.4755056355368135,-93.16966218654731,162.24843653762193,-67.95973182965018,-99.75549374361155,47.22602602717604,-59.32757358367362,210.88375745949438,164.32099949958365,-87.94074272314562,74.59182401353925,-21.604690015696466,13.31823745993254,-154.30302619450245,-227.90506700200697,-1.2565542618315924,-48.271793558735084,1.4276778440452276,-277.15216123427336,78.46546906665145,-56.08783831613986,40.9807966374688,77.41207485148207,-296.58830177763735,478.00740635551193,-33.818820149140315,-380.88112381106043,58.13468605366977,19.77631031417203,-449.88198958176923,101.2406129946081,386.719677460514,-1.1474185157567263e-07,-348.0496247147558,-139.4882609306403,323.2176502290292,-86.93274799054583,436.62138870575006,-499.8383277187617,-499.9502443552892,-10.780625956207755,85.28677181855936,-36.43833750498338,61.56719180495555,-292.5951793110376,-499.9999821148576,14.404231896793512,54.264298277495705,85.64918052142679,-491.87913602968985,-147.86837897651247,-164.5763724890687
353,-4.2888132156804204e-08,500.0,499.4546432508501,79.2243554672207,-231.25725492963818,-6.437767297029495e-08,-40.51165426193486,170.77586925972034,-176.40172867911593,82.5771991892627,-23.473746652295127,154.2575576292096,351.55511000277136,26.966406688703945,21.129706356750958,172.31913951189293,367.26943024105714,500.0,-37.29424443628829,-496.12832367442206,294.6368086691441,-499.671207616184,-37.21400838032896,-37.23708233595439,-267.36142179178194,-108.55748274372924,248.21149088857578,196.3827386129787,-378.79107680749865,228.3661257799691,-2.4924201377870454,125.92809232875479,-97.70483453504937,-499.953434050874,-27.98109583054208,-118.15868546038102,139.30661519262588,-286.29352563077043,-185.56806952353227,-2.740647427410521,-99.98026716013777,121.10496291683968,-315.9768609047072,-412.6065763749551,-354.6954811701142,-131.68688879627786,1.5504707277019643,6.49743551352744,68.89807064401845,326.1414367799655,304.47863114501575,-205.1889992138236,351.76319487285275,-260.837348671698,-79.56573306002271,28.952358526470164,190.840167392966,104.62437061463076,-13.224542569140732,482.4118748729393,-476.1835301913612,-154.76043545336842,-108.73440530730414,398.29685333767407,-219.5151321995881,408.6033671713366,-85.10275456004257,-140.85450499874668,-464.80240336042965,-27.483336539429313,383.2914813285286,-128.91251775994317,499.9944290998536,-431.55583629077273,373.59220512241666,-414.21243277416517,219.10822248563633,472.54773234410965,463.5269856561174,-134.47083325693188,37.912788967751595,359.6567695031159,-106.44077187858377,244.34656178798198,-105.16828751549245,-304.8500296038652,-156.79655236020037,208.8509208218722,-162.84040089478145,-362.00898911776835,-58.64199721582235,-84.11392996643468,-159.18759763978883,-141.38336344345987,-106.1399714628016,-267.9475575883737,99.43869169197153,344.6628355227301,394.13242402626776,13.437989493666654,498.4750696226377,-378.96528529100743,496.9665961556576,12.03873920592186,394.65026689798236,20.778847631631624,-95.58431136889854,-469.62279418472747,-230.58324236029938,-440.094099043582,495.9881912360039,-111.41450278554093,-9.49173768262812,-498.1493629189422,63.04955871209596,455.68701260776237,-23.818476845156184,193.51235843409623,-172.43525973663716,401.5811632347851,340.68646793616506,14.380488329380665,456.5392587225273,-34.321604426273204,203.52292691359142,215.0902108310558,-340.2290618351079,128.72444586263777,443.96628213594175,-173.83921695828045,483.21379692995885,206.65765884280523,289.30303305408745,-69.49254278568205,-499.9999999830476,444.64180645441047,-120.63072186431675,34.586894299372545,203.406296465291,254.08520667890915,66.65792049406028,22.898595127996057,77.076873528715,16.99000406681309,-150.18653361027165,236.19541885476136,1.3920443095273696,88.56240154823688,499.9324806252661,-274.891964973416,205.61604867676286,296.48679210455373,371.438153709661,-125.24107629806888,14.18642892758436,59.83433436159496,407.95478737809475,405.1956734737875,353.30896371220297,491.8336350243703,240.54156432991866,92.22153847678075,-73.36926722292051,-218.94988779196945,29.904775310748487,88.65530704939141,-183.93130431179432,159.94942443470012,-230.94682005412872,11.836035075927223,64.5070184645388,27.65273300388306,379.35867993706046,180.88708042295968,-133.00689552025676,499.9760430114948,499.99999999998226,35.19992065522117,-11.5098143686552,293.61716211478046,-15.218635800802527,-176.86654667258247,29.597570509514444,-144.36194649571678,-23.53085900378215,-12.490264925735145,354.36095189617987,101.8199499194824,226.3967454637972,-101.09296532436882,-213.70767718798382,91.77825434475025,-455.81104498009495,244.4905687672458,93.68466342325021,-184.56140129339406,-497.16397178696315,-491.55506616235834,-109.48275519055233,10.391204351599368,-205.99589724277942,2.2821814326907637,173.84805247535908,187.1280417071859,-21.42003836265391,-190.53868344018275,-5.873233823394133,33.84496707086266,-286.58493904626687,-254.3286352291017,362.260069893293,88.99882373499334,150.67570322585783,-18.54002837884347,-202.79011749090554,-158.28381001019628,8.599290555978637,13.364458940243736,145.74472377878513,-89.02639833930135,304.1346370482161,-82.96956884935115,254.59665816604092,75.08111237232194,-76.52780592527834,30.921632036238666,-1.0734220268204808e-07,-5.479314379768794,-94.20140354036485,163.49026122591877,-69.8250329726896,-100.20625394911966,47.02147599766042,-61.34351929380694,213.89109284374868,166.84450084602778,-88.44392121126462,73.41652420733877,-21.446973158782697,12.586518357853258,-154.55331730507027,-227.73167049497278,-1.0063734801460384,-48.272946713464094,1.1679635440559564,-276.9065534763905,79.35705961282,-55.87199749340248,40.75252694423663,79.40653591283827,-296.0932543515107,478.3076682778902,-35.15273264613679,-380.96618820584416,57.83892647110554,20.466111414108468,-449.80684241584953,101.90101236316252,386.87298223509146,-1.0734220268204808e-07,-336.21101764874027,-140.94497486225634,323.1676135833234,-85.03903762829707,436.6296376821757,-499.8333650326501,-499.95024125533456,-13.057415191810586,88.14281181903183,-26.575086977804766,60.53385008680963,-288.71603945722586,-499.99998211486036,14.510985370276742,56.09710722308878,82.60279976591114,-491.6323357645485,-147.2109535014616,-157.9355128657439
354,-4.011963028460741e-08,500.0,499.44322682834803,87.07338910176385,-236.8690776619041,-6.022310117259622e-08,-36.96923185556759,174.57891297591542,-174.1778651844541,85.38124439173274,-22.670011547894077,155.13157684610886,351.81587342205114,31.036569864765536,22.988042599531045,175.68474576942927,369.3144038176825,500.0,-33.6856515790142,-496.04448099395154,297.6267174551274,-499.6957181321534,-35.99273335436788,-37.60585474177279,-265.96272013492927,-108.36117832991441,248.13865980721351,197.91565144577035,-378.63621287792705,229.31863492815515,-2.6154468464524543,126.42549278453602,-97.3332326906817,-499.9534340398094,-27.45443329401595,-118.89959123642356,143.95563170298328,-286.52273596089344,-184.52351099427386,-3.029451370673804,-100.24599439453094,121.30428004297842,-316.19579895984253,-412.4945497321291,-353.2671547580271,-132.26004661100484,1.2165502446171454,5.556052855496163,68.66601698053869,326.27082089123957,304.4480667493345,-205.1707978190285,352.04550906795174,-263.01893684458673,-79.49622542472288,27.95365297054064,190.4764691344158,103.37536382195646,-13.078670899420725,482.41250203564755,-476.1873779711986,-154.52882679957264,-108.27703163070998,399.48660043124954,-220.74087632469787,408.86510391939817,-85.85917784130325,-141.1053865192508,-464.7998881613788,-27.117946037714496,383.2538924294308,-128.86459296573602,499.99442347961417,-431.9061590018551,374.3861944005956,-414.3835496325178,220.42908808589536,472.4863561528289,463.47536076690636,-134.72521557442124,38.859137373873246,359.669188379432,-109.66665598665735,245.1314993865221,-105.52108673955709,-305.0373106905921,-156.56973974928263,210.20601498264836,-162.26624799861133,-362.52848409625835,-59.11516239968462,-84.15704014944849,-159.96567276226682,-141.4230393149001,-106.59870204793356,-266.8315338300905,101.0998213536031,344.0456981496887,394.22633883154367,12.564183061801364,498.4755876619535,-378.5188372383799,497.10172515865526,10.32521635402157,393.4643435659642,21.980338512726757,-95.3915288429402,-469.60914027495767,-231.00994570017104,-440.16001935676195,496.04023017251285,-111.23600561562654,-9.742779964875783,-498.1464833164744,62.69194114454668,455.6756652355434,-25.426708949273618,193.99373884792013,-170.28816121623373,401.3410422750216,340.6688339554767,14.650562777274503,456.48440806898407,-30.486616001452923,203.4337269794833,218.7444004475193,-340.98360377170445,129.98308687809214,443.9094402312093,-171.90584613307925,483.2178526341608,209.75490547325535,289.39738607347954,-69.5400377033744,-499.99999998304787,444.53899332424254,-121.40823175373758,34.509396303951135,205.52598950829488,254.78565026344035,67.34765502117548,22.86337457166976,79.349749230273,17.86948485013416,-150.18882841587686,237.6395149558699,1.372752119847211,89.18235640351666,499.9303655718818,-276.50914106586333,207.20617814669802,293.71751456601044,373.2108322268668,-124.47037057480264,14.020104603446331,60.06187248413584,408.3930186921212,405.88354744493137,351.9908165085909,491.72424799249256,241.37601150846643,92.08404824769558,-73.03290538572617,-221.3611753010256,32.696522448697934,86.68106925057536,-187.20669892135024,160.69014439372725,-233.50286428542114,10.597182990059425,72.26730408101179,23.449736013024697,381.3055193920941,180.67547074964588,-133.89976751787646,499.97622383600617,499.99999999998226,35.95407966642653,-11.575325810233954,297.7141249838501,-15.266108556156794,-176.32074021466647,26.69912163472687,-142.7149715328928,-24.690649175461573,-16.211728005227908,355.58199066063753,102.35352890259944,230.90687045012655,-105.07525810815747,-214.02219836856466,89.87679476128356,-455.41311472566923,247.2813252714463,93.55854880980655,-184.4611406893668,-497.11627200318713,-491.497550005131,-109.32730070570268,9.981194684745606,-205.06083748292158,1.0362615972532638,176.8087188840368,189.28321913034713,-22.966935426775215,-189.8778851832023,-5.840084018913487,32.00916104014997,-286.5894999530838,-255.9822950398169,361.83051883805484,89.25610625481919,151.71743243622169,-19.756476069626192,-202.45322076757725,-157.3798108542343,7.034913759236816,13.407482258979416,147.31014450167848,-90.87597018533434,303.79972442703775,-83.02184043809163,254.06072416277098,75.10881715438781,-78.9489002154515,114.59224223763137,-1.0042276699095964e-07,-5.723858573754991,-95.65536695162001,164.71142800369194,-72.08624980466918,-100.79105573520495,46.362440902382836,-63.69285987372915,217.09128158921283,169.31350906966196,-89.4081925010909,71.61206525954238,-21.40584369031222,11.289383016092259,-154.97582698812468,-227.5282006576645,-0.8082460471111728,-48.24786720682052,0.37168934031442524,-276.5729601432246,80.21678946093283,-56.11429177112819,40.23777063072665,81.50606380196247,-295.5668021267191,478.59274185959265,-36.87005154930051,-381.0227484962748,57.45069378362865,21.08528193578241,-449.7307933010069,102.55233909986416,387.0296563454791,-1.0042276699095964e-07,-323.49188230372005,-143.48293718993756,323.1197295460775,-83.11511292141067,436.63664491933093,-499.8270620321365,-499.9502383037319,-18.464178448883402,90.95033520598705,-15.90809583128999,57.49685037074408,-285.245676249079,-499.999982114863,13.497046708142767,57.55631203357464,79.91811345746989,-491.35003696355665,-146.55133485785328,-151.6127766365112
355,-3.75330273527652e-08,500.0,499.43279190412426,92.99199867791498,-242.78509686394165,-5.634137778542936e-08,-33.895052595138736,178.41582520734926,-172.16274041372046,88.14441277669627,-21.708533480062915,155.97766926102412,352.04955173266666,34.87515957639736,24.124503863059136,179.1288738451948,371.4862670208454,500.0,-30.458096303358897,-495.94704806433396,300.4639906812279,-499.7165167078409,-34.660168892662256,-38.235594018815306,-264.44260858442664,-108.03706937693413,247.9786990306729,198.79965662549077,-378.480477667703,230.24139651966286,-2.662659142845702,126.92071001487265,-96.9116398111018,-499.9534340290723,-26.93408606603307,-120.40669609533886,149.49450479550728,-286.7231344275036,-183.57081029407055,-3.228508776222734,-100.4672633545051,121.5815309895268,-316.38123481839034,-412.3495289126525,-351.60580127717566,-132.80521006835147,0.9825304272597912,4.978226868686603,68.44118340881754,326.4162536889102,304.4586544485007,-205.14350819253983,352.35831787483335,-265.0804268275316,-79.43099726542445,27.308918731997437,190.10653768589222,102.13662357641158,-12.883048599427248,482.42574366275073,-476.1959505371168,-154.29848614711187,-107.82937063598064,400.62569313869045,-221.87265867599078,409.17150314802745,-86.54667463571381,-141.33022171617176,-464.7973587929214,-26.771966216260495,383.22474473489433,-128.8069537700011,499.9944222658226,-432.2469821469633,375.21776732751954,-414.5513250172412,221.8076769347448,472.46182606373077,463.4248427117769,-134.96030634595493,39.87799731284614,359.68157572618367,-112.80835591694755,245.94391918181907,-105.85874347674445,-305.19593964112187,-156.33379824053418,211.9607705413637,-161.71059117411335,-363.0365626455802,-59.41320481384905,-84.10047012189357,-160.70548990878913,-141.41451123087793,-106.90283560602674,-265.666687271805,103.0587667378791,343.9527584748375,394.3171276338634,11.275142601856551,498.47649609389424,-377.9928532989684,497.23800683570045,8.41117249302046,392.29114369465447,23.480659248979133,-95.05870705582359,-469.59007177015155,-231.39220240968874,-440.2245355421629,496.0895160975452,-111.01609535014505,-9.925132669472262,-498.14333515944173,62.42505658217868,455.6688427389547,-27.026404642000116,194.5080115271534,-167.73166267384966,401.10679330137486,340.6668244919079,14.958107737186495,456.4345231684876,-26.295175352178635,203.4233381228461,222.47420868355493,-341.71940858232966,131.301335197526,443.8524293999854,-169.8744731781477,483.2270245137475,212.96856334345517,289.5000100150794,-69.58708759320129,-499.99999998304816,444.46468653837536,-122.07136779887242,34.431890388350126,207.98296467737578,255.52465227734865,68.113684408691,22.927474392279102,81.66491849454458,19.08035250868598,-150.02404798584053,239.02769794478644,1.4430413919234695,89.90476351590844,499.92840772163015,-278.12458406069476,209.01972320219946,290.9411206817451,375.04173113789585,-123.60959860545847,13.606009239907321,60.32307739947017,408.9317935680183,406.6171264221582,350.72616653819836,491.621281926797,242.15717545802764,91.86930286665178,-72.62753561786874,-223.57348877635206,35.96899288551551,84.86199029380435,-190.28424119019178,161.59498958311622,-235.835897197257,9.517500710377005,80.47646283447509,19.799614984550708,383.37839695937714,180.61782097190766,-134.61675569079634,499.97644407851357,499.99999999998215,36.876511551914795,-11.577558725457088,302.5337853970465,-15.298713833197054,-175.6543717622134,23.97764151451346,-141.01410915078037,-25.415192551372524,-19.5649760090324,357.2838022892582,102.883303746695,236.02144108308912,-108.75674551294959,-214.27167814579497,88.30133900357819,-454.94150979792647,250.6891413176825,94.00079132044705,-184.2608386355623,-497.0606378374171,-491.4336661154723,-109.16685937449233,9.772018701820086,-204.06520273318824,0.1838868875486532,180.3367993540542,191.79529390076598,-24.603344194044084,-189.12416559487005,-5.782745940607455,30.564999362215506,-286.592924401038,-257.4596719918515,361.43926936425805,89.70520914063682,153.14604694924478,-20.527978581799136,-202.0290217926909,-156.3283867952841,5.917422323001598,13.866481517728676,149.1518575898804,-92.32310665054317,303.3078517765229,-83.03904951544668,253.2837439933991,75.09803854407531,-80.83887846266796,199.92285194036734,-9.39471647143364e-08,-6.1905675457222795,-96.70925471322724,166.41988887359724,-73.90144636458973,-101.30543362479811,45.79874032783755,-65.58001097897053,220.8592009341442,171.96638289480245,-90.11006847826393,70.14109874949733,-21.327293285789004,10.425242194427346,-154.88719160588934,-227.2425446632079,-0.5237538806609923,-48.160791974280876,-0.09516015321669996,-276.0985129429128,81.14754702320582,-55.928597892221056,40.190272824070384,84.17121153350804,-294.96695774887263,478.8729007562548,-38.298949838162294,-380.93174512215853,57.15931901253758,21.649000411761826,-449.6543755783222,103.22379601935327,387.17687539611495,-9.39471647143364e-08,-309.05464903110914,-145.31100756224214,323.0922188565682,-81.17285374352878,436.6473080818522,-499.8177288999265,-499.95023553333266,-23.064894058612783,93.75319313720681,-3.1214009871921196,53.80145822826562,-281.50682573067246,-499.9999821148655,12.197268521297545,59.199684067701654,77.80225528504931,-490.9296275866103,-145.80559683096482,-144.98387701495687
356,-3.511013346724212e-08,500.0,499.42325444788423,91.38793868524513,-250.07161220006267,-5.2707036957144744e-08,-32.436550372392254,181.9651858501391,-170.99558552592032,91.00544289590952,-20.640607340028268,156.976501386114,352.02827252780617,38.72189237425087,23.423809591276253,182.37650392307654,373.71637003041036,500.0,-28.680027816839328,-495.8380703666634,302.6563373493875,-499.73445381490166,-33.2726647636226,-39.752079824532096,-262.8399804856146,-107.61310380567782,247.91471611860882,198.14999489036757,-378.3451198575399,231.14176329972616,-2.640625377466027,127.41751632624332,-96.45115767784945,-499.9534340186532,-26.485607046755053,-124.23112389838434,155.22694771503583,-286.89083503328465,-182.978020925332,-3.3410313745473226,-100.65313090804203,121.91862413086407,-316.53694103903496,-412.1793978789106,-349.7169481196474,-133.3267368008505,0.8461413822676394,4.5840999228062085,68.22421197780388,326.5459256819542,304.505072127934,-205.10883587967228,352.6326520264368,-267.0300866539007,-79.35706808853467,26.866576313427064,189.7284746551887,100.870556723435,-12.662494963643368,482.4466030911303,-476.21897651573875,-154.07050004288544,-107.38023026054623,401.7069960133522,-222.9090395461475,409.50874771459956,-87.18083649251479,-141.53172685062887,-464.7948092386981,-26.468930961767363,383.20140775390354,-128.73996621956073,499.994424772484,-432.5777847890399,376.0596958058502,-414.7153224402159,223.15357047379925,472.470211212444,463.3747731069457,-135.17144963602985,40.89383163966644,359.6939791531852,-115.86299214766272,246.65238840597894,-106.13792268473982,-305.3331617363233,-156.09303239946397,213.9613900039832,-161.17689134239754,-363.5321796416877,-59.52731879812862,-83.95025549438375,-161.37485591297238,-141.37435778875562,-107.15047918853624,-264.46973289742,104.5845556637524,344.13031248776525,394.4048943576599,8.96714558516129,498.4776935438591,-377.407234642708,497.37141719483105,5.663261319458645,391.1343831806879,24.656456548239152,-94.67515833543521,-469.5660868755221,-231.73647180895344,-440.2875232443265,496.1362416603983,-110.78060463459236,-10.036992061772612,-498.1401363251332,62.22658559377377,455.6637249047573,-28.77739643558061,195.03794314606935,-164.97753992326344,400.87567822209877,340.6825339142168,15.290586185257078,456.38839519219255,-21.86480463485631,203.44731239330338,226.19041935057194,-342.43603430384013,132.63878408760732,443.79288213642377,-167.80234245195396,483.24118856982665,216.1894785331834,289.60157498948803,-69.61860295260921,-499.9999999830485,444.4327818739367,-122.66246876235442,34.37459832946839,210.39886714220376,256.2717188555831,68.77797133901437,23.094953779721152,84.14920361397716,20.532028180482794,-149.68942624349324,240.5597214094546,1.6068752494895973,90.63502102621406,499.9267280904052,-279.7519075622971,210.6936926339876,288.1215915587146,376.25635612320775,-122.7755269063056,12.485466441529148,60.61612852301791,409.5332038002098,407.34107593005695,349.5450363261724,491.5280661332808,243.07476679546127,91.37497803453017,-72.18846565340877,-225.62042871730176,39.263605804435436,83.314774119077,-193.16652575022428,162.68855070235358,-237.9349280831375,8.57017970014435,88.92558419033547,16.816853544268277,384.8964380166724,180.8440959622216,-135.17635730849523,499.9766919359529,499.9999999999821,37.98726963216085,-11.550516830639785,307.4825436569071,-15.309394050569026,-174.92066440552233,21.655067464016454,-139.29193246516238,-25.73515962892355,-22.499357791689405,359.2493903381487,103.41520095884924,240.9560584517359,-112.0045613491086,-214.4835737506751,87.05889036296192,-454.37794662825445,254.23724072597014,94.70728795444535,-184.00343136436814,-496.99283515744384,-491.3593035026198,-109.0057702194675,9.968777634277322,-203.03389437867634,-0.32803251206496814,183.79259301102746,193.83578843988485,-26.6839292822308,-188.30648330469282,-5.6902382889543395,29.40189787704311,-286.59531428226114,-258.7192133191217,361.0927961872472,90.44268046940924,154.43562927240635,-21.119569311885435,-201.54240603964485,-155.1940029850294,4.951290276953565,14.35218607667278,150.43381846033097,-93.42202904017452,302.1416991777006,-83.07799535115558,251.7931186456615,75.10948969825498,-82.3805312344169,280.03763173098844,-8.78862920217216e-08,-6.9787811820874355,-97.55929711976445,168.2170709013786,-75.29543057484037,-101.7925351129831,45.23672358906586,-66.95914363521952,224.72546071518508,173.88543410474594,-90.3911375647159,69.01461031175285,-21.230026471501965,9.884755977779397,-154.41759769226684,-226.91701433501404,-0.2029329684228722,-48.052718116985545,-0.14756239790678066,-275.56965028955824,82.11078874788578,-55.44617251940287,40.10667742985648,87.35704711423318,-294.34288693184834,479.15941380189685,-39.33561246495942,-380.7748668085707,56.9255457618634,22.12193882411495,-449.5728072449872,103.93920276962088,387.2815750832733,-8.78862920217216e-08,-292.8033447159433,-146.8187825317791,323.0969585127701,-79.22058279507985,436.6670661452925,-499.8048747194303,-499.95023297054735,-27.293751275151347,96.57304906085444,12.003124653357782,50.47486479962478,-277.1274536937149,-499.9999821148679,11.414434047209147,61.61828261595258,76.30550330435506,-490.292319603814,-145.12295358871555,-137.49662264471115
357,-3.2847310649231076e-08,500.0,499.4144397345663,76.86872058165855,-259.15444139166243,-4.930916475132108e-08,-33.11054776945529,184.88577146183363,-171.41507383213684,93.81950892639782,-19.53908423206275,158.01171141633492,351.49029172371894,42.47326483287339,20.73386372914308,185.14457305400126,375.93317917740546,500.0,-28.83483955208562,-495.7199364448187,303.67130808443113,-499.75019559410237,-31.914223642560984,-42.62615262451326,-261.2045666403807,-107.13761653796568,247.8690520100647,195.86267537568338,-378.26917344243714,232.00372214619946,-2.582371572610637,127.89118300975616,-95.99039245412808,-499.95343400854307,-26.20148569338234,-131.04410379604124,160.82059644113488,-287.0365743167107,-182.96876711285873,-3.3976785730801504,-100.81826330229698,122.26551085148341,-316.6907711838144,-411.9974078833126,-347.7438889596726,-133.8305326073975,0.7738357620810523,4.2098220973566125,68.01530153328068,326.6128803550158,304.57367130758064,-205.07117913068356,352.75941413527954,-268.90544126683955,-79.28438837306639,26.471182085598755,189.3438382718139,99.51687700171261,-12.445330788681556,482.46766472652814,-476.26597068476974,-153.847638149001,-106.94613182699052,402.67340832533114,-223.87242391548193,409.85591499799966,-87.77540135296218,-141.72251686602155,-464.79225894144463,-26.241286760544956,383.17929351964887,-128.67935455351721,499.994429515983,-432.89860300748336,376.87652622569846,-414.87538931806847,224.3828418659812,472.49724762225475,463.32367679071297,-135.38727582830285,41.82356204686389,359.70635505556277,-118.83051889071078,247.07387367516182,-106.45010860349153,-305.4701612535713,-155.8550182460219,216.0521130638706,-160.67340425515417,-364.0152821298301,-59.39346094937164,-83.73814616172557,-162.0577895442805,-141.35450190228306,-107.4257753998751,-263.2600330313693,105.54933260500482,344.47537677043863,394.4897397847932,5.613339285269471,498.47902380965803,-376.80208815809914,497.49850431258216,2.127676835548546,389.99748005953955,25.381761192548662,-94.31131215598414,-469.5389752396096,-232.06528580156808,-440.3489619781906,496.1804788367898,-110.58434117088103,-10.108297110732211,-498.13718452708787,62.03159599826508,455.656391171958,-30.686964466786794,195.5337050777647,-161.978569530166,400.64116367220186,340.7102867465287,15.626295817793782,456.3436101465871,-17.351604529945096,203.37921648563102,229.82877488619116,-343.13363443134654,133.91780505553376,443.72743813952525,-165.78222819529807,483.25712550374374,219.33081782545557,289.689886380721,-69.64975625956419,-499.9999999830487,444.4372116868328,-123.26746652511952,34.3246790949623,212.42208781962896,256.96516584738373,69.30605251708299,23.3754584794907,86.6679526484748,22.11293968253643,-149.24239841473926,242.04442685237544,1.8690307622989313,91.28059428608982,499.9255085808557,-281.41492780978,211.90736830057313,285.19740876475737,376.55752914242487,-122.02547515467305,10.567259856317552,60.863087764846775,410.15026494989723,407.9871981429592,348.45787777039277,491.4486764526704,243.94158555267887,90.44540594121146,-71.81295443355516,-227.53104782535075,42.17141531857595,81.82503781735463,-195.89723749152472,163.78380689855155,-239.84148949313402,7.589387572120033,97.08642181987221,14.198392080968171,385.598394229003,181.1432948826177,-135.60645504399974,499.9769559084646,499.99999999998204,39.06520163111204,-11.655602339216177,312.1661953456408,-15.324003283102213,-174.1516309539028,19.455058105228517,-137.57871157832417,-25.8026129394512,-25.280513471276247,361.12377230631114,103.9274356621537,245.3030824670678,-114.90228722509174,-214.68386334407126,85.90736575958005,-453.7009341943083,257.5529555254026,95.34846500151576,-183.70906161057252,-496.910989768062,-491.2715049662696,-108.8672338603737,10.317562654058278,-201.97664001951202,-0.7288850108753239,186.81195021227208,195.07477386780798,-29.479140707696352,-187.45803858853097,-5.570284531970783,28.266873336148034,-286.6081189309641,-259.68915871149903,360.7945992298057,91.19606324358739,155.34611171706277,-21.72429192705167,-201.00637388206326,-154.01984877594592,3.95952705402113,14.651635623859097,150.86383460982964,-94.37153866765036,300.2215553962212,-83.18569629941553,249.50043828403577,75.09453232463126,-83.7482454733872,348.128537599242,-8.22255969978869e-08,-8.47975479553496,-98.37520913903073,169.7965768520868,-76.51684087173953,-102.2575243278222,44.625903528944725,-68.08964737182215,228.31708507483833,174.72210919657533,-90.51590014272068,67.99035365314639,-21.148764819208328,9.46420257310526,-153.84587571750194,-226.59213902955423,0.06969909343807877,-47.99573430516801,-0.04917082622452159,-275.037706781067,83.0185104965195,-54.89788724193209,39.75281960165406,90.59702006485693,-293.7381470191199,479.43213631299164,-40.281867743466094,-380.55396319894373,56.653785655230735,22.46974672876438,-449.49065585114715,104.63357308470958,387.3087835702821,-8.22255969978869e-08,-274.99974912954764,-147.99955415273902,323.1440300971838,-77.29595527161092,436.69929732020927,-499.7879071905356,-499.9502306346809,-31.075273235859825,99.315784373815,29.792813459263822,47.35527001554002,-272.2871310190421,-499.9999821148702,10.970568667136934,64.44598226133056,75.51818704199505,-489.3225466709126,-144.68995056409304,-129.39102722264354
358,-3.072636900469661e-08,500.0,499.40617150147494,50.92174669175964,-268.8840306763769,-4.6129571273922914e-08,-34.91730885993464,187.2536575786865,-173.1997447672666,96.6096852820619,-18.39736833273686,159.07195143999135,350.4911120494497,46.14689283189456,17.407486745300535,187.48773789443746,378.0923043666448,500.0,-30.0186202287411,-495.5950231795102,303.68118878776266,-499.7642326828344,-30.6008180524347,-46.27541957128368,-259.5680319580999,-106.60051080670357,247.85328911217815,193.01675733769255,-378.2434092113229,232.82146172268546,-2.506708270072759,128.33869717795403,-95.53276733408455,-499.95343399873303,-26.07103873006303,-139.30682299946355,166.35707812475394,-287.16538964827885,-183.3328453484827,-3.4108597743084457,-100.9534063183888,122.6192696055729,-316.82542426955234,-411.81235092889983,-345.740003173082,-134.29823201288548,0.7574809666761612,4.02952676422529,67.81443660257561,326.6253451727264,304.65599096354504,-205.03102561558202,352.6927454780563,-270.657224200987,-79.21402808537785,26.266086917771553,188.95631194690245,98.09515109416917,-12.198692371338488,482.4901214078323,-476.32647125260536,-153.6284791965136,-106.52268594292455,403.5155128920349,-224.75988270229297,410.19805610838887,-88.29433445732268,-141.90246620325897,-464.78972397414236,-26.06720939080039,383.1544172673831,-128.62183054051977,499.9944353477354,-433.20931302360094,377.6539113463249,-415.0313674815531,225.559720929589,472.53817504239186,463.270339686763,-135.5848392362071,42.679033566890666,359.71864847313196,-121.70629805526468,247.33599849686698,-106.77292227566159,-305.59164462530833,-155.62441701360092,218.1684730556056,-160.19872860537507,-364.48501742606896,-58.95098729063615,-83.4713985999597,-162.7224471795216,-141.29997486497962,-107.6710327028958,-262.05553196128756,106.55368478931247,344.9228446444924,394.571761968138,2.3804033931732405,498.4803196188816,-376.1966577108829,497.6173844632512,-1.2001697575155414,388.8843626049313,26.197188164153417,-93.91821872316042,-469.51024106512716,-232.36335475916587,-440.4087515724062,496.2222734825577,-110.37433577118391,-10.074844494073195,-498.13483535910865,61.89988947469357,455.64389925756,-32.47266965903727,196.0324147830073,-158.68271432292696,400.3991651749475,340.7458671391352,15.936030408920912,456.297472191943,-12.852823084341809,203.29770566693958,233.45280787059235,-343.80992345568853,135.18516787862248,443.6566829351186,-163.85427956251064,483.2738686645235,222.42615574006288,289.76768376041844,-69.67217902486246,-499.999999983049,444.46862899687414,-123.71573889279279,34.292601461271786,214.35832919715563,257.6623841478349,69.98978480559158,23.790495850261568,89.33050613955525,23.87428428555294,-148.5527665143403,243.55386443232334,2.252087591662501,91.935272925455,499.92495973135357,-283.0991295094163,213.032758825002,282.2234181924333,376.5599064654754,-121.26466110209897,8.456812616145024,61.08793964556485,410.7650991146741,408.53248098617576,347.49740677259376,491.38918612598627,244.83247044376466,89.53940063430406,-71.44819417786655,-229.2647706654892,45.048359321669835,80.52988835582859,-198.42768711045127,164.98031353065645,-241.50624444234205,6.764335239554597,105.0654987493911,11.939434021153966,386.0306641229436,181.5915675852913,-135.89291047843437,499.97722632890424,499.999999999982,40.278228616838355,-11.788323989447996,316.676781908552,-15.34993791182905,-173.35553310351128,17.502771846018486,-135.87797021641236,-25.601772693188803,-27.77614846316557,362.96051407685843,104.41023197890222,249.42290273865956,-117.47153310128697,-214.87638068024322,84.98277045335959,-452.86778944521734,260.82793140746554,96.10888763805555,-183.3868553110356,-496.81017637574524,-491.1657929523599,-108.76572828100652,10.878974122356219,-200.89522959418008,-0.8976203924934538,189.74701299604456,196.1717354117751,-32.25983664986397,-186.56387112644146,-5.427702027217308,27.35571197709402,-286.64329341095464,-260.2915946728103,360.55575074483306,92.07317226902707,156.30417367522475,-22.125314058198928,-200.4157233384819,-152.77124259529344,3.2289253647143052,15.08997303746531,151.17425285893864,-95.07957668714269,298.80405143573034,-83.23659999882118,247.73832827397473,75.02795905145014,-84.84530922923958,400.7256842783943,-7.692142389714718e-08,-9.985808779960276,-98.98591550200794,171.44662776715575,-77.47888745469007,-102.69785461260838,44.052679094750054,-68.91511793014128,231.82837998530144,175.311623115542,-90.4106862193503,67.18985294313339,-21.066022171717684,9.243151176507928,-153.13110413340405,-226.27573590784004,0.3638061797206027,-47.90156724150604,0.290453572862873,-274.52934731134275,83.93398266721077,-54.19835267669549,39.49331327506375,93.88165274630333,-293.1621519576019,479.69162116724493,-41.022979137493856,-380.1339188579601,56.417413226142656,22.758139544320695,-449.41070045496144,105.31584584377055,387.2841700388748,-7.692142389714718e-08,-255.58711259097612,-148.60901088973046,323.24875390526614,-75.41678262652107,436.74903777606914,-499.76539471508147,-499.95022852967054,-33.896227439914306,102.00438989232792,50.97853908939652,44.79387846476608,-266.9262329129446,-499.99998211487247,10.96956458707138,67.64478522176512,75.58404582824045,-487.82973597905374,-144.34056059068556,-120.6903224894709
359,-2.8743670554831624e-08,500.0,499.39833985325026,18.056633759023953,-278.36435431599733,-4.31537046097219e-08,-36.977206826866016,189.32820831153123,-175.57788193540148,99.42056102261294,-17.194638974775174,160.17569439178294,349.26582036857576,49.795379644786294,14.210728781245148,189.59100396056354,380.17451218339755,500.0,-31.518436479510367,-495.46566744227226,303.2149241756286,-499.7769143980133,-29.325559785265817,-50.03415125257176,-257.94639478404827,-105.98435551088116,247.9056064628983,190.18029983398625,-378.2191543496678,233.6083392819308,-2.4114468890628245,128.77734031348845,-95.0697217277058,-499.95343398921455,-26.00323149472242,-147.78409851898007,171.90916069385614,-287.27447898443353,-183.79528361781718,-3.3723707759288284,-101.05222262948543,122.9836574241301,-316.9249346381541,-411.6275270782326,-343.70054852654164,-134.7200486820293,0.8095515972992937,4.052241809832517,67.6214438720086,326.6135940795725,304.73661503399927,-204.98867611664707,352.49058857921364,-272.24513941404075,-79.13300721031665,26.253344319116618,188.56666182567676,96.65812744570655,-11.89934341704794,482.51594234827627,-476.38718542854116,-153.41297646681704,-106.09204617494694,404.26074259464343,-225.56495887088184,410.53117480456723,-88.71860714124999,-142.06927737648533,-464.787229746918,-25.91997625628482,383.1263539545873,-128.55269568595068,499.99444213146415,-433.50960417525033,378.40068569063806,-415.1828985371117,226.7526201601911,472.5888927666835,463.21499555221897,-135.74237477727644,43.50126799073552,359.73077046385407,-124.4864052358693,247.54276338698142,-107.04104315498779,-305.6868366957658,-155.4086351896918,220.25447086011854,-159.75349462301665,-364.94021630473515,-58.272737271347324,-83.21501200114041,-163.30435024142218,-141.1682474215944,-107.84940151524144,-260.866694281608,107.81954202438656,345.4271448928319,394.6510559587071,-0.27955047792285875,498.48150540814726,-375.5938916506293,497.72739339420554,-4.013354895551922,387.7975237850996,27.300850496076563,-93.47029898640857,-469.48254329385173,-232.62735540661777,-440.4667754450416,496.26190781070477,-110.11242831438237,-9.90721467699492,-498.1334818079764,61.850924382962425,455.6264202805592,-34.024238378786045,196.56343397142703,-155.09030193024088,400.14984326335224,340.78368540789137,16.184296669491253,456.2488933063128,-8.417557011947306,203.27393698921165,237.10651389626764,-344.46374167792067,136.4769971007038,443.5838162582989,-162.01689971060748,483.29237077924455,225.49545409108245,289.84384944806226,-69.68042963362639,-499.9999999830493,444.5201972828492,-123.93016713657214,34.286456734121295,216.42255721130078,258.3981560051375,70.87900674860657,24.283677180759256,92.13303596072197,25.84752389535062,-147.54109533451597,245.10196314921305,2.708799301484238,92.64766872815497,499.9251691707574,-284.78647339893234,214.30883756991335,279.25943529154597,376.63077397449325,-120.42226977088805,6.458318628825609,61.3308489492977,411.36960851550134,408.99912513368224,346.69687050169705,491.35389360618234,245.7637928491642,88.78699073090839,-71.04005213049022,-230.8370338525826,48.14651428381896,79.45014171385243,-200.76361510284568,166.2783129426246,-242.94059118232525,6.137573398227287,113.04670931346384,9.973155935171691,386.51343231519326,182.17819390540245,-136.04289997181255,499.9774952069023,499.99999999998187,41.64547120235194,-11.84356294995469,321.1443366807685,-15.391137199602339,-172.55003088871118,15.798337165889832,-134.19612084300468,-25.226582032272393,-30.000181338417757,364.8442352304399,104.86138881538686,253.56714726683404,-119.78661078401322,-215.07177817542185,84.2837006342816,-451.8652595336986,264.199349620075,97.03219469221392,-183.0570729874063,-496.68652456639575,-491.0376752176957,-108.71131940363588,11.618041543015776,-199.81185157244695,-0.8535818473123694,192.81346622147964,197.42891920733663,-34.758336318948814,-185.6358769889462,-5.277173678399358,26.676273515119256,-286.7090326635262,-260.54085491516014,360.37320866974636,93.11890470745843,157.48583952014403,-22.296521452679738,-199.78858130740173,-151.45899146993347,2.812960739661771,15.771461330618928,151.66524664097895,-95.58610891607879,298.3903100644413,-83.17506242973309,247.0147101619459,74.95881721732643,-85.7217294288584,437.97191870895784,-7.195922080427408e-08,-10.761275583708205,-99.37655800027989,173.30002787587816,-78.22549387295777,-103.12210090101576,43.55371660669305,-69.518905853608,235.36477518808175,175.9952105926616,-90.1175289282663,66.60996810500352,-20.974532667712417,9.17102234013343,-152.3347441460888,-225.9847053955782,0.7149797116129392,-47.72433394568738,0.8464805570322829,-274.0869886700161,84.89525448754961,-53.40473921643419,39.33059260071485,97.236258752524,-292.6333428146798,479.94479648554295,-41.55137480529857,-379.5069356429248,56.258561505646504,23.042160970494,-449.3291509173468,106.02234114941668,387.23954379962726,-7.195922080427408e-08,-234.8010488869309,-148.6991961134213,323.41295203588413,-73.56337123553594,436.819263986886,-499.7360637145994,-499.9502266508585,-35.76621721495331,104.67894368302868,75.36808130689448,42.95554229751995,-261.04267332518253,-499.99998211487457,11.466683259815806,71.10261042543954,76.46540463410145,-485.6354181650622,-143.95223797116535,-111.45125476018184
360,-2.689193934202194e-08,500.0,499.39085417890146,-18.349509189540314,-287.30467983739135,-4.036701284348964e-08,-37.19977420006884,191.42120359167177,-177.8497621647452,102.22264157230964,-15.944513767807786,161.29567323491136,347.95406467307674,53.42079754371686,12.481335441635473,191.57701047273798,382.1585960582632,500.0,-32.894270053561534,-495.33440121448024,302.5783634166028,-499.7885005228743,-28.09974517256935,-53.513139875889266,-256.3623263290752,-105.30316528501423,248.01998738074244,187.4773764358999,-377.9119190713789,234.3735508239071,-2.2978590408242283,129.21885873268718,-94.60533985808384,-499.9534339799792,-25.917611932336587,-156.05914518168004,177.43201540521954,-287.3636061480957,-184.07373131672767,-3.2812665234109173,-101.12448659076604,123.32197963325427,-316.99246185729265,-411.4467031785911,-341.62395987164206,-135.10342446812783,0.9294701880898307,4.182082527601353,67.43606224849805,326.58437345634064,304.79266232911016,-204.94712667526704,352.2154376353436,-273.67231580065345,-79.03514004729563,26.34521414732727,188.1743681244996,95.22556992691447,-11.544373435117418,482.5434014558877,-476.44418607287577,-153.20431337218236,-105.6472429827556,404.9177839185212,-226.29194810289135,410.8528187328084,-89.05131445085743,-142.2265844527825,-464.7848127437446,-25.796192482760418,383.0957378712126,-128.47149743511605,499.99444976733423,-433.799550973139,379.12100211827646,-415.3297756093851,227.96056075576462,472.64672363298183,463.15829369018815,-135.86113065049557,44.28753716992395,359.7425865413563,-127.17135027359716,247.68433805540624,-107.23976832207184,-305.7587345494118,-155.21828598281033,222.24540187475998,-159.3444400906901,-365.3805859378339,-57.492282044532494,-83.06145627724175,-163.79110052830464,-140.9575722561784,-107.97327590940627,-259.7025220509674,109.29669045768236,345.9650163673787,394.72771312261307,-2.3918594789986938,498.482569970465,-375.0025690399583,497.8280889825462,-6.391368514772771,386.7376741732913,28.640546308363668,-92.98142910360193,-469.4594371237759,-232.86679431093367,-440.52300417939193,496.2996652502002,-109.81479839253358,-9.6182647886295,-498.13343799161373,61.86135243716278,455.6049777954855,-35.36542876780134,197.10088225731909,-151.25758543457493,399.8950443978618,340.81451073504195,16.334243763207795,456.19803714682473,-4.101793128025745,203.28484652392248,240.75734316081198,-345.0953830309248,137.76826105983017,443.50996753878553,-160.27617159143117,483.31294965302806,228.48904288978184,289.91985313945133,-69.67678332264356,-499.9999999830495,444.58642760244993,-123.94538361307018,34.30527317411661,218.60701916759803,259.15229947202664,71.8647866192237,24.7590666446482,94.97589819407484,28.01342406793682,-146.20431529397294,246.63214998348977,3.1510789266419565,93.39188345147431,499.9260713483492,-286.4665530633006,215.71811670265444,276.3120350739221,376.81480241579936,-119.50023541732652,4.608830017349096,61.598068917644966,411.94939773675344,409.4022316110041,346.06554454828284,491.34261145773087,246.67418215948584,88.12531345138923,-70.55857034977359,-232.26298187717825,51.45909905757648,78.51736726114723,-202.91776361921103,167.59507112263708,-244.16618970891116,5.652560889183998,121.02144209410666,8.195223831466121,387.08152363262116,182.81933805340927,-136.06775554355158,499.977755210098,499.9999999999818,43.07209455635558,-11.815861507709432,325.57102071442336,-15.453921907315422,-171.7437255674602,14.255078486540109,-132.54075359304,-24.80177861386488,-32.04875436949773,366.7614383454732,105.27627158648498,257.73800331233247,-121.95531797707558,-215.27823331435283,83.71012680277325,-450.7171616514813,267.63312416301153,98.02136185525221,-182.73483540101614,-496.54034265499286,-490.8861808388195,-108.71357100788825,12.433054068200352,-198.7392709464597,-0.7081346597151472,195.987889979301,198.82777872463444,-37.02428835107385,-184.70101792054834,-5.1533509807030615,26.119695693449806,-286.81463019033623,-260.5079350284404,360.22650246051455,94.26828819035451,158.83378415908393,-22.33556033970262,-199.1515387125182,-150.12643022599883,2.5886479373570017,16.61345356500221,152.30141303529342,-95.99625488449911,298.6023579540527,-83.04493322804798,246.9175473015754,74.92676743787412,-86.4925212013715,462.5706411064224,-6.731715984642506e-08,-10.899838369080918,-99.63984101656854,175.28977457832474,-78.87093710274205,-103.53924375436583,43.10345866284092,-70.03076998753994,238.86858022051464,176.735348306788,-89.75010389452105,66.15357946825839,-20.885449630818876,9.133196885805344,-151.56830059800546,-225.73673743098968,1.0983692824385953,-47.49019243393629,1.4924461297886709,-273.7400792231861,85.8789223442211,-52.636761880222366,39.12420165502649,100.60468691824826,-292.17134409437233,480.19009425891556,-41.95950609735277,-378.73801545460066,56.15506336731394,23.323586458743257,-449.2445664579369,106.75161109863885,387.18153443697565,-6.731715984642506e-08,-213.1287120563399,-148.47063164489776,323.61992262887037,-71.72957528364161,436.9065907804241,-499.69909953440254,-499.95022499404314,-36.971312278083545,107.32941734816423,101.91416789324728,41.731523706793446,-254.70918126761916,-499.9999821148766,12.305960129140255,74.55088851911886,77.99717501198938,-482.5740594777671,-143.52528541543924,-101.94908652488742
361,-2.5156623451039192e-08,500.0,499.3836110838482,-55.91687425882983,-295.44965991395094,-3.776222001761198e-08,-33.066346337122795,194.19037345760213,-178.88858792660642,104.95306846358221,-14.725735345908467,162.3877001877434,346.62494371997406,57.01425465108047,13.659695441529022,193.72805919213474,384.0172167953049,500.0,-33.42278066816308,-495.2039245218664,302.0113688709164,-499.79918818761723,-26.938336435562945,-56.111637824958706,-254.85004023086228,-104.63714418827131,248.17138966589803,184.9957978015983,-376.938097219245,235.1250818812627,-2.1761948780546865,129.67933903427075,-94.15005749723191,-499.9534339710188,-25.661269708480482,-163.91554082022668,182.8561351172563,-287.4379724813664,-183.66762611210834,-3.158811291955401,-101.19357978091169,123.58357658201795,-317.03827686587954,-411.27503734587066,-339.52547304312884,-135.46301682472208,1.0824505101900994,4.328636160758348,67.25800026649692,326.53593021258337,304.79947373765964,-204.9111777625239,351.89937401427295,-274.95524178818516,-78.9203791027526,26.459203486941465,187.77977311043466,93.80445879957361,-11.111980326209478,482.5695097816124,-476.49693490102953,-153.0069122732324,-105.18749091670718,405.4777312746892,-226.9640855628424,411.1579594934447,-89.28146731884462,-142.38046030742575,-464.78250986333524,-25.70237029228533,383.0626540562225,-128.3842460311752,499.9944577946479,-434.07953132769745,379.8105168104749,-415.4719942665375,229.160160049171,472.7084885625608,463.100556173748,-135.9453654398704,45.01569845276571,359.75394764186944,-129.76363995267607,247.71385476700698,-107.3826779332858,-305.81429338637014,-155.06471390611742,224.07578529615586,-158.98155517205078,-365.8063511693074,-56.704551977854756,-83.05949668024012,-164.1959769526267,-140.67069699605887,-108.07128799567849,-258.5752110308498,110.9016440457843,346.5100546422235,394.80182220537296,-4.036041307448557,498.48349841011645,-374.4374584944865,497.91906921782413,-8.443056204339982,385.70509174883483,30.134822720767076,-92.47901421739178,-469.44451351334067,-233.09381460576057,-440.57746991381254,496.3357958095921,-109.5057146237788,-9.219998321609665,-498.1348414175883,61.911400979484554,455.57985250389106,-36.54055061983993,197.6076237509764,-147.25452247562131,399.6360803452511,340.8274697942177,16.357024298176388,456.1451811657739,0.028398356729144175,203.28094610041035,244.35890615449958,-345.7055884534275,139.0242118350111,443.4348656864374,-158.64885263858332,483.3350490919641,231.34699526058836,289.99339636249374,-69.66451504893722,-499.9999999830497,444.66283616412596,-123.81143675423378,34.34611387894499,220.85740464117004,259.8996347377533,72.86325460707388,25.157550937333546,97.74881961381845,30.32143982691277,-144.58033275257117,248.07357793359702,3.522542078755002,94.14066506734383,499.92752939354455,-288.1336874080626,217.20298136463776,273.3711577857187,377.08841025804946,-118.52328985245272,2.8933710661329144,61.902497985603354,412.4874323255701,409.74350719604877,345.59376282220785,491.35253955104605,247.48780652219986,87.474287971964,-69.94731344749046,-233.55857117639448,54.91734378396058,77.65401509039438,-204.90564210866842,168.84508923666766,-245.20315001049067,5.247383899821188,128.91666461262193,6.506723006649792,387.7107911764855,183.4296299251381,-135.97103968262806,499.97799976859227,499.99999999998175,44.46490292303917,-11.738043091310274,329.91153099182867,-15.534085427721903,-170.94163524889524,12.78072003637475,-130.91634481861163,-24.41703468260842,-34.014116413669974,368.6692144564782,105.65993934515495,261.8797430068454,-124.06496651155226,-215.497929151082,83.16869687041873,-449.45840226798475,271.0596903612247,98.98336990411126,-182.42651053085183,-496.374552281301,-490.71381733286034,-108.76577411578658,13.230254188574238,-197.6847284481693,-0.5583064338254974,199.19872117837303,200.29955358846547,-39.142011451968415,-183.77851061187488,-5.083634723021496,25.590241193795233,-286.96115391561943,-260.2629674609021,360.0967608001282,95.43971231718949,160.2636280856214,-22.332511220755435,-198.52020056865186,-148.80695487960222,2.4392863508755473,17.521590874564748,153.00637590802765,-96.39640789321716,299.0320530327053,-82.89467626125072,247.0179964156481,74.93916621352929,-87.24624550088811,477.98431378008405,-6.298068910837172e-08,-10.742304428758244,-99.86127545623799,177.3264049980852,-79.51099845284773,-103.95309653303553,42.67117770958335,-70.54921257297083,242.2645208319056,177.45999832209807,-89.4106562252479,65.72928203442983,-20.809015142101025,9.039413391347734,-150.91366622843734,-225.53724306825572,1.4848901654994493,-47.231518508750064,2.1099883519809177,-273.492833009139,86.85540461508093,-51.98103248306179,38.773428966100845,103.90521035161179,-291.7823057344844,480.4227005869026,-42.34357385763153,-377.890198905864,56.073124944123165,23.599016886945222,-449.15842417421453,107.48498671449043,387.1106093711354,-6.298068910837172e-08,-191.07185147198092,-148.08514979046143,323.847978898093,-69.92825581555446,437.0039098846713,-499.6540065654833,-499.9502235570937,-37.772045789970164,109.92917141572697,129.40426651371845,40.92703424536257,-248.05430756135416,-499.9999821148786,13.278878073463272,77.7436778215797,80.0179536491281,-478.4536934900737,-143.0831398814266,-92.49506608473071
362,-2.353408490307629e-08,500.0,499.3765080867176,-93.03369252286963,-302.7739807201072,-3.5328412195667624e-08,-28.00298370889892,197.32787296237396,-178.81857141593642,107.51832557596093,-13.63149988275944,163.41745422274914,345.3177948730647,60.54623788749982,15.309556022840164,196.03635678580633,385.7255488590659,500.0,-33.46158476485253,-495.0765863167831,301.6216546523569,-499.80911978369176,-25.86867492386457,-58.132222538921816,-253.44244372590225,-104.06677121376879,248.33416726759518,182.72079292487112,-375.82323545055726,235.8658356718867,-2.0660392591894223,130.1549809283332,-93.71993716553742,-499.9534339623255,-25.228993119214135,-171.24471220707966,188.13132920237487,-287.5077123093662,-182.94129695133125,-3.0489396653024636,-101.2907642198026,123.71974182859317,-317.07385960751054,-411.11692714444627,-337.4258481545974,-135.8197450852835,1.2075017577881375,4.4392527237307045,67.0869571259284,326.4683133400174,304.732244509232,-204.88678076711653,351.5595059591604,-276.1132141557186,-78.79104565065406,26.547255051091263,187.3843415693715,92.40819905065457,-10.63478014209986,482.5916485486477,-476.5460015540515,-152.82612689462047,-104.71644246875897,405.92611762113944,-227.61526750288303,411.4416614217213,-89.4449156581644,-142.53759719128792,-464.780353314518,-25.64375437666046,383.02668176079675,-128.2968856538695,499.99446555920844,-434.3500764449742,380.46468573588754,-415.60966905787865,230.33195073566586,472.77105419712586,463.04189509311664,-136.0044916748811,45.671703586022694,359.7647129973759,-132.26707327867993,247.59128768303128,-107.49015966497757,-305.8607953929261,-154.95883561006687,225.7132058043257,-158.6740711103551,-366.2180190979146,-55.95192757913409,-83.20567066369347,-164.5395038175951,-140.32982104165853,-108.17752995372443,-257.49941685214935,112.57022167255955,347.04058948833875,394.8734689301529,-5.282348213442324,498.4842635482261,-373.91186808747244,498.00044536192564,-10.250953039884747,384.6997169584496,31.721775834932963,-91.99056405250992,-469.44111035685955,-233.3201885397852,-440.63023885712715,496.3705111203247,-109.20436004871787,-8.736935017131529,-498.13766262496796,61.97665174815801,455.55102308322216,-37.5876689561737,198.05231154340447,-143.13919597966756,399.37381789841913,340.8113667584141,16.23785455898727,456.090349459554,3.919336124412747,203.22873874448945,247.8861078036487,-346.295328139026,140.22146335820108,443.35827546259964,-157.1524373347363,483.3576234807376,234.04069073719978,290.0620056225969,-69.64700043876478,-499.9999999830499,444.74494871969273,-123.57246930518151,34.40508164233702,223.12071531001504,260.62132548364656,73.82683783134041,25.467163055812293,100.36569740367051,32.72175090272747,-142.7114657056583,249.37261246075172,3.810840309555179,94.86389326738174,499.92939621232955,-289.7807294455283,218.71621528749466,270.43492229456666,377.42060957684146,-117.51389615852423,1.2884311651245437,62.21884410117846,412.97368989017093,410.0240726965202,345.26238830189214,491.3802436347175,248.1459921965904,86.77546402004012,-69.29213690419894,-234.73716346036903,58.458769660663755,76.80822455974474,-206.74773045808323,169.97121017390404,-246.06584760515557,4.880790944283922,136.66542128416307,4.844660036262109,388.3728383868651,183.95341708815386,-135.74661545782715,499.97822458458336,499.9999999999817,45.76433090132841,-11.645096224363723,334.1270178206582,-15.6157788234361,-170.14648939702528,11.318818392563685,-129.32405747704306,-24.112119517110372,-35.9503116013691,370.53768098146776,106.02834644140248,265.94463705397334,-126.16429363339878,-215.72855005441914,82.60774703326943,-448.12020373088416,274.42855285743974,99.86979736536264,-182.13176618193125,-496.1926491533719,-490.5246544983938,-108.84395215139526,13.960137849735474,-196.65001594025622,-0.4548511667472253,202.38855363487178,201.79153901224782,-41.17018469826133,-182.87695344117762,-5.06995557871462,25.03937182964413,-287.13586405629655,-259.8570518165864,359.9753033006084,96.57848814142618,161.7166053884173,-22.33671444216036,-197.89948448739148,-147.5162531388815,2.2987703777959694,18.436036221497755,153.72752049289076,-96.8280725299242,299.4429836386071,-82.75236477473578,247.0745776724854,74.98366752352447,-88.02318381628693,487.28109120875394,-5.892070475965739e-08,-10.546336678921453,-100.08922645274771,179.35157443761284,-80.19035980450612,-104.36217850482976,42.2385136880078,-71.1147468625562,245.51133876226342,178.12942924609035,-89.15183345025935,65.28679803207216,-20.7490445988217,8.847771356998019,-150.3993967245367,-225.3805629514769,1.8524540422443332,-46.975689910603585,2.633638148061113,-273.3304439591966,87.80182278865834,-51.468641307816284,38.24499953045897,107.08277827276778,-291.4604383953745,480.6383832900684,-42.756648454071474,-377.0065948007136,55.986915386088434,23.879247569552497,-449.0728132842036,108.2045681646381,387.02871305348924,-5.892070475965739e-08,-169.004130017381,-147.6361939083001,324.0805643093264,-68.17687199867987,437.10458933113495,-499.6002972946011,-499.9502223398533,-38.33834506147977,112.45622164178353,156.82487550869934,40.379796247265794,-241.20689369844868,-499.9999821148805,14.227264484100967,80.54582496515908,82.41265713260228,-473.0379420665455,-142.63927667002028,-83.31675630181392
363,-2.2013409761711955e-08,500.0,499.3694795250458,-128.63065757911875,-309.5166858449835,-3.305103746242822e-08,-22.93018189187797,200.35822392987927,-178.40170863948174,109.81267546018154,-12.68340648923751,164.36447695505845,344.0422230284316,63.96832745590424,16.999776602692176,198.24195356292208,387.28215902239634,500.0,-33.45897748916424,-494.95367263362834,301.313611497852,-499.8183840790714,-24.905219239736873,-59.975071819907434,-252.1444965825672,-103.60438280651618,248.48207799602835,180.56605331898245,-374.7182798244136,236.58426253850556,-1.9879566930627235,130.6243652379155,-93.32951062128552,-499.95343395389153,-24.757040622792832,-178.11807185821348,193.23712248196384,-287.5833927648132,-182.18374988810385,-2.982413637727139,-101.44522451746147,123.69170325637285,-317.1079846242874,-410.97356627757796,-335.34175450264485,-136.18623328326072,1.2745318574705877,4.498129433048785,66.92263787017662,326.38784969331596,304.56961677443394,-204.87917223282818,351.205234621576,-277.16209539465086,-78.65333115658146,26.595031337230683,186.99028278182112,91.06285436428648,-10.145045398704168,482.60857555934575,-476.5919277650682,-152.6661476137282,-104.24169514387016,406.25289120931046,-228.27288585969106,411.7026811213404,-89.57571974287586,-142.70177541046345,-464.7783678942369,-25.62059832388491,382.9874708368739,-128.2135307745203,499.9944724536305,-434.6117578288353,381.08469020324367,-415.7429785463542,231.4740503358812,472.83210913672724,462.982496383351,-136.05073062465522,46.2625318535712,359.77476467326017,-134.68551775497792,247.30052799997836,-107.58075273884673,-305.9030339405261,-154.90948012150946,227.17311241198786,-158.4288503169465,-366.6161973387233,-55.24262207714467,-83.46885050977289,-164.84013804060734,-139.95422846809475,-108.30947918297684,-256.4836670735551,114.26769925008564,347.54617502609915,394.94273603057616,-6.178913520560775,498.4848510387491,-373.43015194159904,498.07319255728896,-11.864209189367488,383.72109081008955,33.367859665958036,-91.52958388143719,-469.4520327585601,-233.5544342125336,-440.68138983269125,496.40382127887585,-108.920860298128,-8.192771577704773,-498.14176746450755,62.03920629249602,455.51893057565707,-38.53304455397944,198.41338524732623,-138.95288873691194,399.10924171026664,340.7558019773701,15.975806509175575,456.03356709007187,7.5573326070227695,203.11602316819918,251.34736110385447,-346.86555302270506,141.35380746594646,443.2807758261542,-155.7922858832141,483.3796854306154,236.5873827177008,290.1252573642931,-69.62791671509918,-499.99999998305003,444.8287513957763,-123.25938836380088,34.47668113730463,225.36576926986444,261.3082451007914,74.74472140909575,25.703095286191612,102.78150878274572,35.17814077865785,-140.63381568165445,250.50590358447943,4.029877720683255,95.54371496360183,499.9315407524008,-291.4002721698394,220.23375255370425,267.51186390313467,377.79262440803086,-116.48339500853874,-0.21997429952224157,62.50632079086113,413.41090533229163,410.2510122556198,345.05068819944677,491.42239380682116,248.62326007042628,86.00568252669751,-68.65856211842672,-235.8069103230725,62.04676866452525,75.96026395404279,-208.45787509719275,170.95255677083142,-246.76015350259223,4.5375735348836095,144.22642108896332,3.188146453236031,389.05157933731033,184.3708137518416,-135.38061287842874,499.9784291677418,499.99999999998164,46.9502856841711,-11.560934931794549,338.19853674429726,-15.678515100486749,-169.35940973104292,9.851353774562885,-127.76278217783805,-23.883553568797893,-37.87217584234143,372.3553394804535,106.40099315444076,269.90891643174035,-128.26295605514247,-215.96613367394954,82.01494293615336,-446.7250493108103,277.7167029706758,100.67435974434052,-181.84724368327673,-495.9977106299112,-490.32280654121126,-108.91874244131905,14.61472251090453,-195.63378447063855,-0.4074432187669124,205.52763895486123,203.28017917206066,-43.13120072882013,-181.99773122356555,-5.0941216537847405,24.46031464301728,-287.3182222122374,-259.3230173689966,359.861702085046,97.66295002444805,163.16600565550763,-22.360407127931595,-197.28848727605714,-146.25746212896732,2.147287551723363,19.333765461632513,154.4450454410306,-97.29571341132399,299.76602741737264,-82.6264993140207,247.0240618491169,75.04209780635053,-88.82582156760203,492.7402127238208,-5.5122654885053635e-08,-10.427068256666358,-100.33757545531415,181.3427482276087,-80.9119797951213,-104.76238645923962,41.799514741901866,-71.72432982083069,248.60313168994753,178.73969822903902,-88.98057136973247,64.81393404054498,-20.704416510040737,8.55754465149921,-150.01247105748143,-225.25559558935424,2.190694124565061,-46.738834036223736,3.049350795088544,-273.2302115282241,88.70651011762305,-51.08858626443831,37.55837984297277,110.12037724400393,-291.194030595368,480.83555150801175,-43.21106740143765,-376.11157984601965,55.88430817658454,24.190437021143946,-448.98956109319124,108.89730484767493,386.94169851294436,-5.5122654885053635e-08,-147.14343946406575,-147.1626088614411,324.3084598122026,-66.48813475006017,437.20429528191977,-499.5373620117576,-499.9502213398434,-38.76038236332997,114.89653656751177,183.43204128168927,39.987268012999486,-234.26646352351318,-499.99998211488236,15.07284899342474,82.93436935384761,85.10823943245808,-466.04000399720223,-142.19316817979484,-74.52113392255298
364,-2.0594598026946187e-08,500.0,499.3625186645866,-162.01314941346695,-315.7815035836806,-3.091918188147247e-08,-17.92721075655692,203.26338208551363,-177.8245547177417,111.74610220052192,-11.860364300435501,165.23470653585352,342.79317091158913,67.26481048488706,18.652739635766057,200.34665814013715,388.71133148257525,500.0,-33.422703144386624,-494.8352437913234,301.04643345892754,-499.827021783733,-24.03189522379957,-61.685076439926014,-250.9382781178315,-103.23144023656718,248.60407779698846,178.51573383215043,-373.62644149836433,237.27488445193134,-1.951451528172046,131.08051105300933,-92.9797616678183,-499.9534339457094,-24.26948641834137,-184.6110492725422,198.17321114744368,-287.6722344445068,-181.41305053634642,-2.9694343659534126,-101.68403954018918,123.47237228148813,-317.14539890463135,-410.84256412701757,-333.28247547513183,-136.56559637944167,1.2792302285552561,4.509845235997273,66.7647590064784,326.3064723178106,304.2956817974125,-204.89247704302437,350.8416719679332,-278.1120242351512,-78.51100221862792,26.607229168454793,186.59989051549442,89.80419922833407,-9.645324067449582,482.6209474863622,-476.63498367340327,-152.52897087926496,-103.76682223953537,406.45666264819977,-228.95899613179176,411.94457296849,-89.68178887361425,-142.87214920679517,-464.77656959125187,-25.62885559478286,382.94536584725114,-128.1351072389379,499.9944781624025,-434.86508933052346,381.6784507617624,-415.8721185903372,232.6009175742286,472.8907373010742,462.92281860800654,-136.08576753788628,46.81288825093752,359.78401715893784,-137.0226784473774,246.84572768146273,-107.66365668867167,-305.9422466559443,-154.92340984275157,228.50336902724243,-158.25065219803506,-367.0015255331382,-54.57114307319382,-83.81308008069286,-165.10720385742647,-139.54883051394958,-108.4666260089553,-255.5257706637285,115.97913429377668,348.0284268183212,395.00970349810575,-6.761748591796351,498.4852809054455,-372.9864104623326,498.1389021279954,-13.311762824616176,382.76825018780085,35.05777573544444,-91.0953176364619,-469.47947969494754,-233.80129814817724,-440.7310028039291,496.43572812340636,-108.653866920027,-7.595342371574422,-498.14697677425335,62.09786646053968,455.4849033004409,-39.39320458864009,198.68125037370285,-134.72383246443135,398.8441441305054,340.6527246998451,15.579962861374003,455.97520428627826,10.97288134594293,202.94971606104698,254.7744613803975,-347.41729040061466,142.43193074076464,443.2038185969146,-154.55288874702117,483.40072741018724,239.03465513460685,290.1851272032655,-69.60791295947158,-499.9999999830502,444.91141743458917,-122.88655586317182,34.558930164094164,227.58387708067823,261.965623530788,75.63137745438219,25.887969147609365,104.97826184246424,37.6669828964674,-138.37553723270779,251.4713729843054,4.201390991139753,96.1844708155877,499.9338559719876,-292.9832608921694,221.75192813815133,264.61974859056903,378.19650934763433,-115.43302247720432,-1.6358893732835982,62.76406634549597,413.8118792505841,410.43715740153164,344.94063722023577,491.4759707447628,248.91693479750236,85.16328964821234,-68.05265227779748,-236.77357946598144,65.66625205060303,75.11081931031717,-210.04184354133403,171.79008568539865,-247.2874933629566,4.219077549924526,151.5837696970258,1.5429322423363667,389.740713516171,184.6845247712163,-134.85631535470256,499.97861633351977,499.9999999999816,48.025160038034315,-11.49516905111044,342.1226706634543,-15.705910522257216,-168.58103546255742,8.38396996044059,-126.22988893224829,-23.706799577720187,-39.771884474028326,374.12386056248334,106.79222977013634,273.76678507030573,-130.34615875867354,-216.2065730382149,81.39987741485007,-445.2878269121122,280.9195806303002,101.4118836941457,-181.56940005380227,-495.7923545093473,-490.1116467197103,-108.96784631844925,15.209215700198707,-194.6338912363766,-0.40399333167830753,208.60700541289833,204.76120461041901,-45.0256492947762,-181.13856829541916,-5.131808550089429,23.867627806245814,-287.48935665917384,-258.68160770746346,359.7590121172596,98.693704143983,164.60529031892904,-22.396244866707054,-196.6846674479564,-145.0272711564051,1.9898709307724252,20.213292708375533,155.15884250133135,-97.78527338350507,300.02594306506575,-82.51297572114507,246.9015744801186,75.09978503198194,-89.63902857984756,495.8876032620033,-5.157198756933212e-08,-10.389774687572626,-100.60193043586966,183.29984887451465,-81.65776040438972,-105.14890404363244,41.35822948955231,-72.35473614269222,251.55361063037424,179.305177713131,-88.87881767537648,64.31974436716084,-20.67006136544233,8.187457943915225,-149.721363385376,-225.14961824623427,2.5044241494971806,-46.521202341374234,3.3724037709478276,-273.1696461997944,89.57430580861607,-50.811537242758135,36.75517341911369,113.02712772599996,-290.96937112866317,481.0150604181224,-43.69494508275872,-375.2201694357916,55.76895414652651,24.56839636501573,-448.9094650088927,109.56145952675699,386.85856002975265,-5.157198756933212e-08,-125.61376216578581,-146.6763187811429,324.5280773893789,-64.86476869928313,437.3009527581459,-499.464484595552,-499.95022054770897,-39.08354681233702,117.2510187826,208.69112727083626,39.69427181798687,-227.29996969271247,-499.9999821148841,15.798264077182635,84.95334666490012,88.05876176901535,-457.1264879112192,-141.73590624683706,-66.12812735398924
365,-1.9266735762357712e-08,500.0,499.3556715732177,-192.76928512421247,-321.6256914797041,-2.892556949518621e-08,-13.044716490434777,206.04737981132885,-177.18931384656338,113.19653326976425,-11.132207641381083,166.04939220873354,341.5741492432723,70.4353679235035,20.18389632799598,202.37335787562165,390.0486934764244,500.0,-33.35891839628464,-494.7204202525012,300.81559697971323,-499.83504202486165,-23.22130317213127,-63.31596169321356,-249.7966460948525,-102.92401769250648,248.70108039437963,176.5558213017488,-372.5611203975609,237.93846852633038,-1.9597474536404993,131.52171104401233,-92.6663952703433,-499.9534339377718,-23.780524513112695,-190.75501316174942,202.94679141801774,-287.7797848039254,-180.6525213845469,-3.0121599220699253,-102.04864677662603,123.03844889374227,-317.18979778855675,-410.71931130048944,-331.2515692116232,-136.960845847892,1.225856485509441,4.482535254759973,66.61304613256797,326.23867819502647,303.8970299757473,-204.9317619226304,350.4763363873892,-278.97136805497064,-78.3649326534344,26.59215458589539,186.2150174758541,88.67158706213125,-9.138468557988318,482.63059914563706,-476.6752163949749,-152.4161591867648,-103.29323242038163,406.54128767754696,-229.7009697437718,412.1742247484266,-89.77121287476527,-143.04738763678142,-464.77496876973015,-25.663265374516648,382.9016089047055,-128.06053080469,499.99448274735494,-435.1105781258308,382.2579350961632,-415.9973087388473,233.73410822174432,472.9470801704765,462.8636200052435,-136.10911707829325,47.354490236283276,359.79241105607395,-139.28276279797024,246.2385271798255,-107.7424290253038,-305.97835368179153,-155.00705921351562,229.76329609987232,-158.14759773819947,-367.37475771460066,-53.93166897701667,-84.21034992934142,-165.34540151167855,-139.1172772918225,-108.64243996075231,-254.6165684618148,117.69535453276364,348.4952982677076,395.0744485404089,-7.0645816535207,498.4856093052816,-372.56930288117775,498.19933705600016,-14.615737418043341,381.8395629179931,36.78135788426977,-90.68180843450325,-469.52529983515444,-234.06461931693266,-440.77916751070154,496.4663132925614,-108.3980588416015,-6.952273490798876,-498.15310639115796,62.15273331913897,455.45105357314145,-40.17975725247039,198.85067518482933,-130.4741885187285,398.5813682192867,340.49572432118634,15.064835057586471,455.91617375354934,14.223525048441498,202.74059660027575,258.2040931485609,-347.95180662911804,143.47240351273635,443.1292557748903,-153.40436118100794,483.42068578603926,241.43689823780028,290.2449153344875,-69.58714686125968,-499.9999999830504,444.99164148562363,-122.4631353933194,34.6503952242268,229.77267550429025,262.6024262808132,76.50329665369877,26.039918350025907,106.94725719075049,40.16922561256629,-135.96193823661125,252.27309840174073,4.343424427279525,96.79403495163542,499.93625765774834,-294.5205900038935,223.27177979233332,261.7784801658761,378.6288100713652,-114.35904360328065,-2.957678481726854,62.998057274916476,414.19388348146936,410.5996041892408,344.9162567295555,491.53825424252267,249.03066650333372,84.25146722249288,-67.47781843638933,-237.64325369814097,69.30851927898439,74.26514421809385,-211.5057736722906,172.48995161978718,-247.65140807779312,3.9290857813514295,158.73320545701415,-0.07684833026193036,390.4379419809233,184.90307742439842,-134.15966556450894,499.9787906789066,499.9999999999815,48.9957033309738,-11.449928835765002,345.9023543868026,-15.6927843711634,-167.8121211069828,6.928152996971458,-124.72303596354959,-23.55509468734952,-41.636489737857545,375.84825552506487,107.20521362809242,277.5190668123798,-132.39105515266465,-216.44696505692164,80.7762789565781,-443.82034316832363,284.0385190289752,102.09987061832011,-181.2958261708174,-495.57922208320593,-489.8937749787543,-108.98278702660863,15.764127422389869,-193.64865142039324,-0.4289740992851208,211.62466019634545,206.23615050148976,-46.84829606709914,-180.29717426075123,-5.164558552765448,23.27899528355089,-287.6385651657131,-257.9470827658124,359.66989270747155,99.67805437045028,166.03330394897486,-22.43388004468032,-196.0864794376475,-143.82208281995187,1.836067055297648,21.078056514026784,155.87349618587905,-98.28048448327363,300.2661138857854,-82.40530958141132,246.7595821297298,75.14837500591614,-90.44655246226539,497.6802765650739,-4.8239598982036114e-08,-10.39883243953129,-100.8748582278974,185.22839000449196,-82.40706757183874,-105.5175952344918,40.92042618986635,-72.98128403628016,254.3799731118408,179.84185873856669,-88.82321289174651,63.81729263635627,-20.640665360903046,7.757572244451046,-149.49407504923397,-225.0516961068006,2.80080754768952,-46.31937793002535,3.6253227214605612,-273.13044066662513,90.41420383531096,-50.60853549490794,35.876486881241775,115.8214686217386,-290.77463010255707,481.1790941612036,-44.19124985836951,-374.3472928011754,55.64701166389064,25.051787836602696,-448.8322654589574,110.20186308867254,386.78949849448037,-4.8239598982036114e-08,-104.51577791144976,-146.1832482872764,324.738626711054,-63.300726860422635,437.3938878292676,-499.38097118433484,-499.9502199490609,-39.33801582507145,119.52770211552742,232.17468259759795,39.4692743959743,-220.35175679896773,-499.99998211488577,16.414604102430033,86.66736605173335,91.23241841814368,-445.9356496411609,-141.25743626286044,-58.12176625948353
366,-1.8022547010332346e-08,500.0,499.3490209843815,-220.70351399825046,-327.0878139502602,-2.705928636714816e-08,-8.226728441985202,208.76347766118957,-176.51325374256888,113.97620427057456,-10.469124607681431,166.83234362862862,340.39472324969574,73.48407122362103,21.50650067199564,204.36955029544797,391.33237115246675,500.0,-33.22097121569752,-494.60767466525937,300.6324381037311,-499.8424376507407,-22.441840931437515,-64.88403648900162,-248.69181390019915,-102.66167302556012,248.77706747275073,174.67916617631698,-371.5168369144999,238.57743430648168,-2.0172471062188455,131.94850753530642,-92.38524732608396,-499.95343393007175,-23.292967554048204,-196.56980977742236,207.56544777118037,-287.9135626652917,-179.89502659676626,-3.1149349856043584,-102.59633803811543,122.36460025803167,-317.24544884485874,-410.5981818079677,-329.24963798956463,-137.37684361281566,1.1149876845171365,4.421154817425437,66.46723558451211,326.19947434396767,303.3613200783109,-205.0042600539015,350.12026326619264,-279.7485214599785,-78.21537479614479,26.5558194972146,185.83701605421885,87.70443552790466,-8.624610797719928,482.63995875650073,-476.712560543701,-152.32942436392307,-102.82179646719852,406.5114288230282,-230.53705583210422,412.4002124704347,-89.84952756912102,-143.22742328650207,-464.7735720777966,-25.71900571545775,382.8581707249606,-127.98828679331153,499.9944865761143,-435.34877637927485,382.8366912800264,-416.118810718086,234.8964503749632,473.0018443882158,462.8058476574414,-136.12013408466177,47.91997203621617,359.7999063344916,-141.47073946470735,245.49008817313896,-107.81942307461901,-306.0110166423549,-155.1677658853988,231.014089311076,-158.13240838011234,-367.7368024792305,-53.32143955207914,-84.64265812119355,-165.5584077689603,-138.66322893897566,-108.82900882886088,-253.74412486099635,119.40686654781845,348.95713697730633,395.13704572430265,-7.1226955666630065,498.48591759509225,-372.1657021489664,498.25620269472296,-15.797195028928437,380.93275165225026,38.52782010436228,-90.28208284447209,-469.5910813131,-234.3481672352859,-440.82598989449286,496.49568030587443,-108.14818584025639,-6.270661093012828,-498.15998510548303,62.20434588944753,455.41993785568224,-40.90222950631003,198.91534375286685,-126.22492695693619,398.3244169190632,340.27913187997297,14.447032150751657,455.8578310574826,17.37964994523182,202.4971773935404,261.6706083127273,-348.47061067920447,144.4917845038174,443.0589737911966,-152.30985827024364,483.4397374342274,243.84616435237254,290.3083402911258,-69.56566773575096,-499.9999999830505,445.06935135582575,-121.99641916213332,34.749768233229766,231.93000484983614,263.22692295006226,77.37199178625664,26.17005628745029,108.68170535515534,42.6637234556715,-133.41980904906472,252.91488844211253,4.4676593648736995,97.37924375436583,499.93868137926,-296.0047380408759,224.79287598101484,259.00501927562493,379.0865454741324,-113.25645228868424,-4.181699745538373,63.21663024853644,414.57564404255646,410.7574607087361,344.9627455703795,491.6068043037726,248.9674405666427,83.27162412835628,-66.93510400261708,-238.42274609669983,72.96320544802929,73.4263862354886,-212.85689537334562,173.0570274587961,-247.8588424460938,3.6686432112964145,165.67319152577056,-1.6577651472570323,391.1413780375791,185.0337603742718,-133.28116938705173,499.97895750709677,499.99999999998147,49.866342600085865,-11.425931675270164,349.5413066640145,-15.64515225727504,-167.05352425795581,5.493269245513762,-123.24064720252763,-23.40584661890889,-43.45530525402766,377.53209981383884,107.63234429773387,281.16709158683915,-134.3755955397704,-216.68561802353943,80.15483482311903,-442.33512727905304,287.0745320280612,102.75188472283386,-181.02525518146908,-495.36165472107774,-489.6713537751431,-108.96797464172569,16.297282516019987,-192.67705428052173,-0.47047960591350135,214.57887833312475,207.70589818497083,-48.59554789286648,-179.47226200185892,-5.184367275199845,22.70849730335921,-287.76447465030964,-257.12996784381164,359.5947058260805,100.62229272980977,167.44780454626618,-22.466035843465882,-195.49383059949892,-142.6399398202184,1.692031070203847,21.92946846917712,156.59158258300207,-98.76873409748532,300.5155624414124,-82.29893999715136,246.6331268731619,75.18389733892134,-91.23644130813068,498.6936023301978,-4.513276508077979e-08,-10.41977838273505,-101.15134981470453,187.13194698668457,-83.14351270979344,-105.86529348726721,40.49046175901439,-73.58421477271003,257.0956842577162,180.3606075421438,-88.79371212318603,63.316793372869846,-20.612034826937347,7.28336112021354,-149.30469901365714,-224.95342347353764,3.085501740473763,-46.13053072908774,3.8276087840197137,-273.09881989163426,91.23422301535112,-50.457172441973285,34.95482099119256,118.52129793677447,-290.60074511154244,481.3302124757996,-44.6860178584343,-373.5125060295279,55.52296520464327,25.678923025736232,-448.7573147637593,110.82452679867181,386.7446930120929,-4.513276508077979e-08,-83.97300238031507,-145.69087362560057,324.9402676623841,-61.785582334582735,437.483044257389,-499.286348528554,-499.9502195273216,-39.55130489147947,121.73506068912322,253.51959531948808,39.28926496765922,-213.45341555408345,-499.99998211488736,16.93951770578781,88.13601325539334,94.60571846905432,-432.11269031530037,-140.74982719680744,-50.485804164555894
367,-1.6862031770870086e-08,500.0,499.3426720896678,-245.77353930656062,-332.19005120139406,-2.5313056539744135e-08,-3.430073293023654,211.47099977064855,-175.78381129144066,113.86467747520848,-9.840288692016243,167.60668491655358,339.2681858791227,76.41485335440541,22.514674950134413,206.39195971024665,392.60092499151443,500.0,-32.96045958583543,-494.4950262851691,300.5208756130931,-499.8491937813538,-21.660089741612897,-66.41002563001122,-247.59666776324335,-102.42523343264635,248.8359580216309,172.87893638366884,-370.49503018244303,239.19495853695,-2.1302790665850186,132.36178468045009,-92.13300939341273,-499.95343392260224,-22.80427297688617,-202.06222363823957,212.03404225103162,-288.0828392314214,-179.13760074087048,-3.2848961840312314,-103.38564708683727,121.42474841389891,-317.31669413004767,-410.4731121606135,-327.27675643336664,-137.8191602778405,0.943574810437738,4.326579609266958,66.32707565903216,326.2035890581394,302.6771676252158,-205.11759937702286,349.78624137942677,-280.45215393413815,-78.06250681344086,26.5008349159919,185.4668420804652,86.9409508868304,-8.104424725682621,482.65179829450585,-476.7469226840488,-152.27049166291576,-102.35349651111481,406.3691292875352,-231.50817489459718,412.63178331975234,-89.92213687269918,-143.41215275744116,-464.77238314576397,-25.792317305248112,382.8174340244035,-127.91708048998143,499.99449022427916,-435.5802926564832,383.4285896399164,-416.2369323423131,236.11075042945308,473.05597864702935,462.75050507760676,-136.11864092592273,48.54122682859391,359.8064784119836,-143.5921865541771,244.6062365686395,-107.89746438527284,-306.03986391602854,-155.41322359747005,232.3178637495943,-158.21945425690728,-368.08870316468864,-52.740049280833006,-85.09929239943412,-165.75047219509835,-138.1915719117446,-109.01879215699537,-252.89628400414665,121.10233061186881,349.42485048934185,395.197567076453,-6.972903983466731,498.4862994263124,-371.7621427986511,498.3110854986839,-16.87761176799072,380.04505603814795,40.28443457737812,-89.88917133819626,-469.67814529316456,-234.65555844078676,-440.8715914289823,496.52393421789895,-107.90016754480918,-5.558455666341378,-498.16746144640797,62.25212509059199,455.39425114680074,-41.56954049010009,198.8672361703063,-121.99901195112636,398.0769999374655,339.99776579075785,13.74292608029453,455.8017637352731,20.51813029134052,202.22408048421343,265.20706566622795,-348.97536448883784,145.50551949084993,442.9947434129138,-151.22879518794304,483.4581514065817,246.31238551840855,290.37916090172104,-69.54363216531247,-499.9999999830506,445.14523729128985,-121.49303993518384,34.8557028172547,234.0515444117474,263.845748597629,78.24385927063115,26.28424536214716,110.17482252979015,45.12606459477712,-130.77920928050074,253.39846771265772,4.580884259314647,97.94424634176934,499.94107905880145,-297.43016029246303,226.31191942787595,256.3116288283397,379.56563197487526,-112.12095524639128,-5.304092417668655,63.4279931984036,414.97662933443956,410.93048908017516,345.0663198393283,491.67948230021955,248.72779288392798,82.22218449512988,-66.42817635042259,-239.1194275803429,76.61602274683244,72.59397921859794,-214.10388084875382,173.49363990844586,-247.920017579672,3.43513003800893,172.40118226598213,-3.190094249420153,391.84813394596887,185.0809224449502,-132.21623053705216,499.9791222934302,499.9999999999814,50.638403759430176,-11.425323140889153,353.04173051120966,-15.57517834342106,-166.30614102091175,4.0845970410649395,-121.78193259137485,-23.24128953345851,-45.221610898945606,379.1762372411434,108.06064425590654,284.7103272980063,-136.28198979243484,-216.9216572054019,79.54202594335811,-440.84757099393215,290.0264712856068,103.37703566481059,-180.7571503440423,-495.1439197002626,-489.4465405873482,-108.93453546333684,16.822159221995175,-191.71864884771236,-0.5210676525762773,217.46586523017763,209.1687095952004,-50.26725697811753,-178.66343310217007,-5.1921358685399195,22.165877948805473,-287.87199864275254,-256.2388004935244,359.5298391764493,101.529448928416,168.84390155050613,-22.489157064095092,-194.9075274219185,-141.48048554332172,1.5593924484614816,22.76551413226783,157.3120892696387,-99.24153216473616,300.78212650325764,-82.19211802127917,246.53332361407132,75.20395680701928,-92.00102258563784,499.26397407197254,-4.221510607749224e-08,-10.436062387635333,-101.42941025146568,189.01030068996036,-83.8554217609637,-106.18966175692604,40.07055196180635,-74.14874403225083,259.7088658051026,180.8663061663036,-88.77557309043685,62.82452323653956,-20.581273216231132,6.775585811494687,-149.13397421547398,-224.8485301778255,3.3616013402672227,-45.9531711690835,3.9926739685516774,-273.0645148705069,92.03995584414407,-50.34157388897637,34.01309306755717,121.13991533799674,-290.4410149330595,481.47072034774953,-45.16984416650932,-372.7381956418753,55.39848066607596,26.48687267316562,-448.6839931335307,111.43435580942199,386.73386665481627,-4.221510607749224e-08,-64.13476745612414,-145.20905109335186,325.132999753181,-60.307751381963406,437.5682957347955,-499.18054909017377,-499.9502192659915,-39.75138408805229,123.8798699557137,272.46465545743985,39.13152409333328,-206.6315736443791,-499.99998211488895,17.38564769866287,89.40272743100732,98.16058655363433,-415.3557441201607,-140.20802115708017,-43.220571542141016
368,-1.5774276107549667e-08,500.0,499.3367464782742,-268.0408795553685,-336.95217083192165,-2.3683242034167048e-08,1.399954166894635,214.22961555317934,-174.98480528289616,112.66458531147225,-9.212708124650696,168.3941900106096,338.2108319610717,79.2297953126981,23.12550384703188,208.49414602096093,393.8937696778999,500.0,-32.526662282168076,-494.38010704291605,300.5078246150682,-499.85529107387026,-20.839839239154806,-67.91071245536001,-246.48380547744074,-102.19574863625576,248.88052538788114,171.14708979506943,-369.49593659144426,239.79396403708907,-2.3034552351296274,132.76216308825343,-91.90638991869332,-499.9534339153566,-22.313494297154577,-207.2341175881096,216.35562804789274,-288.2962337624666,-178.37438371563806,-3.527679654168223,-104.46074453340817,120.19620949262568,-317.40707476682456,-410.33764794286657,-325.33341821470896,-138.292893560812,0.7093835015265701,4.1967622438860905,66.19232717480332,326.2656136547083,301.8345870831411,-205.2778236415135,349.48837312170707,-281.09081815240296,-77.90673280998779,26.42661330551981,185.10517275911178,86.41902189292453,-7.578083399295875,482.6691725871317,-476.7782097346786,-152.24085131589953,-101.88960333205637,406.11168082948245,-232.64752052782922,412.8786205087015,-89.99294597453478,-143.59986141734376,-464.7714028555578,-25.88048846366462,382.78198123264036,-127.84589420706921,499.99449441489276,-435.80575450500277,384.0477829542001,-416.35201192979764,237.40040214167757,473.11056338254645,462.69858930530165,-136.1049467471171,49.25016779357166,359.81211616535717,-145.6526478705593,243.585420834432,-107.98016412011069,-306.06439505574,-155.7503202810697,233.7387400044877,-158.42108797504622,-368.43155721978815,-52.18795998290441,-85.57349294340113,-165.92659446024257,-137.70758973584108,-109.20450333246798,-252.06091431747018,122.7700136599954,349.9099265031546,395.25608217465236,-6.652233594206505,498.486854189908,-371.3449443186025,498.36546761657144,-17.87908264093655,379.17350077295686,42.037840703117006,-89.49582719694565,-469.78749982380117,-234.9898612468465,-440.91609989913985,496.5511704317268,-107.65072683301193,-4.823660709804098,-498.1754035794747,62.29498036478743,455.37671658856067,-42.191656205988274,198.69866655772083,-117.82605687740363,397.8427971443833,339.64704935616203,12.9676637166289,455.74964837262905,23.721357806931923,201.92334391671318,268.84680043787677,-349.467699918652,146.52844057831894,442.9382529277132,-150.11742171732294,483.47623491284725,248.88511432507346,290.4611987667025,-69.52135621740793,-499.99999998305066,445.2204341167916,-120.95877172955215,34.966712308358986,236.1318202626581,264.46457403101033,79.12331508357043,26.385702510590203,111.4197184789265,47.53040131057196,-128.0732154045113,253.72379839460712,4.687361581874198,98.49164083219394,499.94341611804947,-298.79295196272886,227.82424243845009,253.70659917398052,380.0612406668405,-110.95002367336247,-6.321340249352868,63.63951998721871,415.41711328353927,411.1391709154825,345.2143689279172,491.75447018660157,248.31029673556003,81.09940178894286,-65.960100261751,-239.740812763899,80.25048290944177,71.764453255881,-215.2558723478702,173.80010293758016,-247.8473592167041,3.2234067482398485,178.9137072096894,-4.6668409415188155,392.5546951918604,185.04680546612994,-130.9648641127175,499.9792905577567,499.9999999999814,51.311344045722464,-11.452293020027092,356.4048910906799,-15.495644905145438,-165.5707362500381,2.7043630287024247,-120.34666557397196,-23.04707858913112,-46.93158752695793,380.77954699937885,108.47731094305956,288.14724180181145,-138.096447952537,-217.15464583776364,78.94137151426516,-439.3755799980641,292.89200519391295,103.98180495656821,-180.49134171008143,-494.93085902922996,-489.22171108073405,-108.89417667904179,17.349238433066926,-190.77330989918423,-0.5761989239563151,220.2807989739752,210.62127369403046,-51.86577458172469,-177.87074270439106,-5.193226025040855,21.658035180995437,-287.9681686024447,-255.28141582060016,359.46496478906374,102.39972475380296,170.21538971737377,-22.501963753444148,-194.3286647544663,-140.34418735892595,1.437146020465873,23.58214205431928,158.03186577543278,-99.69300546569411,301.0612212764819,-82.08487029243352,246.45719310694233,75.20604972543924,-92.73510781849002,499.58448485858787,-3.9493897929787636e-08,-10.44603881182297,-101.70876465495334,190.86103314065682,-84.53393673891432,-106.48895147153911,39.66147774412069,-74.66288512968828,262.22410450027036,181.35996161233933,-88.75791318217844,62.34405094382829,-20.54643999210861,6.241818282465557,-148.9671763708234,-224.73226591218295,3.6305825734444945,-45.78627104835389,4.129264217260287,-273.0197029058715,92.83524968867471,-50.2501267101254,33.06747165027472,123.686551030219,-290.2903950617909,481.60248690007154,-45.63631016255833,-372.0451024966143,55.27347020674863,27.51187437191663,-448.611828653069,112.03481406283584,386.766408270086,-3.9493897929787636e-08,-45.14922651478499,-144.747404874382,325.314642918912,-58.85553230639343,437.647406984292,-499.0639717320015,-499.9502191499484,-39.964748544778345,125.96713455562205,288.89404854508973,38.964475945786866,-199.91031478934653,-499.99998211489043,17.759205733215502,90.4966472041145,101.88296341647195,-395.45963352528526,-139.63161195111056,-36.3390800890713
369,-1.4755642041563988e-08,500.0,499.3313788068137,-287.63603412692987,-341.3935662522748,-2.2155290935188532e-08,6.321154659904759,217.10111750648167,-174.0952934987772,110.27815517354665,-8.54785464291857,169.21350544320072,337.2406724768801,81.92876983751677,23.302545354390517,210.73065064138433,395.25048209435784,500.0,-31.865924649200565,-494.26020536499595,300.62181731203606,-499.86070838745303,-19.94223573273274,-69.39419649141774,-245.32518414660504,-101.95123269771734,248.91159756995475,169.47637227929368,-368.5187078235024,240.37736115905037,-2.5343048100890195,133.1509146238916,-91.70022150461007,-499.9534339083283,-21.818900999190966,-212.08624714809312,220.5320645798287,-288.5583812673867,-177.59728608022746,-3.8414484082836142,-105.82792991650395,118.66546221461573,-317.5179166935166,-410.1850231333691,-323.4205687928727,-138.8007827081675,0.4164540324919968,4.020014701568722,66.0627635378326,326.3997974660499,300.82563658525635,-205.48667257619428,349.2417686636838,-281.6723286069893,-77.74855511310125,26.3197318062537,184.7525058037102,86.17603189115476,-7.0455190855849334,482.6951954304353,-476.80640086342027,-152.24145060550143,-101.43137375286346,405.72987843733483,-233.965549613101,413.15070231943173,-90.06346937427831,-143.78530688738954,-464.77062940179286,-25.98325649753837,382.7544955378227,-127.77382085744065,499.9944999732134,-436.02574083253097,384.70858629323567,-416.46439096809445,238.78854285193302,473.1668040835462,462.6510782511051,-136.07929572706476,50.07756441274854,359.81682111003647,-147.656904374083,242.41678565667388,-108.07157013605372,-306.08381140596555,-156.18357017716983,235.3412114036157,-158.74189230628156,-368.7664222974556,-51.66781815204798,-86.06092445825564,-166.0922151849935,-137.21590471199517,-109.37881610124451,-251.22566968682415,124.39865087116343,350.42449055892644,395.3126582230511,-6.200353680871074,498.48768485850235,-370.90033751085286,498.4206999368806,-18.83415837307729,378.3152041484045,43.77398685109245,-89.09386050099094,-469.9197856889371,-235.3530064007988,-440.9596374525448,496.57747617269797,-107.39671482240352,-4.0749228377394875,-498.1836974651289,62.32999778307889,455.37007609084446,-42.794066317635185,198.4050284693734,-113.78550996318563,397.62541525160367,339.22326996656403,12.134928517208662,455.70319598760796,27.075279162400694,201.5960118361827,272.6216612924007,-349.94909460078924,147.57513554792047,442.8911389484187,-148.93012226938404,483.4943328182491,251.61143146075966,290.558308150186,-69.49935605148666,-499.99999998305077,445.29638125719964,-120.39902385670075,35.08122190051923,238.16549612086027,265.0888915046926,80.0148797329173,26.4760431963286,112.4058277621152,49.844132729933165,-125.34622475063681,253.88660706050277,4.78970162614391,99.02395950649345,499.94566925754646,-300.0903644281795,229.32547168322162,251.1957003973686,380.56844909926696,-109.75250599280726,-7.234700636274077,63.85940690634165,415.91741381898686,411.40438169713116,345.39577938824056,491.83027481083036,247.7094856554534,79.895030764573,-65.52893333991227,-240.29350853402232,83.85023571695123,70.9280639292065,-216.32135205544006,173.97070141466781,-247.6545054707473,3.024350329881326,185.20672702531476,-6.083253457411613,393.2573760551232,184.92921551706175,-129.53095560294236,499.9794677518272,499.99999999998136,51.8806776683879,-11.513701832445395,359.6319223169124,-15.416561761840757,-164.847861004044,1.3491107350460294,-118.93502748091755,-22.812295822232194,-48.586672247043865,382.340229758379,108.87291241345412,291.47592004384165,-139.8077848419861,-217.38433643206693,78.34954888391411,-437.94077627286805,295.6684321593099,104.56890899743122,-180.22770696882296,-494.7270724526878,-488.99956884203954,-108.85573627683105,17.884870384217358,-189.84106841131106,-0.63789952669452,223.01849672917453,212.05866246232887,-53.39787371782237,-177.0944024116786,-5.193811217982547,21.185937990338783,-288.0592778475779,-254.26649125249006,359.37803123492813,103.22620775233884,171.55479639133182,-22.50851659218418,-193.7580723141146,-139.2317959832714,1.319319362994819,24.37130569971664,158.74549943377153,-100.12261498390377,301.344377130228,-81.9778197276822,246.3971489125157,75.18672604269837,-93.43882140079023,499.76465167400016,-3.694731276482344e-08,-10.454840880757471,-101.99215698945702,192.68056212903738,-85.17388260678774,-106.76173762493522,39.26342616744664,-75.11764444814376,264.6438362028694,181.8397281485078,-88.73447240454416,61.873257760998875,-20.50607628544124,5.68316570462342,-148.79371819621588,-224.60076705085808,3.893497228447324,-45.62813749753296,4.240230405192725,-272.95807169662316,93.62309709555801,-50.176884701762866,32.12666908966939,126.16751354582956,-290.14483454018216,481.7269384272794,-46.08208757220062,-371.44572932164436,55.14736861237217,28.78720689391147,-448.54047056677484,112.62848973718809,386.8510976160921,-3.694731276482344e-08,-27.122745932895132,-144.31410972335297,325.4664446923991,-57.417185065476616,437.7016076546753,-498.9373512991773,-499.9502191660941,-40.219399042566955,128.00094277296705,302.88836749152716,38.682785851745294,-193.3115228818168,-499.9999821148919,18.061102089907237,91.4376478032475,105.76219292265267,-372.33681496091555,-139.0451795098274,-29.854661495496792
370,-1.380249159410596e-08,500.0,499.3267087113172,-304.7326310242457,-345.5335536009928,-2.072556526400149e-08,11.389553305418124,220.143990641132,-173.09383990903734,106.77702809834544,-7.801542434300983,170.06989479442632,336.37606839130876,84.50079324863235,23.087337966768963,213.15205967151368,396.7078823883611,500.0,-30.927535423802144,-494.13238709638574,300.89002458311984,-499.8654277287162,-18.929249978217026,-70.85597659786578,-244.0929954571809,-101.6655997684047,248.92200895086654,167.86035634361644,-367.56129583686464,240.94837208070615,-2.80856900702648,133.5308460348429,-91.50607176779538,-499.95343390151106,-21.31775310133683,-216.61984820053328,224.56181366619592,-288.86662678576334,-176.79604201185592,-4.211067937718329,-107.4413103011645,116.83461117092212,-317.64751883058665,-410.00859763871966,-321.5400136223255,-139.34220431307529,0.08041958903507075,3.7376715610484923,65.93817105596295,326.6180149608715,299.64545721312595,-205.73912115136005,349.0617792908389,-282.20331923288137,-77.5884717619971,26.10742167794148,184.4093508343644,86.24347982731803,-6.508477407854242,482.7321048553033,-476.83190536922035,-152.2723511603287,-100.97984719661666,405.2053585120113,-235.44178210291838,413.45773452702036,-90.13389774408785,-143.9587086520168,-464.7700582129779,-26.110986772219526,382.7376356350297,-127.69997183007311,499.99450771504206,-436.24070774777834,385.4246534486882,-416.57439100987335,240.2936356502951,473.22598079257125,462.6089097969293,-136.04208835841948,51.04585836741796,359.820607070164,-149.60833400577383,241.07574977746148,-108.17701453248382,-306.09727200545,-156.71331888781774,237.18473704262237,-159.17506003947054,-369.0942829609751,-51.19456938445309,-86.56054947141654,-166.25391246147163,-136.7202397704265,-109.53557743448556,-250.37809910961101,125.97529488509551,350.98057939991463,395.3673601142947,-5.676494422648199,498.48889475914547,-370.4153371391573,498.47790811407424,-19.83403524196416,377.46775250376623,45.47186072712208,-88.67469933948382,-470.07518448574206,-235.74559952432747,-441.00231399963457,496.6029410922547,-107.1350292285718,-3.327264078577044,-498.1922443794601,62.34355483274321,455.37707959500204,-43.4816917202926,197.98778689171232,-110.20045319107145,397.42835518173524,338.7239655255911,11.25679978590939,455.6641059964238,30.663225228091484,201.24230272604757,276.5569926407413,-350.42095927994814,148.65907883001793,442.854889364461,-147.62331984920922,483.51281983303824,254.52937738122512,290.67397914355433,-69.47931293834898,-499.9999999830508,445.3747022561527,-119.82423064239427,35.19679230124179,240.14678261395463,265.72375487445925,80.92363436525208,26.55349515833416,113.10108989247485,51.98779280389217,-122.70032286716908,253.86413181124263,4.886698376439275,99.54378571693736,499.94782478771594,-301.32051109646443,230.81214213543686,248.78365629758727,381.08186541234124,-108.59414598896937,-8.071623928168878,64.09617639198302,416.4956571097185,411.74586732235457,345.6011538466824,491.90574475361285,246.90259262646344,78.58039693653329,-65.12520025802333,-240.78374236300868,87.39848036813004,70.04727401307433,-217.30860354626466,173.97196105252718,-247.35706749647343,2.811930327274239,191.27171973699566,-7.44157005050339,393.95168146618676,184.70630072011562,-127.9204428986489,499.9796589397087,499.9999999999813,52.323698930651325,-11.623842612174334,362.7235512138139,-15.343059861477592,-164.1378057145399,-0.009362682096977364,-117.54737657750786,-22.53300090473231,-50.210478572618804,383.8573795979331,109.24335531539717,294.6923235431553,-141.40520151094125,-217.61028837399078,77.73215799554589,-436.58148189046113,298.35147816412524,105.12601152076417,-179.9651589501853,-494.5359114575688,-488.7837781981076,-108.82298452662481,18.41973783356214,-188.9214616398332,-0.7383947445816651,225.67088583697034,213.46854799630813,-54.88998992203018,-176.3346225268234,-5.1984299249597,20.724678544953086,-288.148842788066,-253.2056076363306,359.2267274182066,103.96992549513001,172.84737025628309,-22.538065858628627,-193.1951474408362,-138.14405877864297,1.1761917911165929,25.105452361591137,159.43818517138362,-100.55341149657205,301.62284428588544,-81.87156098167415,246.34536176398987,75.13988031107232,-94.13680706524949,499.86612227312133,-3.456079866737127e-08,-10.469031536646131,-102.29660603149219,194.4614279501934,-85.78456984625033,-107.0063155956899,38.87610945792267,-75.51476563512973,266.96740420900306,182.29773412628276,-88.71463671966364,61.38472063813741,-20.458751782283933,5.074153512704758,-148.61262142141223,-224.44979009169282,4.151195773435834,-45.47597297534566,4.307800244388362,-272.87255078151384,94.40474707269075,-50.135109015579204,31.178651427136096,128.58425569098705,-290.00005229680204,481.84481442339086,-46.51501896260514,-370.9383097331587,55.01899094874689,30.330579204060676,-448.46967973087254,113.21699517633981,386.9939085195073,-3.456079866737127e-08,-10.063273735816558,-143.9197451327106,325.48857151112765,-55.98125328333364,437.63225326415335,-498.8013349357198,-499.95021930397775,-40.57085478833613,129.98437795242035,314.742648860516,37.81621692463336,-186.85927690123478,-499.99998211489327,18.280815985096968,92.23693487557364,109.79249711817266,-345.9911724522819,-138.59064841681484,-23.765595289214886
371,-1.291118678636849e-08,500.0,499.32286368797145,-319.5332477208611,-349.393454504605,-1.9386789062991738e-08,16.650132585958698,223.40265140961645,-171.96272140271293,102.39857006269617,-6.930958550962006,170.93023670979318,335.6336943492159,86.9001637009303,22.59507753743204,215.79496059830686,398.2939890416702,500.0,-29.673515289237752,-493.99373902926385,301.3339540386624,-499.8694420241935,-17.77308218351981,-72.27878924929155,-242.76322550257973,-101.31364152305922,248.88052011169003,166.2929981011327,-366.62076317617766,241.51047433527572,-3.1022554790123884,133.90653162041255,-91.3134116097483,-499.95343389489864,-20.80683090963017,-220.83818347768226,228.43407532613327,-289.21128067827715,-175.96018943266827,-4.608998660563459,-109.2146396832053,114.7257564512585,-317.79245418771956,-409.802905410073,-319.69582406599955,-139.91507362145404,-0.27306927273513765,3.184817320920146,65.81835092838489,326.92347074291024,298.29423928949865,-206.02371894890376,348.9625439051521,-282.6891008222629,-77.42718593717224,25.58621848519699,184.07679443715617,86.63030905582914,-5.975126305648987,482.7791455705766,-476.8566093469322,-152.3325751755032,-100.53599959812938,404.50668279737414,-237.03858107370547,413.8078771003239,-90.2069796946985,-144.10789025121545,-464.769681029137,-26.308443206994596,382.7338147754916,-127.62358459938056,499.9945181659326,-436.45092441067925,386.2072074370742,-416.6823277574203,241.91874301311486,473.2892993423767,462.57293106701206,-135.9952331899481,52.15083241482438,359.82350261864445,-151.5085401441782,239.5164388934316,-108.3068584452012,-306.10506461492497,-157.33462205046956,239.31393133385055,-159.7052749120157,-369.4162349096796,-50.82769428908184,-87.08125996873665,-166.42230921931048,-136.2247043424727,-109.6733410847111,-249.5064507109706,127.48072578875991,351.58837881678215,395.42025051659914,-5.196092502330576,498.4905821425551,-369.8797808184521,498.5378339541155,-21.11518043103852,376.62965879606696,47.09070803341077,-88.23215456857544,-470.25318417127716,-236.16749201930529,-441.0442407076207,496.6276827994593,-106.86352764306717,-2.6132805612660728,-498.20095492246287,62.29423589370771,455.4005474644873,-44.552814294323476,197.45671095155564,-107.99246215529071,397.25498231748634,338.14862011555925,10.343928493550665,455.6340160197894,34.55401335394813,200.85994540671035,280.6637753363025,-350.88526240947914,149.79009577318823,442.83053397596626,-146.16286271310491,483.5320541842953,257.6563503454216,290.81023253537353,-69.46645663128047,-499.9999999830508,445.45707798314317,-119.26266092696154,35.30803176624929,242.0663007265103,266.3720466220097,81.85367616456406,26.6039340192629,113.41668912100587,53.727374439540725,-120.41497881355869,253.5833458924725,4.963533260129225,100.05185104883343,499.9498783552916,-302.48232546044306,232.28134002964313,246.47629437696764,381.59374187059245,-107.70256531697653,-8.937119173758273,64.35429236858441,417.16346062758265,412.1788003829804,345.8230723212428,491.980169405678,245.8198906058803,77.0738101544484,-64.73503185384354,-241.216139610428,90.87185710926265,69.01253009917272,-218.22656323102396,173.7021733838545,-246.97390070909736,2.5173799882956107,197.08373922061574,-8.761634150235288,394.63035447941417,184.30613664073,-126.13554907334543,499.97986820984045,499.99999999998124,52.57229136934187,-11.815268462238343,365.6785606957893,-15.275306341113343,-163.4402155871308,-1.464326963452186,-116.18374560523829,-22.210779514726767,-51.88063656673958,385.33454799866183,109.58976030766965,297.7856821809304,-142.87057190601834,-217.8309202292135,76.97871498473802,-435.3903186491807,300.93232619907104,105.61032672848604,-179.69858985832434,-494.35920406086433,-488.5812970295691,-108.79435213143469,18.906130170805845,-188.01139196492994,-0.9826698839021275,228.2204634046962,214.8204669377494,-56.420384294608866,-175.59068042115283,-5.210415765637246,20.189642978802993,-288.2370383783596,-252.11507540810302,358.93554123895825,104.50912482565161,174.05883726424463,-22.67698658410194,-192.6349134745957,-137.0803393047217,0.923813507423548,25.70974538343585,160.07221199438047,-101.06257751913878,301.8846551710454,-81.76645306047847,246.29212561435855,75.05263070786589,-94.9067697155416,499.9234526851548,-3.2334355637431145e-08,-10.496138918043192,-102.67146828327189,196.1855919193767,-86.40571455506607,-107.2190261816714,38.49818453983771,-75.87692008784157,269.18777274362554,182.71278833286127,-88.74463695801671,60.78934643033885,-20.40226330609582,4.330967996402134,-148.43814475904634,-224.2714068215417,4.4034657664652705,-45.325691035433636,4.266562813951556,-272.74924811404946,95.17682503729917,-50.17895182620047,30.170138486612995,130.92761651888893,-289.8485570369193,481.9554972969083,-46.970618233328445,-370.5053372979862,54.88485633158158,32.11179708619785,-448.39941390668577,113.79957500000779,387.19152220529736,-3.2334355637431145e-08,6.195031139424772,-143.58098332028166,325.02330844313985,-54.53743944469144,437.11177936417414,-498.6557009590024,-499.9502195561302,-41.15420663668341,131.9178167489796,324.916058429932,34.88732945822918,-180.5901200546045,-499.9999821148946,18.37607338659427,92.8912707955722,113.98166507601364,-316.4368678227933,-138.71419619607946,-18.035652909621092
372,-1.2078089639544487e-08,500.0,499.31992793102205,-332.265837098634,-352.99984500189214,-1.813532435335219e-08,22.122247149059056,226.8929572402689,-170.69392319232762,97.47119094105106,-5.90883570349852,171.73258883241607,335.02491108057455,89.06076964733987,21.96764891212002,218.6695675281684,400.0189276120192,500.0,-28.09103843042787,-493.84180262833473,301.9632661649356,-499.87276648096,-16.467190071096915,-73.64107215406041,-241.32264215828494,-100.88162153026954,248.74021806864633,164.7668983026396,-365.6942572344054,242.06728278381638,-3.3943018208002105,134.28401022103074,-91.11392228077398,-499.95343388848516,-20.28348769465892,-224.74981983632873,232.14265647078034,-289.5816073934912,-175.0823607636456,-5.007721820373678,-111.05455984821974,112.38091873441681,-317.9491138711375,-409.56539312726187,-317.89463311437964,-140.51920285679367,-0.6210894057773061,2.2966456305056715,65.70312363487572,327.30355105750533,296.7801935624209,-206.32665592630903,348.9545567421045,-283.13227734600076,-77.26558265695792,24.67106933837301,183.7578481117921,87.31294534135857,-5.452592220072309,482.8327832116895,-476.8846674435443,-152.4202564561904,-100.10065564053481,403.58474247223853,-238.72638501250654,414.20567228588436,-90.28322441882412,-144.22333965073202,-464.7694832537753,-26.666201278090433,382.7448106342569,-127.54430211216194,499.9945311645734,-436.65643160552287,387.06262355906034,-416.78860426838406,243.64356352464324,473.3576389157949,462.5438377355392,-135.93957439746978,53.35415289079507,359.8255595366167,-153.3572142698431,237.67218855751193,-108.47640158155063,-306.108815063002,-158.0376999224707,241.74671516381386,-160.3171214288393,-369.73393382992964,-50.706296836790564,-87.65253332818509,-166.6111656853361,-135.73071895185393,-109.79627861274795,-248.6018912322821,128.915163431485,352.2536776120749,395.4713899923135,-4.864200780129925,498.4928309178658,-369.28942535757653,498.60064210325464,-22.847377521188356,375.80091009324275,48.60973640049821,-87.76287412807417,-470.45213949195283,-236.61698002645366,-441.08556024046396,496.65190179072147,-106.58161864737899,-1.9539480941057936,-498.209731556315,62.1535069239563,455.443663191149,-46.24110802192591,196.83131372291305,-107.89264765608071,397.1085261947482,337.4999072467136,9.40640327258462,455.6144155847712,38.78423098296199,200.44949773923298,284.93328109886687,-351.3451193095588,150.9723899367996,442.8186483734772,-144.5342385476245,483.5522941442417,260.97893760189635,290.9664202862278,-69.46699335914624,-499.9999999830509,445.5450233765561,-118.74515774548951,35.4084966084213,243.92016064388008,267.0355141450947,82.81021461826049,26.588086205243716,113.28131467288199,54.71458110700934,-118.90656166455877,252.9652097420369,4.978474958860531,100.55089576509256,499.9518359849964,-303.5754131366936,233.737191969817,244.28422367034773,382.09764318452625,-107.3793985097399,-9.98872205231997,64.63255491858796,417.921309048078,412.709190420133,346.0577137106739,492.0536091972012,244.38982353979955,75.31143067612638,-64.34402715400671,-241.58924626055483,94.25065591762089,67.72859174626358,-219.07955954815262,173.09416986673295,-246.51561750750326,2.0927960620379564,202.60849637068296,-10.049448897017996,395.2890267359332,183.67714393391972,-124.16492029405136,499.98009778566376,499.99999999998124,52.59116372769274,-12.124194378081372,368.4988132908734,-15.20964025662001,-162.75336219813576,-3.097100874626121,-114.84284448712302,-21.773553447366456,-53.641178707992786,386.78919493847206,109.91654467406794,300.75089326506003,-144.15108999920415,-218.04213568995738,76.025953265096,-434.5002395812874,303.4129095460875,106.04911697650188,-179.41521892266425,-494.19784975068484,-488.40556781694687,-108.76432579490861,19.323724095718788,-187.101962947578,-1.4173503742394356,230.65725008518268,216.10592948510399,-58.05447434023621,-174.85365920198026,-5.23631457985179,19.55840322877074,-288.3217963543209,-251.01812818819252,358.3772667105268,104.73700629992561,175.1747048669336,-22.942983618171308,-192.06511735073775,-136.02771710304222,0.545561845991454,26.15076920070033,160.63577170264884,-101.6667076120824,302.1222496570587,-81.65947539260642,246.23605573158463,74.90226472898082,-95.74301746808386,499.9559800398458,-3.02461558021605e-08,-10.542982399800866,-103.11925720173062,197.84804026830162,-87.0152765639938,-107.3924750918629,38.131398419081705,-76.16443094516954,271.308431576745,183.08176006175586,-88.83711179464197,60.04076788913954,-20.331402945104355,3.4433601429560987,-148.22629525497572,-224.04965577343398,4.653494955042998,-45.1646041371421,4.096444851754757,-272.56082259899335,95.9397256982918,-50.301085586068616,29.109844632331086,133.19616499890972,-289.67532516386876,482.0575666066967,-47.457732794226416,-370.11466511169533,54.74544551340299,34.061545761934795,-448.3298692744113,114.37459353271318,387.42739811637745,-3.02461558021605e-08,22.098081444090077,-143.25479692021545,323.36583440976676,-53.07826623325187,435.63698661372877,-498.49829587806323,-499.95021991780925,-42.06094982130249,133.80126529103774,333.9302493669463,28.00683353195758,-174.52452405035146,-499.9999821148959,18.287105705484976,93.4108230142111,118.36558032303753,-283.5862733007999,-139.87678289520213,-12.54875583511725
373,-1.1295924196019767e-08,500.0,499.31793425019987,-343.17630382062583,-356.38531055505206,-1.696753315627575e-08,27.79919474445832,230.60654568071047,-169.29261488960054,92.35052328188735,-4.724054359535367,172.52636695032126,334.55498561852585,91.04871948083222,21.306351804259048,221.76553854056542,401.87546082292306,500.0,-26.189765198579952,-493.6747988961767,302.77465118357264,-499.87543816415894,-15.007491632924243,-74.93145656998453,-239.7698267454001,-100.36201618704625,248.54231406922366,163.2699617928812,-364.77852501167143,242.62608601222067,-3.6703727212803843,134.6734924725698,-90.90099325917411,-499.9534338822648,-19.746060040718564,-228.37063919583315,235.7526654324271,-289.96869738293645,-174.15702661267665,-5.388126166087097,-112.89342320632545,109.84412155267485,-318.10879784117486,-409.2957977122509,-316.1312121458417,-141.15584967983958,-0.9485579479927925,1.422798277323827,65.59232211551411,327.75672769473704,295.1148230915878,-206.63762195022977,349.0446340184566,-283.5284583934295,-77.10112815208268,23.751656919263382,183.457583971675,88.32086602639224,-4.918307849111423,482.8963770058498,-476.917260111577,-152.53381182295047,-99.67075188472086,402.3768162466152,-240.46216352148397,414.6526418740786,-90.34122568888887,-144.29937002371545,-464.76944450838073,-27.191051623429956,382.7720221688794,-127.4614210834115,499.99454652390017,-436.85703254790604,387.99401048321215,-416.89368599856743,245.4650104433885,473.4317350670589,462.5224858323671,-135.86108079867364,54.667899753531955,359.8268546472373,-155.15101654860615,235.49512153921773,-108.67800565066305,-306.1051095950894,-158.8135714498141,244.48187270124967,-161.0025549011518,-370.0487738725755,-50.909551540582825,-88.29369866878336,-166.8135492717653,-135.22045371337268,-109.89963949856983,-247.6607634239283,130.36240943905938,352.97954022520764,395.52083704608765,-4.506106101210763,498.49570921141157,-368.6448090983641,498.6659753249151,-24.65216181009535,374.982695245523,50.13818000979015,-87.25313951984596,-470.66970732240316,-237.08625121105283,-441.1263460648975,496.675926004967,-106.28439616072161,-1.285382216592821,-498.21843894927247,62.00982919851812,455.51018536010554,-48.1533101703822,196.1383389285023,-108.74562919983768,396.9924011847488,336.7831655703327,8.455893273540397,455.6066516689855,43.358389167484845,200.04115842711462,289.35066106678454,-351.8009495440229,152.21297291204186,442.8218099421212,-142.73917369108557,483.57385776115507,264.47688073722514,291.14351006926677,-69.47121475862474,-499.99999998305094,445.639787708026,-118.2218304551992,35.50613460863384,245.75517294456836,267.7263191974365,83.81585913456308,26.48290511245869,112.89379745456483,55.10763625885725,-118.03122841136305,252.14996876152313,4.906778947607507,101.06558669390593,499.95371025371446,-304.5982375945099,235.2152529359625,242.22332981921681,382.6140232347518,-107.4017476270833,-11.144834426674786,64.94752329085959,418.76644171816406,413.33919587488276,346.30986378957954,492.1272736787678,242.7525818951662,73.48339910210156,-63.92213355527003,-241.89320135535365,97.58689475427543,66.41373653915775,-219.85304970642147,172.38689872666808,-245.962099479233,1.6989246449057018,207.90008159747853,-11.15248546594301,395.9525471290921,183.01987538510994,-122.00780734291588,499.9803478104837,499.9999999999812,52.60198806230995,-12.515493587370395,371.21573233105505,-15.138286361158414,-162.07578316792632,-4.675100069187261,-113.52479776645484,-20.990329570606832,-55.25276338724457,388.2555823666548,110.2301427291726,303.6431542266378,-145.1338845635341,-218.2411772962496,75.17473552368733,-433.86797275242657,305.8569736671831,106.70379788124387,-179.1081406983938,-494.04965917639424,-488.26717005982016,-108.72538442427351,19.894362991965437,-186.18763061266137,-1.72165550938621,233.05346107540362,217.44231507929396,-59.59760611276172,-174.1032880922329,-5.284761427085769,19.13646985065246,-288.4005393993398,-249.95508689467655,357.3626756703731,104.894767444133,176.31382193042984,-23.05909285093307,-191.48032994911262,-134.95780771017618,0.3060225242334443,26.631866678925487,161.26801957415717,-102.08385992202994,302.37882413490104,-81.53756217474802,246.2273504298207,74.67811107139728,-96.34025940563085,499.9745277333558,-2.8296199161559343e-08,-10.5862929392741,-103.44319282197489,199.53745475173068,-87.35593185988408,-107.52316344038884,37.79326094238895,-76.11189539349566,273.4018480547689,183.50976682934797,-88.76001798821916,59.41033947011716,-20.237913106758153,2.7153680662262007,-147.76832952813038,-223.77491220179658,4.923324628323263,-44.93407204787044,4.063519569615454,-272.2958967956583,96.72237669293065,-50.23767303191406,28.24001119771403,135.48539658250863,-289.47051012329683,482.15504266525176,-47.77819201616796,-369.7240276139612,54.62852499550106,36.25660857044204,-448.2604196610866,114.95400045521221,387.70555986355544,-2.8296199161559343e-08,38.190216430318344,-142.75575538302454,320.2869222725478,-51.5982117087032,433.2327088248524,-498.3251109836913,-499.9502203858513,-42.9918766475238,135.65277413169417,342.22589122204073,18.397727334702022,-168.41809502613498,-499.9999821148971,18.121405027519856,93.94932040642985,122.96941080253819,-247.2813094680095,-141.52805868835145,-7.057888392396765
374,-1.0568328434601426e-08,500.0,499.31689990826663,-352.50943339886084,-359.5889296091205,-1.5872501535341144e-08,33.65647003216025,234.52129729612466,-167.77788317282082,87.37372035155742,-3.3735153674606004,173.43920207358497,334.22734309123877,93.02380538001849,20.66988230900961,225.06072164046228,403.8470176808023,500.0,-23.996048540719872,-493.491686360605,303.7536060114265,-499.8775106544068,-13.38372664553859,-76.14992111642606,-238.10877904332864,-99.74214329855667,248.3969791466619,161.78329935567692,-363.8686893358482,243.20104068363645,-3.9007958384650596,135.0917768779156,-90.6640066741675,-499.95343387623177,-19.193550301139812,-231.7228664317907,239.34685852297866,-290.3550956532362,-173.18259512943473,-5.721011192931457,-114.68836687737758,107.137482173836,-318.26030554935926,-408.9932032625019,-314.37688261240345,-141.8327405258429,-1.226805657039434,0.7876067658068993,65.48576564257353,328.3202585834574,293.2975850968301,-206.9505157161556,349.2385906349117,-283.8726465298984,-76.9249434668091,23.067993900106437,183.1787789762877,89.76317189563362,-4.353603568194405,482.97709923054316,-476.9492690894291,-152.6742528489532,-99.2371257101934,400.8078458381167,-242.1755737956542,415.1504585265144,-90.36669378665037,-144.33254284680052,-464.7695520304405,-27.76515926531152,382.81775318567713,-127.37250085622074,499.9945651765586,-437.05205899210597,389.0033483203661,-416.9974739308964,247.4105089114556,473.51255063131754,462.51039692566434,-135.73735451003733,56.15845741603876,359.8274499883265,-156.88113197971228,232.9456894782889,-108.87876705193807,-306.08745647095986,-159.66028778901475,247.5061060342921,-161.7603187144993,-370.3592123028381,-51.30318540943513,-88.95038794443022,-167.0025158699609,-134.66803952947288,-109.97629489686568,-246.68353653237554,131.88571011748869,353.76833278917354,395.56864818576986,-3.918051083179202,498.499277825532,-367.9483855834372,498.7331084183279,-26.200821188139198,374.17665341167185,51.76748526222575,-86.68433014572807,-470.9048736693283,-237.569181415826,-441.1663932694803,496.7001142705478,-105.96187233886236,-0.5563213396483083,-498.2269100199127,61.93628809425662,455.6030995512308,-49.97289740579214,195.39981061416321,-109.64089973329477,396.91045814264004,336.0010112839069,7.507346138777578,455.61213684455424,48.260007115165486,199.6707721572635,293.8883612765684,-352.2476072465597,153.52188307743654,442.8447872172803,-140.7884542399883,483.5973942680241,268.1297290469681,291.3477245385578,-69.4644578779004,-499.99999998305094,445.74260104417465,-117.6267236760029,35.61510731531874,247.63098453523173,268.4594743984108,84.89823296274734,26.351565320228367,112.45059233311602,55.395832089568415,-117.25626998435249,251.32792443624768,4.811214613424662,101.62279679157001,499.95550832948015,-305.5473003377601,236.75636401036772,240.30682288730335,383.17780012827916,-107.3803015511636,-12.19497148907954,65.33173148904096,419.6988546484852,414.07348519221597,346.5910907655398,492.2027270568571,241.0938109250069,71.7750597220533,-63.430957215099326,-242.1322442490245,100.96005128532421,65.29213331002514,-220.53967889836807,171.78106827400174,-245.31462136264776,1.4763337800650649,213.07985526649304,-11.872557651109606,396.6532004383562,182.5353140183255,-119.73559854751232,499.98061663959675,499.9999999999811,52.78900102643843,-12.930638722677832,373.87194928012906,-15.051018077562606,-161.41134462691727,-5.942243010360816,-112.24102226000785,-19.77187888996856,-56.50219448761371,389.7427089307252,110.53902187370097,306.52774344893277,-145.7426959376889,-218.4356220186951,74.66323814176813,-433.3371692622645,308.32339473862936,107.70518578058474,-178.7963241353039,-493.9071005174799,-488.1593531121232,-108.66816183898851,20.83418198668612,-185.28408999987383,-1.6667364276946839,235.49193979856238,218.9280136964953,-60.84230634033088,-173.34294969519019,-5.342771123578905,19.127913104209117,-288.4666509271196,-249.00910868642404,355.62920791403695,105.23734347762495,177.57406901436363,-22.862617441969704,-190.899570083717,-133.87758837650279,0.3651368043248751,27.30114628816771,162.07736418108794,-102.13206355973212,302.713205907762,-81.39332172638716,246.3234982990321,74.40196108630519,-96.543630922441,499.9851628123964,-2.6469933800399303e-08,-10.5643015807014,-103.52591751593111,201.33406793329306,-87.27131649236904,-107.62217880093928,37.4973395096283,-75.55374326228612,275.5336729654831,184.06207924758075,-88.29048409115903,59.11125949444396,-20.123150162599092,2.3160597187355276,-146.9703040143428,-223.47228023454826,5.231538986872256,-44.4818925547946,4.464504635203404,-272.0047328441265,97.55350660569708,-49.84785820174623,27.66944590628019,137.92366366462295,-289.25819876668777,482.2568760691987,-47.75283011776252,-369.3054842549199,54.561085460459836,38.87022099318023,-448.18867482124483,115.56063372104076,388.06549679134395,-2.6469933800399303e-08,54.48598598983127,-142.00875729687624,316.38135313660325,-50.089996439061025,430.32801089605516,-498.1320397891958,-499.95022095977225,-43.67290815781658,137.50151073330045,350.0793755311472,8.501972691787659,-161.37604987879507,-499.9999821148983,18.149730085162926,94.73379616254765,127.70708026992389,-207.56951164376895,-143.0345199853093,-1.3441218363149172
375,-9.888026397675276e-09,500.0,499.31682049802265,-360.50330132788423,-362.65764906732426,-1.4846591511741282e-08,39.644039200636634,238.58708360331448,-166.1839363723753,82.69643270232561,-1.8792610541139398,174.5009235347648,334.0407606213804,95.042949815788,20.07319818680989,228.50789373331793,405.90423953348807,500.0,-21.561863737067284,-493.2924296531312,304.8730472750828,-499.879057916975,-11.61559539214774,-77.31318774464165,-236.35549119030514,-99.02929938572956,248.34499840522795,160.27847218309304,-362.9633552707832,243.80231903816886,-4.0643071165376625,135.54948148381797,-90.40004555854291,-499.9534338703806,-18.62802891091055,-234.83520964851166,242.91007451728666,-290.72688559091876,-172.16985473709266,-5.986653086729003,-116.42417897732193,104.25614796566784,-318.4023180880035,-408.6580194825759,-312.61190137819756,-142.57234757611766,-1.4372456727841865,0.33927901752348755,65.38326157208927,329.01913919551316,291.3139603219609,-207.26407343358795,349.5372637687638,-284.17389599991145,-76.72850911603776,22.565844354778704,182.91966132553063,91.6899222372738,-3.7691219940701544,483.0759465858678,-476.97718964136203,-152.84594181286397,-98.79284109090598,398.7745843396232,-243.8360144582267,415.6981585462202,-90.3711217904307,-144.32731030029615,-464.76980832923533,-28.32813472789038,382.8845104935386,-127.27623072144978,499.9945882228763,-437.2405981546058,390.0839364851104,-417.099196309323,249.47187373610478,473.60048203784794,462.50888836807303,-135.555691573647,57.83034870045912,359.82735819206283,-158.54002161347512,229.9319144729483,-109.07038999847578,-306.0562468736513,-160.58241818031675,250.77648062540348,-162.59670965984768,-370.6623618985691,-51.74310455550484,-89.55655956711983,-167.17466329749763,-134.06654276194416,-110.04168253656292,-245.67552380646435,133.4347324051721,354.61488716803666,395.61487800056244,-3.0969664293400894,498.50357088781726,-367.2092700106428,498.8009486483084,-27.435624116685307,373.3842955370296,53.45301400067247,-86.05481894022383,-471.1584661119119,-238.06962399777476,-441.2054169818271,496.72465254406785,-105.61452431263972,0.21899378910218234,-498.2350194825944,61.92115560538562,455.722644553072,-51.66791559857265,194.61654196748253,-110.46926995728838,396.8654719948358,335.14955342414135,6.57694411427147,455.63215072816683,53.443294784919,199.32581225512746,298.47705402865216,-352.68144695091104,154.89148569355103,442.8887943779501,-138.71402458732342,483.6234356608376,271.8739287544414,291.58096194088876,-69.4465309672226,-499.999999983051,445.8545874680316,-116.96017786586094,35.73560019319344,249.52884802852466,269.2293185087622,86.05350783818339,26.266887650503932,111.9140313225277,55.73393969719801,-116.41041941111477,250.49224935015835,4.765262313332035,102.2138324570268,499.95722956452965,-306.4227314073587,238.34248937816386,238.5337692246044,383.7826971613017,-107.23393372389353,-13.08336620491481,65.79077999621929,420.7087714554492,414.90662617361255,346.9054908849916,492.2802539947731,239.40642637937344,70.14901696138749,-62.86657709157205,-242.3288822906944,104.35163196530965,64.33329862660219,-221.160019292668,171.23195148049635,-244.61918024577645,1.3814135310946265,218.16923021145095,-12.229292806764349,397.3795466099363,182.1889603824102,-117.46539762657689,499.98090070309274,499.9999999999811,53.08341768499426,-13.379549851406992,376.4607555860955,-14.947764429058155,-160.76770477671772,-6.933469276236886,-111.01346933448875,-18.25854826655444,-57.44182335609288,391.2029233675239,110.84409744751461,309.3860554464273,-146.04036872472795,-218.63901629335527,74.42593221342317,-432.84679046415425,310.7730352201879,108.92888520814165,-178.5076201704144,-493.7649827405948,-488.06952656453336,-108.590800601843,22.088325252644594,-184.41680400957608,-1.3337734332174203,237.9448188248924,220.51708982797223,-61.82638387997985,-172.60193164746406,-5.380698121373616,19.437906130557593,-288.5130021323331,-248.298566356371,352.88180647851453,105.7495130187591,178.9057825206036,-22.437888746292042,-190.3499669149028,-132.82970228501927,0.6467818051705797,28.098865779370954,162.9990945480138,-101.89651380516563,303.1026420618422,-81.24124152186386,246.49157129845202,74.09369861851268,-96.45648799704368,499.99129708144795,-2.4767359718680382e-08,-10.468180160673228,-103.44184533776992,203.18723802296395,-86.86602018841761,-107.7060344117386,37.229561460444785,-74.60768643337377,277.6495967853147,184.62331230423922,-87.44203813401951,59.07342149331439,-20.00405874987712,2.132578274679996,-145.96743724201707,-223.19073126120597,5.562052902209897,-43.5662751816097,5.436674752784439,-271.7731306790367,98.42776776498864,-49.2647530030651,27.241248135634063,140.48818364507994,-289.0902049986991,482.3654108891174,-47.45086624284715,-368.86625233930596,54.528380111155165,41.95930391414537,-448.11290614652603,116.20093641689253,388.5286491969119,-2.4767359718680382e-08,70.33248959066219,-141.11578171076627,312.1342759350122,-48.549534793877996,427.17698857361074,-497.91693059722184,-499.95022164348734,-44.116474078742165,139.35254083225763,357.5474609752514,-1.0181363840298203,-151.61526060594878,-499.9999821148994,18.510641959792977,95.79998561928373,132.408502882111,-164.92728230511162,-144.32728152190543,4.51469148821238
376,-9.251380106434226e-09,500.0,499.3176297384848,-367.38299323474143,-365.64292414080734,-1.3893441064283252e-08,45.69047065046284,242.72896036087533,-164.5616059754745,78.33447515333341,-0.2869946435430113,175.66865778896025,333.9824055888218,97.08366038411359,19.504738012175974,232.03934979539716,408.0059652675868,500.0,-18.95870038277835,-493.0780988051255,306.0943278546128,-499.88017302314876,-9.749046896232239,-78.45254152268454,-234.54122701337138,-98.25417511672524,248.36766979473572,158.7155389353435,-362.06582711568643,244.42877623702466,-4.168223705705267,136.04414139373193,-90.1193931893713,-499.9534338647061,-18.05523273456756,-237.74490555293426,246.3769321579851,-291.08327123427665,-171.13869512665863,-6.192440445198419,-118.10323068721328,101.18645848266755,-318.54030709761327,-408.29451274606544,-310.8471166790821,-143.40611367833804,-1.5905795607437847,-0.010224245018828819,65.28463031382206,329.8483281784642,289.1478628420385,-207.5797515132004,349.93154433671094,-284.4502179966339,-76.50873542977075,22.160206848011487,182.6776170702166,94.09193347269265,-3.1813343058430656,483.190791611955,-477.0005983913123,-153.05436276898953,-98.3370845608762,396.138647086102,-245.44851359610203,416.288474300709,-90.37138126746174,-144.29379173351438,-464.77021973339964,-28.871298043313654,382.9727713353988,-127.17500583966473,499.99461597787433,-437.4221418097144,391.2176620167214,-417.19821080049593,251.60850939873032,473.6946616115796,462.51800108937357,-135.3165172867144,59.6460466378214,359.8265669272432,-160.125689936411,226.33298849600246,-109.27134450795148,-306.0163925456625,-161.58465253137445,254.22877917478348,-163.5206678414033,-370.95671270839523,-52.18339411476692,-90.10862415792484,-167.34987129536538,-133.4248500961171,-110.13204722342148,-244.65031162168808,134.9285611701214,355.50439075720607,395.6595792288966,-2.079521898224588,498.50855614806255,-366.44554801141237,498.86823108661224,-28.369593680372066,372.6072674483597,55.11825712918454,-85.38062001105293,-471.43173109649007,-238.5934405047359,-441.2432545538195,496.7495142643907,-105.25563465162004,1.015477168750916,-498.2427326705884,61.937889207678936,455.86633269502585,-53.246894114732086,193.77516785911894,-111.21093452638611,396.85710406087435,334.22224176640447,5.676677695755923,455.6669438243552,58.832559928387305,198.97467400410412,303.0267513231587,-353.10124684474613,156.29640190934444,442.95151254726477,-136.57222386982693,483.6519138871296,275.62136561496,291.83842574033093,-69.4216942204896,-499.99999998305105,445.97593090403984,-116.24444225106613,35.86267759563795,251.39145176884776,270.01370551088314,87.25200304730375,26.238733342756063,111.2058073576923,56.12420810460666,-115.4882899427261,249.58359047712557,4.781285083126364,102.81077076551438,499.9588707523031,-307.230613953827,239.92314884610207,236.89047372880663,384.3953483000677,-106.95370197660179,-13.814246915300288,66.30513417650496,421.7765605174023,415.82111047049165,347.24526724885425,492.35867952855403,237.6274913737449,68.52836371279496,-62.25161942988121,-242.50214996885364,107.69334583927234,63.45900651498155,-221.73770810753618,170.6581333742433,-243.91737854461522,1.3425708674425807,223.1203242330344,-12.338672376469608,398.09750666629753,181.8940405777874,-115.29764551686881,499.9811948754911,499.99999999998107,53.386088766625925,-13.909799941678507,378.9462284830452,-14.84188798287963,-160.1509360197573,-7.747457830667064,-109.86343716559318,-16.597285937168056,-58.17785805653386,392.5734265029747,111.13441848541743,312.165045661062,-146.15595393187678,-218.86019281977346,74.35673684970898,-432.3775598670443,313.13703414086353,110.23522594728406,-178.26031336273772,-493.6226555055669,-487.9900484661288,-108.50640269771743,23.538787749009625,-183.6030381672,-0.8345340292840078,240.34390938601805,222.1257003056692,-62.63932639683219,-171.90454630858585,-5.387927406340409,19.945143924493316,-288.54212864356384,-247.91077700494213,348.95719032680597,106.35305664914755,180.2270252861819,-21.8899628980876,-189.84978776183183,-131.84978142126536,1.0513852703792996,28.930140180910755,163.92752157528787,-101.48426960428465,303.48807745222797,-81.10084646498673,246.65983140171429,73.7450607552335,-96.1912145613757,499.9948576436922,-2.3166649043560028e-08,-10.35190985869756,-103.28032332356105,205.00843873933692,-86.26699499768242,-107.78516428416036,36.968529585961114,-73.41300791346906,279.6434330484243,185.02973812052417,-86.29040656515421,59.19177239697207,-19.899608312348438,2.0349553961209272,-144.93147048206637,-222.97538879096012,5.885669714896648,-42.0635036012601,6.97198818464449,-271.6796966949485,99.31859017253726,-48.64807439907343,26.752909931119312,143.06372006060238,-289.0203189436848,482.47490869390344,-46.98688109435364,-368.42793015236424,54.50108902409158,45.515293264271776,-448.03373351852315,116.86245773992351,389.0919245289208,-2.3166649043560028e-08,84.87869807807067,-140.1889611540962,307.76604009318834,-46.983699816591795,423.902692710575,-497.6795833889819,-499.9502224438823,-44.38269612833395,141.18880441318223,364.5756692421177,-10.069067314689713,-137.10262269746354,-499.9999821149005,19.189664343594867,97.01294452603852,136.93348152460206,-120.16803798576346,-145.42417190855772,10.213480351238132
377,-8.654751582071183e-09,500.0,499.3192144465194,-373.3462373381648,-368.5931088130066,-1.29948602989316e-08,51.725303927664804,246.87525807484496,-162.96998561270493,74.25634819063765,1.3526112318190766,176.89058031768218,334.03168599083307,99.10934481245005,18.94333849884795,235.59259164053773,410.1125692867702,500.0,-16.253747893226333,-492.85040993627433,307.3768771664692,-499.88095219166814,-7.832678473888532,-79.60545867360287,-232.7007383674276,-97.45348068343321,248.43296117713692,157.04322419711735,-361.18121948067676,245.07251691150105,-4.23257404658898,136.56616826712582,-89.83891438388471,-499.95343385920296,-17.482392381276448,-240.49332876636055,249.68856381755256,-291.42970815421836,-170.11093344452584,-6.358787835003376,-119.73427124218807,97.91810669185972,-318.68287677226425,-407.90838551884076,-309.10834550210745,-144.36797612946987,-1.7102399438426643,-0.3382353613990108,65.18970971741156,330.79527358916573,286.788095381559,-207.89944990188886,350.4065664857123,-284.7215680536495,-76.27001441915836,21.783632131126136,182.45112131335043,96.94384474733089,-2.6052928039497316,483.318973367172,-477.0197123289515,-153.30470167333664,-97.87516642445989,392.736853306417,-247.0284400034183,416.91097936027677,-90.38272984716518,-144.24227381532052,-464.77078729304725,-29.38855395294191,383.0808897479314,-127.0739370769487,499.99464820550463,-437.5965132625369,392.38337317799,-417.2941646615408,253.77813404974546,473.79306835720735,462.5368559905067,-135.03971041402863,61.566393864690006,359.82507195117256,-161.6377139830604,222.0398419769699,-109.50846252852682,-305.9754595888415,-162.66853025409222,257.80830284530316,-164.53850015152153,-371.24135794919755,-52.611451515057006,-90.62896264002272,-167.55443808471819,-132.7679728195492,-110.29834452898322,-243.62809562847218,136.3025440715914,356.4173565369077,395.7028028219919,-0.9409310368020524,498.5141404236788,-365.67981814512626,498.9339105174278,-29.107740870927888,371.8476437195316,56.701378489518746,-84.69407057173747,-471.72550166818064,-239.145893510746,-441.27980929733036,496.774565088791,-104.90664996161323,1.8097345153777207,-498.2500770869831,61.96117551989686,456.0302737362621,-54.738520651775275,192.85855865523786,-111.87235055582855,396.88204621647293,333.2139420549041,4.8116506091380735,455.7154305598011,64.34208723825859,198.59308811613204,307.45967970954007,-353.5059833811864,157.70303709379442,443.0300748788377,-134.42806303176084,483.6820601847958,279.30125786039895,292.1140151449683,-69.39409506165725,-499.99999998305117,446.1053743398794,-115.51205008352743,35.99167444935591,253.16902645310668,270.7823585492706,88.44500176660415,26.250782048795372,110.2702134978246,56.551912478560496,-114.50280506045208,248.55680011372883,4.845497847283885,103.38003857102285,499.9604285018752,-307.9808116321145,241.45057432510703,235.35676991922767,384.9849880573113,-106.54876606047668,-14.407043346706644,66.84565778411458,422.8832355489744,416.7977920936811,347.59761839747625,492.4364047001414,235.7077905933097,66.8547569205082,-61.61689143265047,-242.66332874330075,110.92387665854278,62.60555217965043,-222.2905783868918,169.99992251486367,-243.23673039456995,1.3042478153126023,227.88737650034048,-12.286810381700619,398.77731106696854,181.58593315323935,-113.31109785983115,499.98149385139675,499.999999999981,53.63142510232794,-14.571917772697056,381.29898388415023,-14.751786013650888,-159.56481963333744,-8.461649460242521,-108.80861920545907,-14.882631321523895,-58.788990620000625,393.8096967217045,111.39455881739391,314.8222013739112,-146.20120376258237,-219.10280527584135,74.37417520091772,-431.9220061784372,315.3645503590959,111.52649116601795,-178.06396814999445,-493.4810425261549,-487.916519466249,-108.43496529937502,25.101636505129456,-182.851223747669,-0.2542964654340611,242.6341153358757,223.68877492795735,-63.35124256392818,-171.26531792080178,-5.376287713840518,20.564673223445258,-288.56602291514093,-247.83995598214068,343.9581433004805,106.9802645139963,181.47356940447267,-21.296046593148688,-189.40830762033454,-130.95964770925812,1.5031755855454862,29.71940584437672,164.78076334048595,-100.97144163962258,303.8352655649293,-80.98536776772782,246.78808598321507,73.33006489223267,-95.82739751436235,499.9969381650595,-2.1675077732652422e-08,-10.262744898489277,-103.1047802132437,206.7227367259602,-85.56012307519923,-107.863628135329,36.697830202599135,-72.05826011145284,281.4139073932433,185.16199109021463,-84.952872620189,59.38856861221977,-19.822640312677166,1.934943782299313,-143.98743164915763,-222.85212134143444,6.174609370425866,-40.16120257856736,8.845368069936374,-271.77015690402897,100.1849349963861,-48.114373694494795,26.0523705945143,145.5448446857581,-289.0831934302254,482.57699259806316,-46.44239390602265,-368.0090847404379,54.452720498303385,49.51088189384322,-447.9534930809178,117.52039098731531,389.7461040610687,-2.1675077732652422e-08,97.47206750302628,-139.3155501280237,303.41108734634906,-45.409224134851215,420.5837310599015,-497.4206919915508,-499.9502233670018,-44.5575127199438,142.98028769303764,371.10624222396757,-18.62688687506362,-117.29770104277195,-499.99998211490157,20.069846708898922,98.1682432087739,141.22028176072376,-74.30100433658419,-146.35879916620488,15.415150104651417
378,-8.098140824586153e-09,500.0,499.3214553210733,-378.55382788704566,-371.54702652341587,-1.2158125173300505e-08,57.69465335179131,250.97434503341805,-161.4643109339008,70.41793401340905,2.9972025013825374,178.12164153719246,334.16757031647654,101.08349540237467,18.366747475692954,239.12466816441005,412.1948929779867,500.0,-13.495029860415077,-492.61109215825286,308.6877286204825,-499.88147880977294,-5.905662638014474,-80.80932588925079,-230.8626375734589,-96.65946077444362,248.50718280553784,155.19985778111038,-360.3148082226528,245.7230742466578,-4.279475659475385,137.10348097139843,-89.5757236341576,-499.9534338538661,-16.916399901665017,-243.1184522881806,252.80882227089936,-291.773915775493,-169.10552503698653,-6.508772937366578,-121.32702569175966,94.44739192724153,-318.83912590590296,-407.5044393199,-307.4215967842408,-145.49086365699767,-1.8216479481275818,-0.6992884107085419,65.09835189964095,331.84536810532677,284.2296792214513,-208.22456236987503,350.9472626053541,-285.00663153027443,-76.023110331962,21.39280137154675,182.23921960450787,100.21320516240289,-2.052542446135887,483.4580590521785,-477.03525906414694,-153.6013611596607,-97.41725663771118,388.39381780639815,-248.59483253441329,417.55583806537277,-90.4163532519305,-144.1808686383499,-464.7715063170394,-29.878917190560653,383.20597015165265,-126.97959666649398,499.99468440963494,-437.76364647536906,393.56255739486977,-417.3868059056363,255.94498560307187,473.89308883407296,462.5641366017826,-134.75108161498957,63.55975323668414,359.8228868721444,-163.0768411237912,216.97268662122875,-109.80996951477427,-305.94142345815703,-163.83171875958897,261.48199264217175,-165.65152940251488,-371.51567396649136,-53.023786909350626,-91.13643602802847,-167.81505074846106,-132.1244184385489,-110.58869335788924,-242.63010021392182,137.51908741227763,357.33525698676743,395.74459800672156,0.23147264638980017,498.5202057351668,-364.93389836493225,498.99735327806496,-29.775039668072292,371.1074707151491,58.16379972720109,-84.02918167691826,-472.03989833132096,-239.73046068523905,-441.3150218390084,496.7996226672966,-104.59117206820942,2.583077038867954,-498.25710212447103,61.97139923291241,456.21013397482585,-56.19143863710769,191.8506329521261,-112.47815182099751,396.9352393673629,332.1220596546159,3.9816081454290604,455.77567373827674,69.89536852898433,198.16717509944635,311.7210772177364,-353.89514213942516,159.0776453656513,443.12158056811296,-132.3401176758187,483.71258109444125,282.8713115039801,292.4017820124996,-69.36745123262537,-499.9999999830512,446.2403653755025,-114.7959366500313,36.118267707025566,254.826791644044,271.5055511213457,89.58599119493545,26.28631569460871,109.07833424584861,56.984255896819526,-113.49087567995879,247.38195433019564,4.942889401569523,103.89235684628355,499.96190090313524,-308.6850120902326,242.88844689638702,233.91029997304102,385.5279871212519,-106.03813294359126,-14.891754663415595,67.38350941250465,424.0148843507186,417.82141417043005,347.9499680630365,492.51202807792123,233.6145454000902,65.09164744093594,-60.99135470248869,-242.81768555856033,113.99689397173387,61.72773781169979,-222.83063786954213,169.22254164409483,-242.59460297902672,1.229271043422352,232.43577878276074,-12.127413591653392,399.39714604931044,181.22457795628637,-111.56881312810503,499.9817933905637,499.999999999981,53.78588639191565,-15.408494458976277,383.5010580036077,-14.690318996073758,-159.01137403874586,-9.130236456925306,-107.86353082853518,-13.158840684539298,-59.32385292582013,394.88663369449205,111.61482882903437,317.3308595773018,-146.2531091209038,-219.36736952521682,74.42612196276164,-431.48016424512,317.42567738697824,112.7478847807685,-177.9218194096806,-493.3414955619251,-487.8466957220925,-108.39012705758,26.725235588777117,-182.16379736929878,0.3544433944022047,244.78018263227682,225.16736040688335,-64.02021285193503,-170.69060786884037,-5.362075340914218,21.247948874798766,-288.59623703571424,-248.0061930743066,338.17565846694134,107.58155266340293,182.60649317150978,-20.700676009515597,-189.02788247733295,-130.16955978790634,1.9534677701863123,30.42000785830393,165.51535495510018,-100.40124082616425,304.1089849009015,-80.90333211057292,246.8321794312155,72.81716236783652,-95.4088067543205,499.99816243200894,-2.0278093870729208e-08,-10.231168767653969,-102.9510516206585,208.28178240481313,-84.7907214360646,-107.94120680119285,36.4071775258673,-70.5871156091253,282.90289231063736,184.97975907744666,-83.5488944024111,59.616394414167104,-19.777398249584966,1.7933331359877296,-143.18489332142948,-222.8190388988613,6.408683191964564,-38.13279187232489,10.800254425997606,-272.04147626649024,100.9869983907931,-47.71312913675623,25.081861862912028,147.86602042662082,-289.2799310114085,482.6646159599342,-45.86597710714414,-367.62844315261015,54.36436303209792,53.91264966932932,-447.87563509017303,118.14448826519256,390.4798178761698,-2.0278093870729208e-08,107.91238063434648,-138.5546435839493,299.1326361170429,-43.84845156038971,417.26047002351277,-497.1409524550562,-499.9502244151201,-44.74324499264636,144.69217211129168,377.1205319076119,-26.77995304040542,-93.44249410934388,-499.99998211490254,20.971270117496324,99.07303564458797,145.2823187587839,-28.360240803932708,-147.168934452295,19.880882407764346
379,-7.577909855172038e-09,500.0,499.324250061779,-383.1286458121987,-374.53061899385284,-1.1375959729775786e-08,63.56663027577995,254.9993726413874,-160.08788018869487,66.75761662752453,4.620871256337558,179.32278885494682,334.37317649761565,102.96828413478156,17.757570896420553,242.6159153036193,414.2364908165211,500.0,-10.707053559706836,-492.36138893771465,310.0059110135163,-499.88181490282074,-3.9978833365520465,-82.0972115898889,-229.0444626268844,-95.893081040332,248.54315768727747,153.11522960777833,-359.470687195326,246.3706649254617,-4.328944057310357,137.64499192533785,-89.3418768421819,-499.95343384869074,-16.362743615742243,-245.65009395030177,255.71431952787077,-292.1236155263087,-168.13657067644698,-6.662540460508954,-122.88894832585007,90.78162162485545,-319.0159052434455,-407.08605002375754,-305.80686353268436,-146.80429138838204,-1.946100964130974,-1.315918299479071,65.0104222309183,332.98325012359726,281.473975457738,-208.55547582062556,351.5417313971231,-285.3182542918315,-75.77843152840676,20.876933136449612,182.04162297338365,103.86976066396065,-1.5351588297182004,483.6009306830566,-477.0496748588709,-153.94763577609507,-96.973017987558,382.93298483951884,-250.16798673360475,418.21528624033186,-90.48168509321802,-144.11459845978902,-464.7723667199898,-30.348243981822293,383.3445666580466,-126.89734535182285,499.99472374122143,-437.92358908945664,394.7423491157281,-417.4759988961974,258.0770065762321,473.992435833258,462.59837375265266,-134.4687695979545,65.60438706673742,359.82004565283114,-164.44470773785744,211.08339132128802,-110.19995916702088,-305.92051298608783,-165.06807566113432,265.23780607098354,-166.8557092303312,-371.7793969481299,-53.41392256967875,-91.64151810986101,-168.15405975037464,-131.5170644007449,-111.03566523533802,-241.6744860807598,138.5338560189717,358.24581527911386,395.7850123455214,1.2889277471433154,498.5266366317455,-364.2236228934071,499.0583159781489,-30.602990358069214,370.3884663562413,59.441890676851855,-83.41016253657214,-472.37420021321316,-240.3482009333749,-441.3488679430613,496.8245040979543,-104.32372866578247,3.3138115959511256,-498.2638596239583,61.92470075642873,456.40197913164417,-58.34385459992942,190.7453445483455,-113.34767030552496,397.011170996816,330.9468237336309,3.1833718479943043,455.8454192023962,75.4389940333823,197.65573888012557,315.7861715843498,-354.2686585034679,160.39917780506104,443.2235805252616,-130.34914347812744,483.74218298029024,286.32314246755016,292.6964891753465,-69.34680952719275,-499.99999998305134,446.37779203787994,-114.13511252873344,36.23853877530879,256.34057765560254,272.16453926536633,90.66855045294103,26.334536960431432,107.60107268703815,57.31774270320435,-112.60920753749254,246.01915068924086,5.063509718482332,104.3280978742151,499.963289127722,-309.3533837910338,244.21949337025728,232.53677397615516,386.0054013870579,-105.5020649630295,-15.434085968018556,67.89744531738047,425.1617994742913,418.88300232147805,348.2921494859749,492.58454542011816,231.28799875979982,63.16353803500745,-60.39595569017393,-242.96747429715722,116.81614919143281,60.73938409755791,-223.36829637742036,168.26876044134477,-242.0063774828864,1.0425868547322257,236.73286557968478,-11.887523337329513,399.9398021056924,180.75495894690326,-110.12318154234623,499.98209090063955,499.99999999998096,53.80904359768604,-16.464988017787885,385.5403123862401,-14.660081923472436,-158.49146720136528,-9.83486579752731,-107.04088895123597,-11.430921371458108,-59.84129541953361,395.7950338044777,111.79579421514171,319.67141753012476,-146.35056380995698,-219.6523811231383,74.40744362774969,-431.0677264200958,319.30303844596096,113.8398100348867,-177.83220255843395,-493.2055886903552,-487.7801757333036,-108.37461859936884,28.364736119793598,-181.53892693818977,0.8811106415411473,246.75356334933204,226.53015459334637,-65.18810390235117,-170.1829777179859,-5.356073943455873,21.88063535059709,-288.6380056816454,-248.82526932393844,331.8520723259255,108.07293174161398,183.56690764338111,-20.191385854932662,-188.7115895694813,-129.50201387433535,2.201163519009884,30.91418690335349,166.0851486749578,-99.84804832436417,302.8348403435799,-80.98307713336642,244.80880602874137,72.17482907631,-95.0365399263091,499.99888816048525,-1.896842150017619e-08,-10.892157963990835,-102.87298508157926,209.6180413604365,-84.01161374098135,-108.01693696424744,36.05904677028278,-69.02803838967526,284.0936883185297,184.4813262343922,-82.17140133896055,59.805163042074874,-19.765574076664794,1.5676843431804042,-142.53578196948052,-222.85439997858782,6.568509462644655,-36.131843431020805,12.638289438805016,-272.4566088001562,101.69527524173134,-47.4891569904941,23.81253922297774,150.00268270686274,-289.5867792937128,482.7337433120036,-45.304616849725576,-367.7235385931721,54.21052498933652,58.68711516580142,-447.80346219967805,118.71031154913095,391.2781337350927,-1.896842150017619e-08,116.39501555087644,-138.45316712496214,294.95845162023704,-42.32272379839365,413.954307903631,-496.84038079295954,-499.95022558543917,-45.19077034429183,146.29885319410337,382.5914020485581,-34.65662587595153,-67.23542979195003,-499.9999821149035,21.72514511508943,99.61375677369438,149.08818183873333,16.716201851353556,-147.88592202270604,23.465630697048127
380,-7.0904206950217485e-09,500.0,499.32749763457474,-387.1593183676015,-377.55442154543607,-1.0641088010743262e-08,69.33116272130191,258.94582592767955,-158.86751662542116,63.145509370916024,6.209892672017588,180.42567700248932,334.63808864424504,104.68581816700882,17.109868549698948,246.066614629665,416.2304161760036,500.0,-7.892145678469713,-492.101720508836,311.3233090866838,-499.8819970398791,-2.1567354313837708,-83.49531285222928,-227.2525513498263,-95.16945196194065,248.43115377929158,150.71372339591613,-358.6524376610803,247.00620452090774,-4.407723000570555,138.1805109924257,-89.14650847632471,-499.95343384367203,-15.825537225004217,-248.10749746574064,258.34831080017824,-292.48846441718166,-167.21431710980244,-6.840065999810516,-124.42493961579713,86.95139074110855,-319.22229215069393,-406.65730073716435,-304.28970679641407,-148.3332150598936,-2.1042111376379973,-2.421680808698622,64.92580015591165,334.17640067591964,278.53030542595263,-208.89159094880566,352.18291634541515,-285.6629170630281,-75.5456343037352,20.091217264748863,181.85927783530158,107.87170238653418,-1.0724239391116637,483.72636380260036,-477.0736952992334,-154.34535556263415,-96.55350579246006,376.18304695981396,-251.7850659307564,418.8825795706983,-90.58889789302522,-144.04820356790677,-464.7733527734433,-30.845833959262695,383.4928938272001,-126.82740928530204,499.9947633052531,-438.0764819265211,395.9172569998792,-417.56176630526943,260.11610213029047,474.08933278638244,462.63816094594665,-134.2113849905128,67.67046545258356,359.8166048998447,-165.74427745191264,204.32605205750227,-110.71586784430434,-305.9215039837533,-166.36759167832585,269.0712435478443,-168.1435703201728,-372.0329740984433,-53.75336680310972,-92.14222983597244,-168.6039821078962,-130.97923349853187,-111.66237457967893,-240.77456056578785,139.27485677472964,359.14163981551195,395.8240917939244,1.914631417856418,498.5333340084699,-363.5578630294431,499.1168519105426,-31.995831144679688,369.6918715282366,60.42415496265291,-82.85688774172131,-472.72671178216916,-241.00275445650294,-441.38140091887317,496.84906049742534,-104.09129389994592,3.966558298243669,-498.2703968112319,61.74636447497802,456.6029607656592,-62.2080447833951,189.567571290224,-114.96570313372905,397.10508258985783,329.69157644935063,2.412580058487276,455.92253150116477,80.9452233225506,196.80141886278122,319.66970448207996,-354.62829056499857,161.67804636291984,443.33354110371044,-128.47552505917304,483.7697389197206,289.69187934737863,292.99050984073415,-69.34501734286421,-499.99999998305145,446.51476318478893,-113.61862306877589,36.34389032111388,257.6711913059518,272.7634369162137,91.8726580793798,26.39544540440901,105.76227507392504,57.20185075309186,-112.37110682247304,244.35494327882944,5.207186109773855,104.6673447568144,499.9645972231807,-309.9918770911323,245.4619444690231,231.26323088200922,386.3842576871703,-105.18233087381101,-16.501218498849532,68.36383642299248,426.3092476783891,419.9794126468708,348.61426685362954,492.6533416808402,228.57131433567045,60.90826195339609,-59.85146995079888,-243.11356849977273,119.1818246879107,59.44880455257423,-223.92869438132774,167.02972628805236,-241.4962735458436,0.5982493385287113,240.68344701693056,-11.59656788955202,400.37530033250613,180.06370218734207,-109.01761928034833,499.98238552941524,499.99999999998096,53.617169875122904,-17.819872299117545,387.383471393221,-14.659149385644248,-158.00495770637193,-10.762850327872954,-106.35702284825729,-9.609737631211713,-60.449844834716394,396.5343305374469,111.94356839741133,321.79465548900447,-146.46612411912332,-219.9565312794737,74.12275204847789,-430.7102078816819,320.9683052884916,114.76391309656658,-177.78074665529908,-493.0765575231415,-487.7194521764166,-108.38407103489847,29.95457374576053,-180.96539602530385,1.1446066218509254,248.48565412983942,227.71568359638053,-67.90724721934566,-169.7391216453268,-5.360606063911823,22.226374523366353,-288.6906397470849,-251.46262935439444,324.855465869911,108.26821779195659,184.2219509775292,-19.882241731929422,-188.4589779142869,-129.02052830142466,1.8534657645669135,30.99881066135824,166.3966551523714,-99.4108916862792,296.1997835714518,-81.63000718886627,236.09053084485095,71.35838778116147,-94.81144956677704,499.9993216786969,-1.7746060620993376e-08,-15.332369239149184,-102.94964933619855,210.59190076319788,-83.27816317594505,-108.09544982041692,35.50077783062546,-67.38118241263443,284.9360825231882,183.61395596793233,-80.92446734390028,59.828673345890444,-19.812289169945444,1.215349054245978,-142.0178591799515,-222.92865511989308,6.591558883322347,-34.19627863208084,14.172137415190777,-272.9599150686119,102.28715215700437,-47.49266047487897,22.219445752265234,151.91955227705088,-289.9692299857739,482.78089105333225,-44.87603357610622,-368.739102488951,53.875538722606066,63.77996512515813,-447.73988863249457,119.1955050482756,392.10480413629045,-1.7746060620993376e-08,123.3562281153741,-139.5252321669368,290.905159064209,-40.84288663852826,410.6795162762115,-496.5179330480426,-499.950226870115,-46.28443287841485,147.7768862743711,387.5290281593518,-42.56032408849209,-40.13573716364255,-499.9999821149044,22.089863242150816,99.66448081235474,152.24092949663083,60.04992402231001,-148.57337715186944,25.951798313133043
381,-6.632035365328193e-09,500.0,499.33112019996884,-390.70524029930004,-380.61225622621834,-9.957147995010018e-09,75.00204832440095,262.8389032155626,-157.80962988530896,59.69346859509709,7.78373499517938,181.49335564902094,334.9604418476083,106.30133102286736,16.430344719106596,249.50146242541447,418.18191475105397,500.0,-5.029667056695416,-491.8314356797415,312.6445261791565,-499.88203174366424,-0.3486660219828321,-85.01718247272696,-225.47997098503114,-94.47619609704083,248.2474829128171,147.91988776230383,-357.8575760439634,247.6285906703798,-4.528837055281371,138.71131048024478,-88.9835707937826,-499.9534338388054,-15.305730100203865,-250.49762290133776,260.84224892414846,-292.8735899855562,-166.33470095886352,-7.050084620745864,-125.92803772656089,83.025654827748,-319.44779240491596,-406.2197552779234,-302.8696786737303,-150.08647340168505,-2.3031890260609487,-3.3759849104391613,64.84437692962605,335.4179573526621,275.41423161733593,-209.23040926818138,352.87022656585094,-286.0208185843744,-75.32676937177102,19.452490679757563,181.69470590694962,112.21127614587648,-0.6263666800480386,483.85061928355054,-477.106055937424,-154.79410772574374,-96.15868583265913,368.00765809135805,-253.44133653607236,419.5557473770294,-90.70556226032839,-143.97669078272935,-464.7744428142018,-31.351730059441703,383.6479347164351,-126.756134251193,499.9948011453334,-438.2225665303289,397.09422411907184,-417.64434793642766,262.1154926851234,474.18365006980105,462.68255951886334,-133.95881254763486,69.81384579761087,359.8126463612335,-166.97825911635877,196.7927251032706,-111.33691618278485,-305.9360601536237,-167.71810478113176,273.00050740866624,-169.50269422701865,-372.277268689552,-54.01027800355995,-92.627526400324,-169.14183897899179,-130.47221614044932,-112.42511609096857,-239.93943070444433,139.98251380513554,360.028248114802,395.86188075739824,2.5642966067188264,498.5402315072109,-362.93256302603,499.1732053584423,-33.3291771107571,369.0183775085521,61.38988966447245,-82.33508261034217,-473.09525994444425,-241.67962159542213,-441.41268554680374,496.87322499686917,-103.82436351113148,4.621375241238253,-498.27676063635226,61.58788883724381,456.81211259069386,-66.02297831914076,188.39947808448412,-116.46364044017183,397.21464124252157,328.36313589426857,1.664521014377436,456.00542020704427,86.42191017162915,195.7098698788934,323.45493535707413,-354.9743050201204,162.99049279510078,443.4517439489519,-126.70478237007713,483.79506316854196,293.07618696146056,293.2855560689876,-69.34581953773952,-499.99999998305157,446.64928796568705,-113.14063413908735,36.444229048281684,258.9443716658436,273.37406429397834,93.51083428465724,26.478766466823192,103.82598401308219,56.876885071584645,-112.3866872676395,242.6034345923527,5.38458708600911,105.01510497069427,499.96583087405884,-310.59233961536523,246.7693782968424,230.19660549623154,386.71792882877224,-104.84454887226345,-17.638736350707898,68.81514540203958,427.46365830375265,421.1171424603003,348.91326761999983,492.7180385737731,225.7483532489173,58.681017390074544,-59.307644755351475,-243.22998481114814,121.40557256252548,58.20651966262232,-224.47669058797996,165.8251054540554,-241.01638774948123,0.2011891159508533,244.3943986971786,-11.062038795461076,400.7488835010535,179.45328160999557,-108.32033437304143,499.9826780407807,499.9999999999809,53.53745125121884,-19.3650665697797,389.0923468785524,-14.673094521126973,-157.55042668795778,-11.546660535387996,-105.82851627656942,-7.429799577338872,-60.82528107343877,397.1605116280031,112.0723347324593,323.8064086479706,-146.49460959290963,-220.27201885536314,74.05207098729315,-430.2246253733901,322.5497315108026,115.87213350752407,-177.7534938816864,-492.9443422014319,-487.6582749543354,-108.40097975774304,31.79668944397464,-180.43006881771936,1.6671518387696767,250.13673293543997,228.91374415604298,-70.56100548241746,-169.29798707425,-5.368485855059545,22.864612859361724,-288.7478195701906,-254.47723041793435,317.2932557669343,108.49707481896294,184.88049870712317,-19.339946727473315,-188.20099364973407,-128.5698641856723,1.7121796670625384,31.15927166222962,166.7305572373537,-98.67360398819532,289.40798055649424,-82.33547772634323,227.3584055316057,70.35427137280963,-94.2418379019667,499.9995827074341,-1.659645931795239e-08,-21.831351993814707,-102.84847038463687,211.5465244175643,-82.21463461979698,-108.16789444537179,34.89099433871931,-65.27538789754914,285.6123115793154,182.6485331893933,-79.49922764807845,60.07193326949689,-19.88434272319152,1.1210201106517212,-141.3082755448006,-223.00515516095814,6.5740954486751875,-32.29159307551794,15.694999069241437,-273.50946450351245,102.85492973541193,-47.30302314427471,20.700272852861247,153.75943808125325,-290.3840483550573,482.8116247341016,-44.27568617959022,-369.5965535468192,53.448341897458754,69.206137547108,-447.68440616905946,119.63126910895382,392.9653330708287,-1.659645931795239e-08,129.76947122767382,-140.23484298794355,286.9851198819831,-39.389213808975406,407.44722879467236,-496.16426393850867,-499.95022825721793,-47.22475715233282,149.17248265678035,392.5034091364965,-50.29427034029045,-12.937174600080677,-499.9999821149053,22.213764729868583,99.41930847859524,154.88188497285907,101.74056910563195,-149.1746092885977,27.9038552635333
382,-6.206391844898462e-09,500.0,499.3351605962801,-393.8062694430749,-383.69376132129594,-9.313225746154785e-09,80.60784373097955,266.7195900831012,-156.90376034379764,56.54054153723963,9.375343754410247,182.62908707168876,335.3479849549233,107.92620156195196,15.717495520844574,252.9576136359057,420.10922705660846,500.0,-2.088214737362269,-491.5489785034093,313.9825869914291,-499.8819030669631,1.4854157638823533,-86.6693790379008,-223.70739873289864,-93.78511132068958,248.1093910675962,144.66473666438807,-357.0792749612561,248.24921924346947,-4.660275869211037,139.25082493643694,-88.83601112337107,-499.95343383408624,-14.800932119871721,-252.81801608744507,263.3032637524566,-293.2682950310958,-165.49011848150266,-7.26988202231074,-127.39136286817104,79.03870511724608,-319.6802242199543,-405.76660085481586,-301.49326405064096,-152.0727160360544,-2.516642837851566,-4.146016211541395,64.76602603127736,336.73880321576394,272.1299258343617,-209.5691962800404,353.6098441174142,-286.3809473272314,-75.11312848364717,18.96205951586937,181.54658442530675,116.92032822859454,-0.1861602132622714,483.9833005224271,-477.1373299334155,-155.29457443234674,-95.77565643725771,358.2959359475603,-255.101143027008,420.2422844084186,-90.824852060035,-143.89011080759315,-464.77562349132296,-31.795928073423838,383.81061044076705,-126.67246468661745,499.99483924648973,-438.3617422221171,398.28573381470534,-417.72364796430116,264.14435634849275,474.27687878491724,462.73201815565255,-133.71068351771066,72.10004842016431,359.8082351342139,-168.14371947490702,188.60035608592332,-112.00460489292082,-305.95537105123856,-169.1123368356232,277.06105236973394,-170.92051524676262,-372.51121469514993,-54.201180538060875,-93.10124667243088,-169.71694911200015,-129.9782584139273,-113.30397343795639,-239.17236705546208,140.72779820388737,360.9195087267129,395.8984221437377,3.337662441309405,498.5473463685978,-362.3330295203797,499.22759089832056,-34.55967381022373,368.36822700935403,62.41435536042261,-81.83759290196669,-473.47911669066406,-242.36811490397096,-441.4426158090667,496.89705718245756,-103.51852418879103,5.295439828443768,-498.2830050013151,61.47578143517258,457.0301160459289,-69.9079096918133,187.25762437646495,-117.71590900982451,397.3409642546644,326.96606803518,0.9339612436354743,456.0939882680607,91.90217637202855,194.7575452239844,327.1774886724402,-355.30400461984317,164.34846201401268,443.5813007860343,-124.99712957901164,483.8189608333227,296.51803767291307,293.59226696990464,-69.33865288501657,-499.99999998305174,446.7815479977103,-112.64373353308913,36.55024109101979,260.23937790950424,274.00448111762546,95.38607309917307,26.57992761755559,101.88883400904606,56.61999538216504,-112.3427331422242,240.88953518198366,5.593271339068018,105.41667427588644,499.96699341096047,-311.1457982865759,248.15923310873907,229.36402738244522,387.054642224916,-104.35089280210522,-18.701056520525018,69.2864573823428,428.64301934847884,422.3064294031612,349.19520005913387,492.778371083316,222.96909369828364,56.58661393835146,-58.73117696931931,-243.31776604359302,123.60676966661036,57.122572066205485,-224.986916774142,164.72366121016722,-240.57723273728445,-0.07944172370708177,248.02140734613727,-10.136709832613441,401.09574685680747,179.03272225904828,-108.21405456301589,499.982970090212,499.9999999999809,53.649107621882,-21.005405873847184,390.7364773717624,-14.680455322595368,-157.13503496001871,-12.039519604243866,-105.49126082125635,-4.930337798984754,-60.87297496813793,397.70548152250154,112.20206155261742,325.7906269004874,-146.45664340712761,-220.59818577791708,74.27968821120662,-429.5529562470718,324.11556743376127,117.13183581945584,-177.77162207043258,-492.79670949609823,-487.5812356656796,-108.4111058874666,33.99818495449145,-179.9461956520449,2.5042571235143596,251.81017882152727,230.21336042099122,-72.88996187429225,-168.8587488941544,-5.3689349796487065,23.870187574831817,-288.8007667868261,-257.43395995056926,309.5248607512435,108.88547967176761,185.6388655954904,-18.540882252066986,-187.942433502174,-128.11351739163118,1.8981693288955577,31.477823027767545,167.19154984310825,-97.60873312057765,284.3145760313063,-82.86838600925459,220.5521615463481,69.21496420545293,-93.34141287769698,499.9997411330752,-1.5519617591053247e-08,-27.142371452342392,-102.53963860505199,212.56663316945819,-80.76133470484756,-108.2340003952456,34.367948754754984,-62.67741846362199,286.20856704462585,181.7370681221988,-77.94628220005873,60.60651645985926,-19.93559631408948,1.3008425021495973,-140.34971894453076,-223.067904122886,6.611119188392855,-30.86332837772725,16.635186397424395,-274.1013176038204,103.42360462202751,-46.88033529336617,19.339374377865308,155.6877473593402,-290.8083355017016,482.8372156715829,-43.337878215882654,-370.3090688894014,53.097316690366355,74.99883656185376,-447.6309113586133,120.06445629352814,393.88523412799736,-1.5519617591053247e-08,136.11583095226453,-140.6523701988416,283.20253381800694,-37.92783336637941,404.2658639219152,-495.76825531649706,-499.9502297342481,-48.111474520667876,150.54263484279852,397.5551526008947,-57.61791598469811,14.034674440626667,-499.99998211490623,22.251758217388,99.10047310904777,157.34311920800647,141.739506823971,-149.62254304560471,29.834082050153732
383,-5.806214176118374e-09,500.0,499.339663670943,-396.4976048420933,-386.78985801280726,-8.709321264177559e-09,86.16138507626312,270.59750716946075,-156.13798668844072,53.666278520278404,10.982311634331976,183.81880208113347,335.80650049103645,109.54024529947597,14.966741752392478,256.4446195235144,422.0188526081482,500.0,0.9454257150854912,-491.2526492064145,315.3470353364239,-499.8815971163913,3.344115198314308,-88.45929292926017,-221.92590637417777,-93.09785252262235,248.01341471460205,140.89671762336158,-356.31903229293874,248.8676782138544,-4.788320404945154,139.7961197700008,-88.70522315224306,-499.9534338295103,-14.310272384178033,-255.0655381343583,265.72228286599403,-293.66779079691815,-164.67972242466493,-7.488550631566885,-128.82129595175718,74.963894934273,-319.92534246914306,-405.2947835811585,-300.1345323778546,-154.3024478492331,-2.7351656039207555,-4.826477913631588,64.69061927079721,338.13857200558743,268.6765723010368,-209.90802402939167,354.4051572512222,-286.75701680344474,-74.91375693729391,18.52988015437457,181.41156408110166,121.98453956653063,0.2374130587883008,484.12276639029807,-477.1675110879319,-155.8482346044266,-95.41151788940205,346.90907994800233,-256.7583870645805,420.9451860788521,-90.95654258403755,-143.78952835456377,-464.77689172290536,-32.17401159794398,383.9821353791454,-126.58823340672501,499.99487857771277,-438.4938378164795,399.49104983683094,-417.79938506743883,266.1904757850244,474.36865460609135,462.7868413344689,-133.4977305444244,74.51696246714805,359.80340076879753,-169.24077599963363,179.78125919041713,-112.72176198670749,-305.9842600513211,-170.5453790601969,281.24463755974625,-172.38905816549635,-372.73409905979236,-54.35180810421357,-93.57888564704929,-170.33462453866915,-129.52626918042972,-114.31707147786837,-238.46047313629063,141.45581446513418,361.81232354713575,395.9337574144771,4.149898428532262,498.5547137949608,-361.7561472692302,499.27999238634277,-35.781273677790665,367.7412700070886,63.44355691158714,-81.38965140372571,-473.875639334023,-243.0720222529083,-441.471130277501,496.9205420615162,-103.23103497742449,5.963744068078892,-498.2891808731021,61.377560740812164,457.25671590415266,-73.91240955103521,186.0866876359617,-118.76126672511309,397.48406587742437,325.50103183703794,0.21521087992666493,456.1887453701049,97.39157401119168,193.92646666839008,330.80922302541967,-355.617287123397,165.6917172546152,443.72144278104525,-123.342286264306,483.8410775325633,299.98530141705163,293.9101178769819,-69.32871438979619,-499.99999998305185,446.9120264585396,-112.15597858563974,36.65692926041697,261.5010434623523,274.6030807916398,97.2729759703093,26.682106456826837,99.87464291606159,56.4211778659933,-112.25615732957317,239.14903613893242,5.817177670373405,105.8032404372619,499.9680874348151,-311.6632085279926,249.53101594430922,228.68159613949683,387.3591964855415,-103.71185365996152,-19.725549380756853,69.7585967745675,429.84695539790505,423.5464302655537,349.45569554076764,492.8339894389624,220.1753999159419,54.542787390015825,-58.15145293226599,-243.3954672594214,125.73720687674545,56.10126467129705,-225.4853420494647,163.63383361933901,-240.23215843754858,-0.3262313665816054,251.54308907610422,-8.914211279549077,401.3799845785962,178.71233851718654,-108.87960452930474,499.983262924417,499.99999999998084,53.84545565861259,-22.745246064890836,392.30317553537776,-14.68368429937183,-156.76879822983793,-12.355470007672126,-105.39373810749376,-2.261420150481289,-60.704360747473665,398.12929349621265,112.33228313726201,327.71526890354016,-146.506600112537,-220.94326396701646,74.68047555989271,-428.7538649940689,325.6125798384471,118.37008553062786,-177.85391641966993,-492.63538184625907,-487.48464355615266,-108.41906318047268,36.43572082504515,-179.52710270545023,3.5225765750091944,253.45642706663767,231.55647959532047,-74.96655350524426,-168.45464736568863,-5.363107601470436,25.110034449206236,-288.84914937303415,-260.23389340841146,301.7019815882232,109.34142219868423,186.42652371275904,-17.596814306889836,-187.71244914945026,-127.71162915455523,2.274438840704892,31.86795943388989,167.72836680710046,-96.33999534814926,280.37067375392616,-83.29494087008041,215.06555240376187,67.97434820030276,-92.23747051194088,499.9998380570047,-1.452281139791012e-08,-31.304292875187905,-102.12063860307045,213.55724238340835,-79.04434029693763,-108.30587480588432,33.898998037469,-59.74212997348246,286.66930662573037,180.90135689813405,-76.56756983548192,61.308967991252686,-19.974829037812125,1.6473956790444215,-139.17862417357478,-223.10410366382163,6.654814346316112,-30.188753995263536,16.644348400535343,-274.6978047078547,103.92318603540625,-46.30844033909065,18.13338851515918,157.69952243391572,-291.2133038877277,482.8622620952664,-42.17101874634065,-370.9111846058061,52.78601561163089,81.13750373926345,-447.5800659270354,120.4620261880478,394.8617271361504,-1.452281139791012e-08,142.65269695877328,-140.8938982044775,279.55392853630474,-36.46644496445066,401.13990776830366,-495.3260357532985,-499.95023129069733,-49.08244714112678,151.83847259200294,402.534681682841,-64.6890426484694,40.39202945318629,-499.99998211490697,21.910273658511333,98.55649980795893,159.65229652932283,179.45252758027166,-149.9386372468101,31.802774670592537
384,-5.4315023589879274e-09,500.0,499.34463360605434,-398.81420207156026,-389.88814220289004,-8.145434549078345e-09,91.66411803461405,274.47047367356924,-155.50312550392817,51.06177419193892,12.612815278584891,185.0703569193557,336.33626430817964,111.14918768360774,14.175837763381766,259.96248148551115,423.91049602580745,500.0,4.073259031639512,-490.9408984843918,316.74152900463184,-499.88110954684066,5.234190580491309,-90.38699112922707,-220.1266231064126,-92.40416989256279,247.96262555251516,136.60137369718805,-355.5771573029393,249.4820776617949,-4.908653390179533,140.3435032141448,-88.58394925430696,-499.9534338250733,-13.833394942080192,-257.2390551753557,268.10220813311645,-294.06999805623167,-163.90190719103083,-7.702080734505494,-130.22009631729324,70.78955533188963,-320.17969895837706,-404.80407464768473,-298.7865487405526,-156.76663456863162,-2.953931545744381,-5.362848786643132,64.61803968545996,339.6142912550965,265.05851737191796,-210.24671906303465,355.2549056654128,-287.1495530647268,-74.72519253480128,18.22800967756067,181.2875788352056,127.38291434923369,0.6476576049282168,484.27162607669953,-477.1953662217407,-156.45360633943127,-95.06367483582555,333.7224563541653,-258.40780975454624,421.66352616586437,-91.09852315774692,-143.6751497980004,-464.7782436892645,-32.48929173592439,384.16249304609926,-126.5104876621865,499.9949197416572,-438.6190090351554,400.7063652720584,-417.8714926048505,268.25234413205476,474.45933697140003,462.84662803171693,-133.28444291890057,77.05297905219166,359.798166658448,-170.27255939937413,170.39147509625462,-113.48129665340925,-306.01881125775355,-172.0110352730695,285.5305971790697,-173.89756519826952,-372.9459962356634,-54.47807458079827,-94.06733590926332,-170.99036608009376,-129.08854583660238,-115.42604553991225,-237.78132086373896,142.16329807042777,362.708971840364,395.96792661440855,5.0353511278829,498.56232775873605,-361.1972587298229,499.33026178234866,-36.89380920522645,367.1371326560215,64.47023111021223,-80.96122925183298,-474.2797152406674,-243.7877241625399,-441.49824153766986,496.943596965372,-102.96850983243235,6.6367901380616825,-498.29532171516524,61.30967363813086,457.49064510841873,-77.75240555051167,184.8697908292626,-119.6399806332236,397.64247845587556,323.96973721184423,-0.4968472874503169,456.2895243228351,102.89213855723624,193.18288072494784,334.3427847217501,-355.9147447601662,167.0116142235513,443.87066177497064,-121.73282009976796,483.8615621470151,303.46367303383914,294.2378187953171,-69.3149135462627,-499.999999983052,447.040713629028,-111.6676235533811,36.7648908858795,262.7084093961114,275.1720539298853,99.15091142429799,26.774937235491105,97.81460372156208,56.28825412678352,-112.09171510822814,237.40206424312504,6.046236880440135,106.17167545624667,499.969115558234,-312.1502522021829,250.85753249941178,228.0999735448184,387.60823071715936,-102.9365842302552,-20.63582348795612,70.24186395305193,431.0727282360844,424.83230296525517,349.6886305635109,492.8846525706863,217.38562109184582,52.56544395100246,-57.56584451127976,-243.47242263125582,127.76769308559643,55.16669868125413,-225.98387405651178,162.5845610871756,-240.00939187115094,-0.5383260732440153,254.94448024324,-7.449197827318749,401.57849310735713,178.49662532290154,-110.41579861712955,499.98355714097204,499.99999999998084,54.12930208932314,-24.5682769205097,393.77978758659174,-14.691613569200154,-156.45736126905305,-12.48958631788002,-105.56326985078218,0.5094506176762806,-60.32601410595929,398.4009055734031,112.45522886197391,329.56596777388495,-146.7851740076481,-221.31026303613683,75.27211652630805,-427.8701707312145,327.01175555727167,119.53457653939682,-178.01108686040283,-492.46333107512334,-487.3710610881594,-108.43392503744468,39.07879876169737,-179.17830448724047,4.737501148897102,255.05819074614766,232.93133888522263,-76.80264466060875,-168.10192137259165,-5.358812117509426,26.58098461505628,-288.89767466801624,-262.87275706923276,293.8998388912836,109.89552000288951,187.2377367629857,-16.496491850600776,-187.53252123974835,-127.40206414410937,2.8442743103772155,32.3493868369968,168.3463486559502,-94.86614009046266,277.16100587994737,-83.66711968578154,210.4124206402719,66.64812203099662,-90.93033513497726,499.99989783354306,-1.3584212865680456e-08,-34.665338932272725,-101.58516620059999,214.53522715537136,-77.08771644183764,-108.39294283899162,33.46163626190676,-56.51539445990499,287.114705179601,180.18269521841628,-75.09548601342622,62.18937566470956,-20.007800301005137,2.1830619579780417,-137.7764413586296,-223.10744976208713,6.693704970619011,-29.64936560070145,16.672765607793544,-275.2799218616468,104.36848305750193,-45.53661530316525,17.1618711496469,159.79838480710964,-291.58009587358185,482.89066700931005,-40.80233559605906,-371.42230498234306,52.50002976762562,87.60166951193567,-447.53432548531964,120.8163343260595,395.89396627803285,-1.3584212865680456e-08,149.6388233427676,-140.9314697833009,276.0339371302302,-35.02272147921477,398.0717370023534,-494.83366302574416,-499.9502329166732,-49.8638890620037,153.0547778481027,407.3791315470367,-71.4040783344733,65.98344718482932,-499.9999821149078,21.455211337946274,98.03392054696951,161.7848277247571,214.52583988878075,-150.1373134508139,33.94555465621593
385,-5.082256393507123e-09,500.0,499.35005673673083,-400.79017660144905,-392.97286485846917,-7.621565600857139e-09,97.11429542740811,278.33369354667155,-154.98866121536972,48.720775157799224,14.273240337977139,186.3930047927528,336.9351840325701,112.76317919857007,13.345844133990944,263.5075815930286,425.78284083130603,500.0,7.292118659039933,-490.61238118179307,318.1664270418679,-499.8804437008484,7.159634747648449,-92.44174133400028,-218.30067524648473,-91.69365767299054,247.96436573039168,131.81150706358994,-354.8529124745807,250.09275167886818,-5.015796917649445,140.89196317867368,-88.46436728274423,-499.9534338207712,-13.36972285063464,-259.3375301855077,270.4370382094439,-294.47146930447104,-163.15472450276928,-7.9044777444354,-131.5873257708767,66.51759565531736,-320.4401687640292,-404.2946652407782,-297.44668456134673,-159.43835228711015,-3.1639137305504126,-5.777646343032252,64.5481733199634,341.164306892046,261.2841278382253,-210.58465553416815,356.1559004550784,-287.55664914780203,-74.5390068767473,18.03523916183199,181.1730481063065,133.0971662995983,1.044766799898545,484.43068744480297,-477.2194058397796,-157.10617562310247,-94.72581954251527,318.6500473715945,-260.04231066624914,422.3957504181934,-91.25121177202847,-143.54698547891704,-464.7796758631287,-32.743593040269154,384.3512555943366,-126.43944818746655,499.99496335083404,-438.7375721296937,401.92839551502766,-417.9400367354054,270.3310379379088,474.54980487302504,462.91086021458085,-133.0638539934222,79.70095722031633,359.7925523877783,-171.24266005201667,160.50290679602227,-114.27016634230236,-306.05638091219413,-173.5028695825972,289.89621423253647,-175.43398850587687,-373.14724897069516,-54.59180179301808,-94.571024702979,-171.67414365846344,-128.66176084674433,-116.61064518583882,-237.1216249361734,142.83339203361197,363.6124177414318,396.0009684775641,5.990885523450302,498.57016483956653,-360.64932785895854,499.3782226600384,-37.89670101365778,366.55527621054927,65.47493865632578,-80.5430067855516,-474.6878229608369,-244.51251340099674,-441.52399509777706,496.9661672984275,-102.72986262969025,7.311586449008259,-498.30144235861104,61.269957979936805,457.7305432364339,-81.39501019232793,183.60326656829008,-120.3827024169944,397.8148417675207,322.37563806375687,-1.205913751755784,456.3958886790707,108.40688747132187,192.4915284628056,337.7749456041993,-356.1970296886889,168.3047883355791,444.0277233045992,-120.15942409293116,483.8810727828268,306.94215146724036,294.5747446604145,-69.29663925837238,-499.99999998305213,447.1683186533613,-111.1768898083065,36.874737101999905,263.8488820225693,275.70996594165064,100.99639794037508,26.852715473293753,95.7081310920982,56.227624250986814,-111.83482612676971,235.65571502093604,6.274634831618823,106.51446339142507,499.97008037928913,-312.60867590709023,252.12374957820927,227.59264217341686,387.79014849322414,-102.03029772222318,-21.403764782627004,70.74082080679193,432.31684357765903,426.15812881144626,349.88976726446697,492.9302675690268,214.6070250333759,50.64484931291552,-56.97523198008498,-243.55710507997068,129.6754379210894,54.30942486530452,-226.4938227575787,161.56261132563836,-239.933819414205,-0.7360275699083018,258.2226098019503,-5.790621527139825,401.67958976367004,178.36675402058677,-112.84474600088497,499.98385281319236,499.99999999998084,54.475189601276284,-26.455891802898314,395.15990261659897,-14.709986355563998,-156.20299018888966,-12.461225891763966,-106.00602645286125,3.2923653948296088,-59.77526329707041,398.49953046792643,112.56631596223454,331.33282579894154,-147.40086646751377,-221.7002702093848,76.02194533929912,-426.93157520582866,328.2919233115063,120.55545914406424,-178.25130749189614,-492.28298188462634,-487.24456032868926,-108.46097079539524,41.88367021738412,-178.90258072568793,6.108436840197221,256.600337492742,234.31349909125285,-78.42404628858522,-167.8172301125404,-5.3628460677427805,28.23150903899662,-288.949990148835,-265.3605062281735,286.1521633220017,110.5397766720937,188.04892243390924,-15.282342291893237,-187.4202601970034,-127.22341527494923,3.55204772418996,32.89549328848738,169.01770859116522,-93.2346485608412,274.4149078225765,-84.02051233659057,206.29152935292188,65.25255635095857,-89.47945455613939,499.9999349976471,-1.2711097951978447e-08,-37.52617796889518,-100.97197457811716,215.49408509703798,-74.95254962579354,-108.50457220568921,33.0367233756807,-53.07087899477173,287.57120115952574,179.55164491079992,-73.44936462862215,63.21082042385471,-20.04566934385035,2.858440217638281,-136.19937294404264,-223.09793925247502,6.712660453852726,-29.138498214238663,16.878996325599985,-275.8713798088652,104.75746573433977,-44.60592887983012,16.393963533369277,161.96895385696604,-291.92313300323997,482.92469855583266,-39.27733207593491,-371.85937274464527,52.22005213319959,94.37467213895172,-447.493527084316,121.1302579909245,396.9814591617847,-1.2711097951978447e-08,156.9437922432253,-140.81595179644637,272.63687529071314,-33.60386323305246,395.06285227136175,-494.28842119337156,-499.95023460321954,-50.472022159241256,154.1979293329585,412.0428589911903,-77.70595239556748,90.7341683731315,-499.99998211490856,21.142237743521655,97.72775187130867,163.68773848722216,246.72645046383295,-150.22821927168877,36.35200825904521
386,-4.751200322061777e-09,500.0,499.3558993054865,-402.4592225049771,-396.02518800794627,-7.134076440706849e-09,102.50597464071832,282.17566565764633,-154.58164809522,46.61294359865603,15.961992270439685,187.77081318906875,337.5999136238745,114.36777809526716,12.481635097591777,267.068425990495,427.63156385657555,500.0,10.59172661181028,-490.2661294553956,319.61892187776635,-499.87961035682883,9.112479442688096,-94.60164921938869,-216.4467277155665,-90.96229647517865,248.0067414730642,126.60855971974541,-354.1466208983878,250.69777760471624,-5.1078267705985025,141.43838427594997,-88.34442972469365,-499.95343381659984,-12.918676130161156,-261.35936433558044,272.7029227266404,-294.8698272191218,-162.43612171602385,-8.092304510708333,-132.92271495486813,62.15152665420069,-320.7071506718017,-403.76783508821353,-296.1210825233931,-162.27540561736984,-3.359481895334929,-6.12263991921002,64.48091155245297,342.78366354584153,257.36745278341056,-210.92134141491567,357.10391243470633,-287.9784825387054,-74.35489615735028,17.902190309173044,181.06702658193504,139.10753537569144,1.426012649693735,484.5982964565951,-477.23951078686116,-157.79858066762026,-94.39829012803264,301.6539733655353,-261.6568200243853,423.1392447531446,-91.4166081227306,-143.4069367156392,-464.78118505236944,-32.93823694485717,384.54768072239756,-126.37585326005116,499.9950095842791,-438.84989191894385,403.15295210815174,-418.0051422404372,272.4187494432894,474.64020831797757,462.97899885373033,-132.84164797674296,82.45035486553834,359.78657447799776,-172.15467758846953,150.1865019210954,-115.08642528004106,-306.0973548857521,-175.01411100429303,294.3114811460537,-176.98628329700202,-373.33826810365196,-54.69873386321004,-95.09288516858861,-172.38473582916532,-128.2535117330337,-117.86055040809852,-236.47586898048866,143.43717804997672,364.5203202180266,396.0329204034888,6.981258441847721,498.57819323311,-360.1094148195121,499.4237037972393,-38.82479526260276,365.9950694691796,66.42720580281606,-80.137280041685,-475.0976947740826,-245.24544024244437,-441.5484476688199,496.98820345625137,-102.51903825619105,7.976675984646668,-498.3075407166099,61.244742352147746,457.9750118960916,-84.85978280212308,182.28251626251375,-121.01583772402616,397.99950515416145,320.724247846995,-1.9138692098252303,456.50726006683226,113.92714508676804,191.82398333224629,341.09851437334623,-356.46477676707406,169.56034611753262,444.1913671071017,-118.62175865236063,483.89988515314866,310.40555229698765,294.919355344057,-69.27606140435934,-499.99999998305225,447.2955333658224,-110.69621302007863,36.984269171858266,264.90265948605753,276.20907283798283,102.78740388688276,26.913103901137347,93.52556093795575,56.221487424640095,-111.50573684434616,233.88433940798896,6.499524295658754,106.81792466293054,499.9709846255969,-313.04204706225505,253.31306346432982,227.13819083665126,387.89547550330076,-101.00448966986217,-22.039449346568144,71.24934117706566,433.57272451027563,427.5170711632564,350.05572309158083,492.9708531216515,211.8130622349259,48.74223792259639,-56.38872269402034,-243.65552430141577,131.42640707929584,53.485179243644936,-227.02531191976587,160.52792991218453,-240.02308750689565,-0.9587892185621575,261.3595595621878,-4.010784822087287,401.6771863505764,178.27452641360577,-116.09016035197928,499.98414944579116,499.9999999999808,54.83328822213688,-28.4042259522036,396.4342996283623,-14.740139223977017,-156.00327515708187,-12.330207120938958,-106.70137958250861,6.00327869503711,-59.11724010618313,398.4105653009733,112.66550866765715,332.99903645149027,-148.41442630695124,-222.11200801555628,76.86423843905085,-425.9566451016863,329.4299700224355,121.37912035995741,-178.57570611869815,-492.0964081199748,-487.1088679870934,-108.49984120970896,44.77775395958977,-178.69822049479106,7.564457725768538,258.05639393057186,235.6650525470017,-79.8890026393015,-167.61301921431362,-5.378163876141389,29.985628732086994,-289.00648523912656,-267.71378209242556,278.47727580877336,111.22780658493576,188.82234122418092,-14.015317216254434,-187.38478344386166,-127.20640351435868,4.330618780501861,33.45755049312625,169.69545993694197,-91.51446919603048,271.9920987858399,-84.37732439204487,202.54927152312962,63.7988179367828,-87.95911000792339,499.999958290074,-1.1896190699189903e-08,-40.053071281309116,-100.3331532560396,216.396396177828,-72.71836129962878,-108.64696957236741,32.607799407523615,-49.499764305738005,288.00454570253237,178.9551722394378,-71.69613746861945,64.30725701119292,-20.099682507821445,3.6023648590909936,-134.52476433198927,-223.0936172875329,6.695422354936348,-28.66470155401254,17.21015926335653,-276.4914763903494,105.07871090923159,-43.593993939816826,15.757048259841074,164.1629438711011,-292.2572688036917,482.96303339393137,-37.66764527529632,-372.2403877957292,51.9263724706587,101.43878017930585,-447.4581289542734,121.3968819500616,398.1205746577229,-1.1896190699189903e-08,164.32718954746198,-140.60748188080782,269.3575918526934,-32.21608333691088,392.1143884795949,-493.6895712951,-499.95023634254994,-50.971989985874764,155.2595996445767,416.48634982380247,-83.6385014933365,114.543743008267,-499.99998211490924,20.98426102544425,97.61160319972115,165.31853762454585,275.91630145644166,-150.22651861857528,38.956930283284
387,-4.445610102266073e-09,500.0,499.3621089144812,-403.8540882364397,-399.0242571543932,-6.6720531322062016e-09,107.83100383756287,285.98190577137115,-154.2663983716861,44.70450969837205,17.676398779672642,189.18209016960316,338.3264857267758,115.9444791067892,11.592353518777923,270.6295210754546,429.4506841580047,500.0,13.957305760114036,-489.901612809549,321.0940183005201,-499.87862551103007,11.082210978624206,-96.83591815116432,-214.56834399668267,-90.20696090477819,248.0737234783867,121.10589578933127,-353.45856954212906,251.29423762031334,-5.185419462870144,141.97895695944723,-88.22346234070065,-499.95343381255543,-12.47939151725564,-263.3020966850165,274.88076133746074,-295.2635227867763,-161.74272394430494,-8.26383184847877,-134.2248565255352,57.69833632296486,-320.98066246905245,-403.2258453212076,-294.82086429462544,-165.2256226071059,-3.5368756388206903,-6.43068101233978,64.41615346109992,344.4659430514088,253.32888777411029,-211.25609600969912,358.094150146527,-288.41302479076154,-74.17478293107756,17.79780240501104,180.9690432461706,145.39298179938794,1.79120392585979,484.77240781442123,-477.25596512496776,-158.52120825671605,-94.08295862764365,282.76250009536295,-263.24638869114784,423.89053417816314,-91.59409779507021,-143.25714180075633,-464.7827666031323,-33.07350010705214,384.75071368599555,-126.3204701392758,499.9950582286535,-438.9563339571343,404.3755511948324,-418.0669470903046,274.50680891486695,474.73037008061493,463.0504499687138,-132.6220080697359,85.2903452319443,359.7802527520479,-173.01223807456282,139.52443867235434,-115.92938783448793,-306.1417976137851,-176.5372575218742,298.7438892428539,-178.5420487985438,-373.5194684399791,-54.79778268479162,-95.63230603862478,-173.1211739286654,-127.86880105036583,-119.16261158235,-235.84291941724385,143.95979570762321,365.42906036880987,396.0638185282749,7.983215100359681,498.5863729125621,-359.57679865726067,499.4665719347238,-39.70053228920257,365.4558358700561,67.3101111008521,-79.74538328606525,-475.50742617004727,-245.98429021564883,-441.5716575575367,497.0096488784398,-102.33765620174069,8.625071160266739,-498.3136026736023,61.22587233601541,458.2225741310996,-88.16183788865587,180.9060007971964,-121.55858532087932,398.1945475581427,319.0236070733468,-2.620893178761062,456.6229064023066,119.4370710805832,191.16552560547768,344.30920638791036,-356.71858546508486,170.76912888053783,444.36029879845233,-117.12313725253964,483.91804862723257,313.83972659011454,295.2697837146103,-69.2548191007356,-499.99999998305236,447.4225662932445,-110.23466920583338,37.09169493491006,265.8591138915279,276.66536168515177,104.51228704154532,26.95763074041242,91.25140148653568,56.25229607568481,-111.12479752908276,232.07031789865033,6.721717660061319,107.07667793223008,499.9718314428419,-313.45383593975913,254.4194952033559,226.7212922099198,387.92328917926653,-99.86905867456615,-22.553088159137825,71.76129042699365,434.832668247901,428.901961408981,350.1848088835405,493.0065090835729,208.9845656621844,46.83386772811491,-55.81343125938972,-243.7683498173183,132.99711763790893,52.6650704186401,-227.58161248555194,159.45750613582882,-240.27925214084797,-1.2292251287179605,264.3401301594746,-2.167774453839236,401.5760603783324,178.18646691356722,-120.00309630395287,499.98444609236157,499.9999999999808,55.1757740575514,-30.407637184193376,397.5984594061789,-14.778836805435597,-155.85174676340105,-12.139816599981764,-107.60820332515829,8.599086891202145,-58.39805123302166,398.1324219399912,112.75679399741442,334.55599490538333,-149.82259802546682,-222.5413531465058,77.7554349201003,-424.9588595829576,330.41675990737014,122.00057386253555,-178.97865559104432,-491.9054160780388,-486.9669045828409,-108.54580550989846,47.708349771888166,-178.5591012446585,9.060246339897128,259.41097933709165,236.96232969291827,-81.23852513913091,-167.49364782830958,-5.403399903220743,31.794450489217606,-289.0646224365187,-269.9460315508784,270.8884983203378,111.92547805119433,189.53600370914972,-12.732786249204441,-187.42784241335224,-127.36930742564884,5.138921235431094,34.00545831077683,170.35028232082612,-89.74962943589121,269.8126438392225,-84.7497271441825,199.0978399662458,62.293437672159335,-86.41611849741605,499.99997300705127,-1.1124939192086458e-08,-42.339540262527144,-99.69962405630568,217.22003326603294,-70.4360271485075,-108.82285489684894,32.165844427435815,-45.86065700697655,288.39319043831296,178.36181474237787,-69.88444376102058,65.43586467328372,-20.1766250515287,4.371542791967042,-132.80337952315335,-223.1032674657704,6.635292291030946,-28.229877963473477,17.619441260061677,-277.14678917016124,105.32988955473348,-42.54903355960629,15.20068445277531,166.33734394152629,-292.58917142627956,483.002656605774,-36.02125522629114,-372.5792066321212,51.609625564941545,108.77655283034876,-447.4288447764564,121.61193062707359,399.30693972517236,-1.1124939192086458e-08,171.6305480832493,-140.34136311760776,266.19221310279005,-30.865978178951416,389.2275483641198,-493.03709193323266,-499.9502381274281,-51.404223520822676,156.23618932982922,420.68613073459295,-89.25081571281135,137.32013426965563,-499.99998211491,20.93456931126483,97.60873660629355,166.6584859029065,302.09494044849254,-150.1440244482915,41.66031076222258
388,-4.16184775531292e-09,500.0,499.3686233744842,-405.005890477998,-401.94922362346085,-6.24277163296938e-09,113.08105938932549,289.73816881516626,-154.02486543070358,42.96805936309659,19.414485069363405,190.60920320441582,339.11076093206765,117.48092831362393,10.689604287944274,274.1744594271155,431.23419687670304,500.0,17.37199781319419,-489.51871909791885,322.5856570919637,-499.87750776649693,13.059000371951802,-99.10970120551048,-212.67115209092367,-89.42441584750067,248.1537426142778,115.42689842225563,-352.7885304841343,251.87955574655575,-5.249308576782069,142.51054286218059,-88.10070745993507,-499.95343380863414,-12.05060923902399,-265.16258238480225,276.9609217546857,-295.65093909177415,-161.0700238708894,-8.417148713596577,-135.49147308737827,53.168174384116774,-321.2598639272849,-402.6713424143614,-293.556095565473,-168.23513709823442,-3.692176856392873,-6.718279175249498,64.35380406137,346.2046973263939,249.19283358963798,-211.58804373704587,359.1216505926764,-288.85620679078704,-74.00023722400583,17.70681453027893,180.878820253451,151.93199742422286,2.141966245502872,484.95099918459596,-477.26903744912164,-159.26365820274245,-93.78106929965294,262.0811452317418,-264.80509614432117,424.64594397403454,-91.78121165398947,-143.09946117084647,-464.78441428991374,-33.14840530637455,384.95915470606263,-126.27333572313782,499.9951088780962,-439.0572502971454,405.5920554919826,-418.1255861415001,276.58794767536006,474.8200732250767,463.1246051689313,-132.40741246305802,88.21117504709234,359.77361227839907,-173.81883405046972,128.61083846327767,-116.79530159180977,-306.18919102362855,-178.06453698731278,303.1621841888639,-180.08924149695056,-373.6912371228352,-54.88467639286472,-96.18645536038409,-173.8794246494625,-127.5097580266854,-120.50077389119355,-235.22311674281997,144.39884334371098,366.33532216704225,396.0936978661374,8.982152820183577,498.59465965815895,-359.05121418760524,499.5067461932455,-40.536201718697406,364.93688256114376,68.11891074817088,-79.366962836657,-475.91510450104477,-246.72576981953924,-441.59368010328654,497.03045066362347,-102.18456682418146,9.253618964745248,-498.3196080900805,61.21045778422333,458.4717669076978,-91.31226578041223,179.47553136456634,-122.02460380110234,398.3980195684759,317.2836627609976,-3.3259292493159514,456.7420142078197,124.91855383753105,190.51051413647164,347.40557977764036,-356.95898675986297,171.92497288678678,444.53331309450647,-115.66624159807084,483.93557447464025,317.23243544011024,295.62431934505946,-69.23364953644484,-499.9999999830525,447.54932509127565,-109.79695604259626,37.196128804162164,266.7183812321027,277.0788221206859,106.16643988787798,26.98980446287107,88.88489842277366,56.30913801060124,-110.70678152356331,230.20830256683104,6.944041195689958,107.29183158686072,499.97262417870456,-313.846537055502,255.447080881727,226.33224304483375,387.88093780968404,-98.63158384128435,-22.95336624891968,72.2728741514117,436.0891216700887,430.3057540503051,350.277076010786,493.03738445086174,206.1150668094495,44.91138592130265,-55.25282447044898,-243.89275005503697,134.37895070754396,51.83663013219411,-228.160973080575,158.34428705317848,-240.69356265172124,-1.554764043444565,267.15953000820156,-0.29644423745859433,401.3894800555352,178.08609106855937,-124.41058297735134,499.98474152593747,499.9999999999808,55.494121451999014,-32.45425644671952,398.65465608035623,-14.8205731292587,-155.7403149955998,-11.913742074626791,-108.6779808015304,11.066583256634626,-57.643433349838084,397.6751004242682,112.84586441986059,336.004515756368,-151.5732902544802,-222.98315535874687,78.67205576544578,-423.9484981541961,331.25613694749796,122.44487981250907,-179.45126988869612,-491.71147831752756,-486.8209497966071,-108.59266135166759,50.6451173429666,-178.47752892832898,10.571518687135997,260.6610064587116,238.19604165521562,-82.49580328239391,-167.45855573933088,-5.43441619054706,33.63113619714198,-289.1205297035356,-272.066930591287,263.3980716261887,112.61461875581986,190.182009628693,-11.453542912020325,-187.547405635811,-127.72216843681863,5.955497481642398,34.52510082497508,170.96895935600932,-87.96399093199304,267.8242635219387,-85.14425757547878,195.87959297108586,60.743114709672525,-84.87673331785425,499.99998238155405,-1.0411895345896482e-08,-44.44301907899344,-99.08585569749238,217.95713858385324,-68.13337317157024,-109.03332851588642,31.706804981758506,-42.18582892648099,288.72694550277026,177.75617855527946,-68.04434824229999,66.57410734614608,-20.280752236587574,5.143192195632323,-131.06518581683807,-223.1305790316571,6.5321725023877315,-27.833454642992326,18.07635362659156,-277.83878345482907,105.51555013688002,-41.49899027468279,14.692531407508122,168.46549255710048,-292.9218913217954,483.0403997157475,-34.363994413131586,-372.88546494087416,51.2677752139657,116.37051206156227,-447.4058794411981,121.7762353754601,400.5362465006129,-1.0411895345896482e-08,178.7567279376877,-140.03602497469967,263.138001439161,-29.55863234488851,386.40373360405596,-492.3309297117001,-499.95023995080874,-51.78951869520383,157.13066319076964,424.6337687584823,-94.57784337718034,158.99791169038107,-499.99998211491067,20.949283171779904,97.65265243268384,167.70695968936704,325.3740720418644,-149.9871641192107,44.38480346646611
389,-3.892637323588133e-09,500.0,499.3753754553381,-405.94423348950767,-404.78119315080613,-5.838955985382199e-09,118.24767867028855,293.4309532132414,-153.83759054547068,41.38312287557371,21.174690357679253,192.03964829236315,339.9484828579827,118.97214639678819,9.785834773345377,277.6862965898222,432.97641052270075,500.0,20.816905464023097,-489.1178478743264,324.08684728289415,-499.8762773156823,15.034078582534326,-101.38851520039326,-210.7624564107022,-88.6122422637745,248.24088656085343,109.68658761687462,-352.1358017695335,252.45190099399727,-5.2996250268331675,143.03103912898712,-87.97523644613158,-499.9534338048324,-11.630820640658824,-266.93754495383934,278.9424563839795,-296.0302320256799,-160.41324730086097,-8.549806011879953,-136.72019780154395,48.57294935254037,-321.54323136339417,-402.10715494417076,-292.33316644701415,-171.25506277663183,-3.8213915780607413,-6.9904486198961004,64.29377347740737,347.99341057169573,244.98522722709478,-211.91626060324543,360.18137758607577,-289.30267356329057,-73.83203321373541,17.62482435788153,180.79612483493477,158.7016609566489,2.4809225425718595,485.1321787337107,-477.2789612257232,-160.01597420968102,-93.49293336655911,239.7942964528046,-266.3265583731031,425.40183979242096,-91.97452659492603,-142.93553576501773,-464.78612080604114,-33.16130657440686,385.1717594378934,-126.23372426554053,499.99516102137255,-439.1529705744218,406.7987177506224,-418.18118444776195,278.6560034036901,474.9091328572875,463.2008772555671,-132.19858925769086,91.20358996041075,359.7666828223284,-174.57773727093456,117.54662478079827,-117.67727696547317,-306.23853770345283,-179.588461080444,307.53716899638846,-181.6170008966117,-373.853921759685,-54.95409932028159,-96.75202230410342,-174.652589456986,-127.17597502715869,-121.85726204336035,-234.61742561204494,144.76148992316536,367.23631872029335,396.1225921949235,9.970444924325301,498.60300824069816,-358.5325561188581,499.54419499286206,-41.33690809321104,364.43751874508996,68.85834925425893,-79.0002243242966,-476.31871397006233,-247.46580971700612,-441.6145663562217,497.05056611592886,-102.05631151198104,9.862161793908152,-498.3255343321741,61.199731487990206,458.7211947910281,-94.31976437940975,177.99551669389393,-122.42295916857793,398.60806872729955,315.51539878296705,-4.02695391326686,456.8637513525563,130.35254885322993,189.85858482798824,350.38810106728397,-357.1864528262387,173.0243538147634,444.7092955590939,-114.25204154825775,483.9524953765252,320.5727991106781,295.9814153316003,-69.21256591555824,-499.9999999830526,447.6755716455602,-109.38398312990907,37.297402155268735,267.4890710585147,277.4522807061098,107.75199279585436,27.013412595332966,86.4347915732337,56.38683615408108,-110.26123145693533,228.3015079746525,7.16968883801276,107.46891007944284,499.97336623870314,-314.22169209680675,256.4072141814522,225.96625897814556,387.7813155672126,-97.29796722442342,-23.247669224677818,72.78245733298452,437.33490267546244,431.7215125600382,350.33396267067116,493.0636486879651,203.2070644009493,42.976583857060525,-54.70726757181254,-244.02387920175138,135.57687915224724,50.998925517160856,-228.75848596445945,157.19164879346175,-241.24934770096357,-1.9320439767500646,269.8227215390105,1.5874470831498604,401.1355232976382,177.96922055821102,-129.14407228411463,499.9850342788712,499.99999999998073,55.79233444630483,-34.526961734979025,399.61092789826324,-14.859864026899078,-155.66049692163136,-11.661491865508967,-109.86248804884583,13.413941834829089,-56.86410202049437,397.0576026419438,112.93789223406166,337.35270424722233,-153.58334691630108,-223.43206254354615,79.60495148530119,-422.9324513377585,331.96148787479257,122.75269733635716,-179.98282460456196,-491.5156439914679,-486.67265190100426,-108.63506734111341,53.57486534231643,-178.44508337564318,12.088988100410386,261.8129206020116,239.36759537758323,-83.67152219736292,-167.50377597215925,-5.46607474995845,35.4846189136353,-289.1704545949329,-274.0831287890743,256.0171625202061,113.28942714378361,190.76292918253583,-10.183205858634953,-187.73880123211993,-128.26915665912392,6.772590997441856,35.01386309353463,171.5499840287131,-86.1671881683069,265.99767706956914,-85.56344587109653,192.8617775303294,59.157088508054485,-83.35309415212267,499.9999884017908,-9.735231287777424e-09,-46.395428272415415,-98.49516692043854,218.61058703145613,-65.8221415549867,-109.27920471123345,31.229801475286642,-38.48871466538432,289.00512978504173,177.1352306577844,-66.19082546010416,67.71364120977769,-20.41550996001572,5.907890856374532,-129.32423319771232,-223.17574820450542,6.390158187303025,-27.471460076312326,18.565108897404443,-278.56534841283036,105.64453626097506,-40.45729155641889,14.215171720356873,170.53562865974558,-293.25574527315075,483.07339360819117,-32.7060624309552,-373.1650215480819,50.90328733553806,124.20155328076707,-447.3888303848994,121.89488226135701,401.804126659233,-9.735231287777424e-09,185.65688255323423,-139.69746597751842,260.1931210425492,-28.296212960793625,383.6445770877025,-491.5705691299333,-499.9502418057809,-52.134643698791585,157.95063789569733,428.33272854636533,-99.64161063950418,179.5410471232547,-499.9999821149113,20.99766225153299,97.69617294747268,168.47717642397006,345.9439879035089,-149.75838675449177,47.08161459658799
390,-3.6416167858988043e-09,500.0,499.38229789897923,-406.69729416887463,-407.5049105364778,-5.464244168251753e-09,123.3215990572797,297.0472418494389,-153.68592468304058,39.93340771108844,22.954728756019414,193.46409516908776,340.8350865288117,120.41794460552481,8.89234036087695,281.14791620687566,434.6719788917005,500.0,24.271120673678723,-488.69993181637795,325.5897000739991,-499.87495492292084,16.999233836168365,-103.64283553366512,-208.85110521807334,-87.77009072524646,248.33314073997917,103.9789660216481,-351.4995436355611,253.0100788424033,-5.336106102415577,143.53913408767494,-87.84633473116303,-499.9534338011466,-11.21866292536716,-268.6244949300083,280.8291010251637,-296.39953992917816,-159.768586301305,-8.659309796102548,-137.90929659175484,43.924280726710954,-321.82903846972744,-401.5361731677474,-291.15443374471977,-174.2458344724234,-3.921361652488053,-7.247347803220992,64.23597550895806,349.8252736985339,240.73068000703037,-212.23994908108966,361.2681718510472,-289.74703201484203,-73.67020630142923,17.551522773556705,180.72063473525904,165.67654262382763,2.8106143463647473,485.314250766616,-477.28593821290247,-160.76971214866327,-93.21814954396869,216.15288133314786,-267.80488016364154,426.1547363026552,-92.17066609723351,-142.76698046300044,-464.7878787344577,-33.11073706925532,385.38732184131504,-126.20049102291969,499.9952141387376,-439.24380298202266,407.99195240042087,-418.23385613337314,280.70509628947326,474.9974117369622,463.27871410026,-131.99533196511064,94.25777776924029,359.75949598339525,-175.2920502268782,106.43156733303132,-118.56684789412081,-306.2886837015833,-181.1023538558601,311.8419006896957,-183.11623353253597,-374.00784166117984,-55.00192739915973,-97.32683953789181,-175.43250927795617,-126.8659169865185,-123.21496056462637,-234.02723978462058,145.0585037572098,368.12958201438397,396.1505341418411,10.943891014684908,498.61137507334087,-358.02100448137287,499.5789299874402,-42.10409689037656,363.95706569581523,69.53671070211217,-78.64307429850322,-476.71610202349007,-248.19979824653257,-441.63436394968085,497.06996293972037,-101.94860533495368,10.451822690800542,-498.3313603357362,61.19744347200009,458.9695330014643,-97.19127084390814,176.47107561941078,-122.75995375260636,398.8229826129152,313.7294717437284,-4.721557164269299,456.98732298871397,135.71976342060282,189.21027309556544,353.25709095380125,-357.4014337643951,174.06487667969108,444.8871640735632,-112.88027426218368,483.96888366770816,323.8501255401442,296.33958314274014,-69.19115317279244,-499.99999998305276,447.801075357262,-108.99461258891412,37.39571081412385,268.18311543799337,277.7891660325607,109.27287732441597,27.030887780498457,83.9126080719379,56.483356117947714,-109.79431839106189,226.35611985195203,7.400612921549446,107.61429711514141,499.9740609052295,-314.58035256865907,257.3132167211361,225.62123764548014,387.6382684063488,-95.87355175999923,-23.442644763382663,73.28923111570928,438.56330083522266,433.1422981718498,350.35744727631925,493.08545856187976,200.26652125440532,41.03507315419769,-54.17590291546778,-244.15650029062863,136.6034295951991,50.15571700902028,-229.36830228789336,156.00611549172248,-241.9272675171114,-2.3535572895447365,272.3396269512004,3.4765912423426193,400.8319909127598,177.83635051911932,-134.0641605084306,499.98532273717774,499.99999999998073,56.077592001755576,-36.606668053503114,400.4777457396631,-14.893547454571861,-155.6049327253407,-11.386569674181462,-111.12125346405308,15.654660337798793,-56.06458713155602,396.3022757635629,113.03544420593049,338.6111720317077,-155.76619587330353,-223.88345325700644,80.5505573746101,-421.9152361385459,332.54915495299343,122.96290939183497,-180.56266487084366,-491.31861626254727,-486.5231762529701,-108.67057373739225,56.49121933795442,-178.45394829701863,13.608921619484683,262.87687084329605,240.48264883104417,-84.77079591071282,-167.62444920967855,-5.4946626250433805,37.34936858109798,-289.21232397095935,-275.9998519771478,248.7552912441814,113.94962663315272,191.2854119718021,-8.922697258477314,-187.99682995502639,-129.01213361260437,7.587740191578436,35.47340928031418,172.09682384773868,-84.36384454601023,264.3151635918576,-86.00823456139585,190.02407474541175,57.54758002103373,-81.85239511608714,499.99999229958394,-9.10949893295765e-09,-48.216203288964955,-97.92694561819569,219.18793589751542,-63.50870611512828,-109.5625200534515,30.734720752015317,-34.77645555347613,289.2319351089195,176.50187374252488,-64.33187570321486,68.85139353257979,-20.585751240504777,6.660150201706542,-127.58761934868726,-223.23758947359906,6.214046508359153,-27.139090336049556,19.077448522496752,-279.32270738736116,105.72595407983478,-39.43204116456474,13.759038500314535,172.54443641212058,-293.58982796056404,483.0992141677637,-31.0519854726934,-373.4214049372469,50.51946297341255,132.24726692964944,-447.37694722756567,121.97450252242692,403.10592019205166,-9.10949893295765e-09,192.30907085551144,-139.32688710678812,257.3559790771466,-27.077172139846112,380.9516981809367,-490.7552069416026,-499.950243685573,-52.4395609295891,158.70481097321786,431.7931463098107,-104.45594079483465,198.93981942690291,-499.9999821149119,21.062458169379354,97.7086241233361,168.98779827442556,364.0372420848108,-149.45875624321116,49.72361867767897
391,-3.408786142244935e-09,500.0,499.3893251364326,-407.2921011421205,-410.10975953275084,-5.111360223963857e-09,128.29211659421432,300.57415069230655,-153.55411305527818,38.60394496488792,24.750547739491026,194.87399169453408,341.7653499405865,121.81970889864958,8.018149250937064,284.54247461136003,436.3157054703935,500.0,27.71199273413553,-488.2664551892795,327.0853621595366,-499.87356175387623,18.946053882707595,-105.85017194958911,-206.94762359119386,-86.90035898827625,248.43001756008798,98.37218110309831,-350.87907061559923,253.55310872052272,-5.358834167851269,144.0337707861868,-87.71399009915096,-499.9534337975732,-10.813217502336398,-270.22254865812397,282.6262718032587,-296.7573457513659,-159.13381807822827,-8.743997046545495,-139.0581178509878,39.23186695278284,-322.1157616664159,-400.9613659561343,-290.01972658967713,-177.17859323962665,-3.990700360453606,-7.487744176224812,64.1803268013146,351.69302898541207,236.45080382945852,-212.55853858692117,362.3765715874541,-290.1847575929227,-73.51442326900685,17.487019608444875,180.65190403886913,172.82844118374385,3.133292582951006,485.4956998355688,-477.29016097579154,-161.5183164884791,-92.95603247027931,191.4534425367672,-269.2354597017089,426.90122961201433,-92.36666851399177,-142.59553727974287,-464.7896812098141,-32.9958144148566,385.6046688561726,-126.17249049470078,499.99526773891085,-439.33004567583566,409.16805975499346,-418.2837097480725,282.7289316659639,475.0847712910739,463.35757970511116,-131.79701609062818,97.36268963282859,359.75208240751584,-175.964811596681,95.35745023236862,-119.45563646667597,-306.3385925955825,-182.6005739144719,316.0516511508594,-184.57975192658827,-374.15330782875753,-55.02567367451409,-97.910114692538,-176.21132383684258,-126.57783442294796,-124.55931717765037,-233.45464184057144,145.3008939872484,369.012536691771,396.17755523714646,11.899753099443913,498.6197179547607,-357.51745759783313,499.6109976701769,-42.838168034335645,363.49485932719085,70.16264487430617,-78.29401526735296,-477.10482188195016,-248.92234721704838,-441.65311931744304,497.0886139038056,-101.85764893975167,11.024361590045833,-498.3370679225409,61.20980739180508,459.2154790314624,-99.93310783882602,174.90649597811614,-123.04062436963407,399.04111376770294,311.93534198212154,-5.407337409645736,457.1119675263269,141.0003004003358,188.5649401341142,356.0117815430396,-357.6043813483382,175.04417427626615,445.0658107142568,-111.55084779616153,483.9848193459398,327.05328435858326,296.69726675260193,-69.16864366742986,-499.9999999830529,447.9256316904884,-108.62672787360317,37.49143746514124,268.8124028505427,278.0921489694752,110.73240135106163,27.043076798077603,81.32915567478481,56.59785292889829,-109.31050763543932,224.37817887697008,7.637237349364454,107.73323329408586,499.97471123867695,-314.9235486594867,258.1771059577802,225.29584488104678,387.46416042984674,-94.3639316691195,-23.544941784490444,73.79213906335079,439.76804350447935,434.5611067378802,350.34953743893686,493.1029507379267,197.2995757568063,39.09271781432691,-53.658065788181325,-244.285699077276,137.4745958792833,49.31173300447562,-229.9846628666797,154.79372725960576,-242.7067602711075,-2.810630568633616,274.72150001822615,5.365841132192611,400.4942110375114,177.68874193351536,-139.06249164820318,499.9856052189232,499.99999999998073,56.35638670891215,-38.675208369296975,401.26578988454565,-14.92105835150089,-155.56749759207656,-11.090977813783319,-112.42207541606953,17.80061291444136,-55.248119367416336,395.4313370932968,113.13840238875065,339.7904275423485,-158.04733695724897,-224.33369881136983,81.5066160271189,-420.90007642778124,333.03510581762936,123.10737333935185,-181.18091519843256,-491.1208901011691,-486.3733420156493,-108.69952521784941,59.38952383050523,-178.49724781107724,15.128997508127169,263.86335203246716,241.5474865172734,-85.7973894503414,-167.81561925680634,-5.5188577973014725,39.22098691757312,-289.2460494539732,-277.8218508061584,241.61990808113967,114.59632198499226,191.7566744427618,-7.672070165511177,-188.31620438817203,-129.95143435482473,8.399686131113924,35.90561190429222,172.6140240593674,-82.55740186359411,262.7627077435263,-86.47929106469226,187.35000198785426,55.92821753732016,-80.38041345179923,499.99999484384216,-8.52014636620879e-09,-49.91954937013958,-97.3802010160555,219.6977765353572,-61.19856039642195,-109.88788981000289,30.22074402485682,-31.05461461338536,289.4128918685627,175.86041736494107,-62.47349955928133,69.985323090812,-20.799708847242314,7.393615866035354,-125.86029525035333,-223.31459730665242,6.00757260116036,-26.83234204164317,19.60780269048774,-280.10665014844693,105.76708143544249,-38.430548759719755,13.316963977210024,174.49191015156399,-293.9229921874252,483.1156457158674,-29.405403940507664,-373.6570841529234,50.11861162280812,140.48167122533718,-447.36945558804695,122.0210998739594,404.4365693596925,-8.52014636620879e-09,198.70342239538547,-138.92454952527606,254.62480448644482,-25.895198127564253,378.32646025052,-489.8839852750224,-499.9502455836668,-52.7026535154161,159.40071386895977,435.0276854640718,-109.03122007703018,217.20400917478784,-499.99998211491254,21.13296381426353,97.66679672077247,169.25964298066978,379.90059891924284,-149.08962637728442,52.29450142578777
392,-3.1905074138194323e-09,500.0,499.39639399527414,-407.75465177783224,-412.58939615623177,-4.780304152518511e-09,133.1474165082675,303.9993805218109,-153.43003770027343,37.38023974500087,26.556272126484814,196.26082815049975,342.73330738196404,123.17896330382445,7.169933991933571,287.8545772048979,437.902606056796,500.0,31.1161851532604,-487.81943265471403,328.56432324111705,-499.87211929945687,20.865822614266378,-107.99457894086053,-205.0637682538211,-86.00774880506756,248.5315562622544,92.91297619783057,-350.273923611223,254.07999093449962,-5.368564673847701,144.5138573630674,-87.57891621404566,-499.95343379410895,-10.414040739175707,-271.73259297808397,284.3397687574948,-297.10260930767663,-158.508160683026,-8.803378649225044,-140.16698706765317,34.50290297739329,-322.4021871260111,-400.3857659211547,-288.9276138368297,-180.03323260983493,-4.029867878430377,-7.709438389697377,64.12674639619902,353.5890838921495,232.164048176814,-212.8716801509437,363.500786135233,-290.61235530517513,-73.36415261435862,17.431044128126146,180.5893944506223,180.12695372183734,3.4513086050519433,485.6751771989716,-477.2918249746696,-162.25689354985562,-92.70581902865717,166.01969116503363,-270.61512744670347,427.63797524380436,-92.55974374605358,-142.42305856205195,-464.7915221298622,-32.81620025928708,385.82262776212343,-126.1487588938342,499.9953213679012,-439.4119953412705,410.3231987040504,-418.3308526223248,284.7207788076581,475.1710414537696,463.43693485169257,-131.60256423849785,100.50623839519899,359.7444704084346,-176.59903979505256,84.40543992442635,-120.33605424067953,-306.3874099474327,-184.07844103342617,320.1443303404273,-186.00193709220662,-374.29063130645886,-55.0239244351577,-98.50182049100174,-176.9820943785245,-126.31003251631095,-125.87876067307648,-232.9023607503161,145.49888678812817,369.88239111309167,396.2036860076683,12.83599744229469,498.6279951924815,-357.0236233835429,499.6404740791206,-43.539089945767756,363.0502527842068,70.74414287006906,-77.95227540674712,-477.48183124135795,-249.6265835868379,-441.67087895520467,497.10649272335525,-101.78043762239757,11.582301795443172,-498.3426412797291,61.24683228020062,459.4577211580837,-102.55128311036567,173.30478614330363,-123.26935166434129,399.26080503097046,310.1410853080999,-6.082042547082935,457.2369316442872,146.17380919890877,187.92039450205456,358.65049332360917,-357.79575061928307,175.95994529469235,445.2440884898341,-110.26449156858237,484.0003662962616,330.17115635801576,297.052810071967,-69.14377919468974,-499.999999983053,448.04902860100987,-108.27734980340227,37.58516154503505,269.3877861590889,278.36298363802695,112.13314683318032,27.049839138684877,78.69374198192358,56.72987695920056,-108.8134283261855,222.37285053516473,7.878991199980487,107.82954991340947,499.97532007331046,-315.2524611280514,259.00895849106627,224.98879290857622,387.2694418676257,-92.77518581486969,-23.561466075311678,74.28975429819424,440.9433775208012,435.9710244596794,350.31216582986065,493.1162507832388,194.31186088716734,37.15501443986736,-53.153597863908594,-244.40700649391474,138.207982043045,48.47179593894665,-230.60208252290374,153.55932223443918,-243.56696081343878,-3.29417351417077,276.9795494845458,7.250305263014615,400.1348145003322,177.52741827984244,-144.05751419129075,499.9858800623056,499.9999999999807,56.63361737413824,-40.716438319001924,401.98517520994926,-14.943377287831312,-155.5431917636883,-10.776366101581125,-113.74009825949153,19.860263784781157,-54.417907938929496,394.4658602925451,113.2451116653026,340.9000811125685,-160.36742860862122,-224.77996597351185,82.47117219041205,-419.8893755623144,333.4339949257559,123.21064614530428,-181.82856417945763,-490.9228447050889,-486.22373647667206,-108.72378095417058,62.26541249101129,-178.56891591467672,16.64735886745052,264.782122746721,242.56790568604455,-86.7548210028473,-168.07244269752428,-5.539192789773712,41.09498622990513,-289.2728399619711,-279.55355802649024,234.61660860718138,115.23084119095431,192.18342282254497,-6.431467260734149,-188.691688568487,-131.08617662879493,9.207355701669458,36.31125655603539,173.10602645114912,-80.75101791097386,261.328089261391,-86.97738977701611,184.82497835938705,54.31258379769714,-78.9422923892956,499.9999965181378,-7.974449545145035e-09,-51.51767249854015,-96.85445275624043,220.14858171892084,-58.897588734109576,-110.263560222789,29.685868366237322,-27.328246064150772,289.5536628954275,175.21525080698666,-60.62131365766831,71.11331874671461,-21.07052458674677,8.099547642328654,-124.14655098016071,-223.40537543791078,5.773095548440954,-26.54809212982695,20.15158470678787,-280.91269834632027,105.77313110120855,-37.46055053174004,12.882650486966101,176.3791820699823,-294.2540359616591,483.12045398199825,-27.77041354315692,-373.8738915102419,49.7017135995513,148.8757688163791,-447.365701691286,122.03936263050888,405.79071442908315,-7.974449545145035e-09,204.8358498037275,-138.49065743147565,251.99754739136938,-24.73718743803098,375.76987191498625,-488.95615171791263,-499.9502474938548,-52.92186345431162,160.04417509259684,438.04985167686397,-113.37650446300201,234.3574464342011,-499.9999821149131,21.200844783437006,97.54976140989696,169.31500582227255,393.7783800895535,-148.65301002043216,54.78261041396762
393,-2.983142621815205e-09,500.0,499.40344459708854,-408.1098516596958,-414.94112415212805,-4.471075953915715e-09,137.87529444879297,307.3121639031294,-153.3054480192915,36.248371686067024,28.36448519997801,197.61621420173694,343.7323046755017,124.49683935155831,6.352071963353978,291.07212672266184,439.4280772513916,500.0,34.4611157187635,-487.3613670947389,330.0168910382917,-499.8706489836095,22.749785098282498,-110.06560367854914,-203.21183464885706,-85.09852787520938,248.63818342707654,87.63253858011966,-349.68385468885305,254.58963950648467,-5.366801444714102,144.97815876897295,-87.44236517670214,-499.9534337907505,-10.021095528542528,-273.15719221156525,285.97523927795123,-297.4347944283108,-157.89185839139523,-8.838233583087534,-141.23703785471102,29.741255672037596,-322.6874224327478,-399.81240775754725,-287.8761306855955,-182.79624934233416,-4.040945573033511,-7.908488365458538,64.07515545560611,355.5056598612929,227.88575107165067,-213.17922502840895,364.634752618227,-291.0273226403874,-73.21863200681292,17.382807507269337,180.5324959340509,187.54000267575302,3.767983257924399,485.85150528508177,-477.29113278647174,-162.9819192353818,-92.46672068021365,140.18234288416315,-271.9421220159973,428.3617211597375,-92.74669599670827,-142.25141640983827,-464.7933963595644,-32.57198028232046,386.03999904325116,-126.12857624099478,499.9953746148271,-439.48995331177196,411.4534536313634,-418.3753933712452,286.67367813183995,475.25601318621574,463.51622421487707,-131.41003644288688,103.67570869931667,359.73668479228064,-177.19777563143526,73.64452883570229,-121.20154334612748,-306.4344313314707,-185.5321548816013,324.1010201270357,-187.37834074766084,-374.4201276631968,-54.9957821346121,-99.10208270346509,-177.73902279347496,-126.06089454526284,-127.16469377016689,-232.37357117274976,145.66154772513806,370.7362090558153,396.2289559826751,13.751126994763709,498.63616512499345,-356.5419338575701,499.6674603255283,-44.20640559559843,362.6226118769764,71.28814949057185,-77.61764489936505,-477.84287275461514,-250.30266845413192,-441.6876903241363,497.123571544396,-101.71479750601034,12.129686510937022,-498.34806628033795,61.32558729922099,459.6949207265438,-105.0515062307771,171.6673376171499,-123.45011757441523,399.48034192820404,308.3533325962831,-6.743615304884512,457.3614503906625,151.22001391060505,187.27284553725926,361.1709794822661,-357.9760062490894,176.81041509132183,445.42080845547883,-109.0228602164936,484.0155621982739,333.1931985691035,297.4044626315866,-69.11440532282916,-499.9999999830531,448.1710173848732,-107.94211708174973,37.67781844549145,269.9186994904614,278.60260135458066,113.47701320169841,27.050619967919303,76.01387239041215,56.879182914020284,-108.30621764023479,220.3442635776635,8.1248372454318,107.90570246191837,499.97589004125837,-315.5684666034301,259.8167077898529,224.69861737775696,387.0625712116314,-91.11390297940126,-23.499380497053146,74.78057758185079,442.08420020285905,437.3654322047345,350.2472016663682,493.1254833511676,191.30853199395344,35.22715945906054,-52.66279170184229,-244.51651443082395,138.82185784826103,47.640808764994865,-231.2154125179372,152.30640946749398,-244.48730108477682,-3.794690472634721,279.12439467416624,9.12471445867184,399.76380589634874,177.35302039010136,-148.990007179509,499.9861457061009,499.9999999999807,56.912360335141535,-42.71662896540822,402.6451240581773,-14.961927468558562,-155.52808585096835,-10.444074493466035,-115.05696520115987,21.837687443844235,-53.57744725990222,393.4252237115947,113.35353720425961,341.94855044500264,-162.6827102988854,-225.22008613657383,83.44260071525655,-418.8849130374065,333.7587872573961,123.29047768876602,-182.49757119519361,-490.7247856014394,-486.07478170402317,-108.74547898551974,65.11437018114401,-178.66370950759452,18.162786075843076,265.6417866020928,243.54881672163927,-87.6465470366717,-168.39025815588832,-5.5572110074864725,42.966475730304325,-289.2944032291605,-281.19899867004193,227.74960088371893,115.85456859349244,192.57148350614173,-5.20122457811772,-189.11812114149632,-132.41401525655246,10.009874167699268,36.68938453376006,173.57692496684203,-78.94755033558476,260.0011703786912,-87.50350390118776,182.4367214179433,52.713224971204944,-77.54223250100101,499.9999976288939,-7.457856554538012e-09,-53.021601283289726,-96.35005093457794,220.54839041085955,-56.61247590180673,-110.70316860354644,29.126493396871407,-23.60204321697036,289.65970366348006,174.57045921593127,-58.78095186162149,72.23300432019043,-21.41866556064505,8.765601711993426,-122.45036026625895,-223.5089453822612,5.511504780081618,-26.284004032113234,20.70485397942626,-281.7361009608967,105.74737274318667,-36.530439295724605,12.450334824262326,178.20765980469673,-294.58173526223106,483.11122447656163,-26.15207217380303,-374.0731936027615,49.26833742160817,157.3980172813862,-447.3652130179035,122.03247419085562,407.1627986671136,-7.457856554538012e-09,210.70578884100226,-138.02560239361046,249.4719175068919,-23.57818434045645,373.2825840276482,-487.971113570647,-499.9502494102967,-53.094830578535486,160.63924973282928,440.87323543758293,-117.50022507226446,250.43427168621278,-499.9999821149136,21.25839396434436,97.33661414228766,169.17780272561026,405.90292870292,-148.15165841031796,57.1781373528137
394,-2.790329745039344e-09,500.0,499.41042161360497,-408.3812578072868,-417.16564429121223,-4.183675628155469e-09,142.46445184482582,310.5047433134408,-153.17574612127993,35.19602596287872,30.166809854585097,198.93244335057665,344.7552163668065,125.77408262934533,5.566839124596495,294.1890169294568,440.88817815780004,500.0,37.726844981276436,-486.89516355446096,331.43385636348626,-499.8691714077108,24.58965541574988,-112.0577229157111,-201.40375769444913,-84.17973073414102,248.75125624277354,82.54520592823832,-349.10873259312,255.08095768683663,-5.355660582343387,145.42533196473684,-87.30578421817796,-499.9534337874948,-9.63458436958828,-274.5004112061353,287.5379608875897,-297.7538070193818,-157.28558224825844,-8.850471737579456,-142.27017633821967,24.94552951386108,-322.97088153651066,-399.24422785242524,-286.86311852154034,-185.460684726192,-4.027190167669836,-8.077407941265163,64.0254768338697,357.43500968735947,223.62782054039855,-213.4812201453629,365.772297264177,-291.4281310167616,-73.07663618595626,17.341126301022232,180.4805386685325,195.0347636037715,4.088975896279544,486.02369222899745,-477.288291602829,-163.6911483778826,-92.23785679106075,114.25458039881394,-273.2159965386353,429.0693914587785,-92.92305762746317,-142.08238101915884,-464.7953000802413,-32.26347694773545,386.25554454506465,-126.11145713262512,499.9954271171913,-439.56422999545794,412.55499735708054,-418.4174427810316,288.58085818610584,475.33945256132927,463.5948715961714,-131.21576636869185,106.85838842812919,359.72874537817006,-177.76408894279336,63.1293016882771,-122.04646525789656,-306.479005357948,-186.9587743847299,327.906474518752,-188.70541984338735,-374.54211688708085,-54.94041810141458,-99.7107402646547,-178.4774105319342,-125.82875329857401,-128.41147629363275,-231.87155601360803,145.79667744744052,371.57108533099114,396.25339365785186,14.644216553752276,498.6441862706561,-356.07530753974663,499.6920787678199,-44.83893591385177,362.211312066201,71.80040442490876,-77.2901138115935,-478.18131734460115,-250.93503952541624,-441.7036021383608,497.13981994620605,-101.65932404025999,12.673503513463324,-498.3533298492719,61.47618429069209,459.9257134199562,-107.43914847504975,169.9932847560619,-123.58661446302288,399.69793768458305,306.57722374888033,-7.390171212174717,457.48473879778084,156.11968458327743,186.61699323823925,363.57112404893127,-358.1456149842542,177.5951175860764,445.5947497303883,-107.8282044550529,484.0304225197245,336.1101885325863,297.7504185522517,-69.07668958366379,-499.9999999830532,448.2913031855875,-107.61414713703664,37.77103782964238,270.4130609558805,278.8113317893703,114.76524276411064,27.044923215123777,73.29480347250151,57.04596573825031,-107.79154459458778,218.29544763513533,8.373725927952949,107.9629494136053,499.97642360336255,-315.87310581987657,260.6061473388856,224.42371810347763,386.85011531419923,-89.38700901794185,-23.365931050892797,75.26368272305253,443.1862170496585,438.73826491479133,350.1565021222741,493.1307805027953,188.29448633626956,33.31440713980962,-52.18608937646179,-244.61104536372324,139.33442674722312,46.82426620865885,-231.81989391055342,151.03714073571936,-245.44823141444343,-4.3018656323516655,281.16588786010385,10.983274915615036,399.38880213313996,177.1659903006409,-153.82026257261634,499.98640076893156,499.9999999999807,57.19388500650772,-44.66442753558149,403.2538379272439,-14.977705422713257,-155.5190921688001,-10.094539534361724,-116.35957742739465,23.731813818756585,-52.7304509864097,392.32676262128854,113.46214440298425,342.9430304321719,-164.96450263769114,-225.65253709120546,84.42020003289686,-417.88798611118943,334.02069173541855,123.3588096226106,-183.1809688906784,-490.5269562405596,-485.92677050299113,-108.76611899241789,67.93168292593191,-178.7771493127144,19.675540684913813,266.4496956253277,244.49414559454448,-88.47565235766338,-168.76460320247944,-5.574562596548768,44.830119775286924,-289.3122332442885,-282.7616282741407,221.02210631950527,116.46933198186748,192.9257303282668,-3.981621021158472,-189.5904388268464,-133.9308051494797,10.806969673419538,37.0368486325503,174.03063741730318,-77.14907422859612,258.77382178166835,-88.05889983696827,180.1751734231396,51.141139182313886,-76.18263975915825,499.99999837174954,-6.9776433520019054e-09,-54.44101990365071,-95.86840515801293,220.90480533330003,-54.350864901742725,-111.2282933671272,28.53689632579732,-19.880126346786174,289.73618614376664,173.92968962080508,-56.95794513822494,73.34194292848979,-21.87526822815044,9.374299060574335,-120.77541259933035,-223.62506633438588,5.222203041680479,-26.038374467835038,21.26472424201237,-282.57185042591357,105.6914176827001,-35.64917445077779,12.014812319180866,179.97881885479805,-294.9048774840041,483.0852588780483,-24.556566766990674,-374.25596311104624,48.816653306927286,166.01548087292264,-447.36769962827054,122.00223297251894,408.54723210982644,-6.9776433520019054e-09,216.3146939245553,-137.5302422768004,247.0455108657798,-22.371629381826114,370.864966685726,-486.9284072583179,-499.9502513275673,-53.21883716911414,161.18843954550525,443.51119146375987,-121.41006331186084,265.4761046139538,-499.99998211491413,21.298252217974085,97.00590294872808,168.87406197229004,416.489244694874,-147.5889791362981,59.47214113234402
395,-2.608430804684758e-09,499.99999999999994,499.41727575529626,-408.59062683630276,-419.2660486030071,-3.910827217623591e-09,146.90609851657405,313.57415027133686,-153.03899279031708,34.214076293070256,31.95471272079042,200.2031623290169,345.7948621395595,127.01125431719726,4.815023800476149,297.20846242037254,442.2799370808322,500.0,40.898160513372986,-486.4239866994178,332.807279864839,-499.86770542881067,26.37822041852033,-113.96877682462821,-199.6501701432371,-83.2580920484666,248.8740305130363,77.65636664959398,-348.5483813703631,255.55301776123818,-5.337524230585697,145.85405788916609,-87.17027678368108,-499.95343378433864,-9.25467141268824,-275.76726889387544,289.0327541108206,-298.05981209786404,-156.68952588899432,-8.842719507914063,-143.2688197458655,20.105470321578128,-323.252260556387,-398.68394870118675,-285.8864778959983,-188.0229112149992,-3.9923011398298685,-8.202596418768128,63.97763382540164,359.36971657075935,219.39891423726115,-213.77789048013247,366.90741611570724,-291.8139741988154,-72.93606488965955,17.304524651114775,180.43281556983774,202.57884310975587,4.4244100080471735,486.1909447866695,-477.2835066979785,-164.38326329095779,-92.01810231740272,88.51770244921659,-274.43717154342636,429.758201949143,-93.08162998862858,-141.9174870194938,-464.79723137849476,-31.890958769364147,386.4679966962004,-126.09710504229723,499.9954785650154,-439.63514633905504,413.6243196616365,-418.45711275180355,290.4362442205863,475.42113288837504,463.67228396812465,-131.01299457219685,110.04237584481221,359.7206647927506,-178.3010257003793,52.90100330494888,-122.8656591821196,-306.52035741383503,-188.35609001774677,331.5494588502316,-189.9796444576406,-374.6569151024247,-54.85677172667861,-100.32705729519694,-179.1933424933609,-125.61161546325397,-129.61583375398405,-231.39927655010248,145.9109036426282,372.38439076699325,396.2770265454231,15.5149845859151,498.6520181187361,-355.6267868539917,499.71446926331635,-45.43443251417607,361.8157464599143,72.28544641968026,-76.96927884619427,-478.48636073952684,-251.4982423691482,-441.7186637048791,497.155205128484,-101.61321218619439,13.225911874204217,-498.3584194064245,61.75086317255833,460.1487298486566,-109.71917961242585,168.27824783785226,-123.68243510146912,399.91175039024904,304.81649561551717,-8.019938285607612,457.605997333091,160.85590656281818,185.9463519197414,365.84956108409386,-358.3050235329486,178.3157260128389,445.76468259420596,-106.68276369736392,484.04495733206596,338.91489942771335,298.0888817739677,-69.02390816614486,-499.9999999830533,448.40956313689077,-107.28227645264455,37.867679365942855,270.8773464619599,278.9892143739226,115.99857066157695,27.03266607317683,70.53872530240338,57.231361008165855,-107.27150342631212,216.2280956181647,8.624947248839263,108.0017250712018,499.976923078612,-316.1680101212884,261.3810988778326,224.16242242195497,386.63705744564976,-87.60150194175219,-23.168184111991977,75.73966504930041,444.24607610315076,440.0843052450125,350.04195933876167,493.13228575806664,185.2745403553467,31.422498081104333,-51.72357259386521,-244.68826221533865,139.76331000956486,46.02898090809302,-232.41108269501706,149.75207129709892,-246.43179934637845,-4.803911772707746,283.1131158316713,12.819271344725932,399.0154804128791,176.9666532503613,-158.52279084915708,499.9866441227193,499.9999999999806,57.47748992492486,-46.55021183373863,403.81848082415695,-14.99077827268176,-155.5138253691033,-9.726550469929691,-117.63892350503872,25.535094122392152,-51.88094505930213,391.1856452011811,113.57036656457137,343.889564629535,-167.19723920398735,-226.07630000530307,85.40490799406913,-416.8996183056472,334.22923418545116,123.42262081265649,-183.87283683394026,-490.32955671917875,-485.7799152506106,-108.78608708346118,70.71223531578252,-178.9054673410863,21.18842550314344,267.2119881350466,245.4067516718671,-89.24455451112269,-169.19125296427967,-5.592219989883133,46.6798200931912,-289.3271065096998,-284.24417203214597,214.4368038620122,117.07797337557535,193.25012269880216,-2.7726430802770237,-190.10375100508992,-135.63047548694752,11.5994170860596,37.34802712356326,174.4711843011347,-75.35642480674971,257.639350960766,-88.64528953303703,178.03194680150708,49.60571524871118,-74.86326492880383,499.99999887255433,-6.51925802230835e-09,-55.78450467645987,-95.41241791749826,221.22506172568353,-52.12175691916552,-111.87066863022854,27.90879643381902,-16.16621328526333,289.7879665951023,173.29605671412702,-55.15766196338408,74.43778551911412,-22.485269892075028,9.90118846014406,-119.12537599670276,-223.754550398528,4.903228452524617,-25.80984997521969,21.829975596817654,-283.4146778504554,105.60577829315362,-34.826169216838466,11.571484529961023,181.69399279281205,-295.2222898497431,483.03951848381246,-22.99148695230797,-374.4229268704158,48.34364014420219,174.6949001945796,-447.3730160149134,121.94942292598559,409.93860526858373,-6.51925802230835e-09,221.66352446317197,-137.00642322401632,244.7159308956593,-21.033774819433713,368.51717442410364,-485.82766783467855,-499.9502532406647,-53.29084065209366,161.69315506474328,445.97656239536576,-125.11303265356494,279.5297067801264,-499.9999821149147,21.313388436104464,96.53543268746823,168.43259107650005,425.73228569889477,-146.96886638819132,61.655400030453606
396,-2.4410837795585394e-09,499.9999999999985,499.4239650197693,-408.7574796553138,-421.24690847726833,-3.6598066799342632e-09,151.1954512056103,316.524052640301,-152.89454038236087,33.29843078361597,33.720211708554686,201.4239105828781,346.8444674269694,128.20900194910905,4.096574157834647,300.1469563653991,443.60152592385964,500.0,43.966500241135584,-485.9511154299821,334.1311587126895,-499.86626732970643,28.109816911392674,-115.79829255833567,-197.95974843085054,-82.33916270756966,249.01303420468207,72.96533805253623,-348.0023867358254,256.0053172879776,-5.314632430680942,146.26324336367725,-87.03602285063994,-499.95343378127916,-8.881156001696876,-276.96305969819207,290.46394771930875,-298.3529995309829,-156.10234726431452,-8.817830909942128,-144.23606271176448,15.194239491254148,-323.5316728856456,-398.13398237429766,-284.9442719432601,-190.48140197492972,-3.9396992478873623,-8.260956964638467,63.93154824508952,361.3029093201605,215.20445692891064,-214.06967054074795,368.0345619996667,-292.1845186335248,-72.79331909273601,17.271183445789763,180.3885917060746,210.14108713708606,4.791732694430837,486.3526732385295,-477.2769739998994,-165.05758645635072,-91.80583788756014,63.214089877336285,-275.60646546447,430.4257602495583,-93.21060707392877,-141.75796427853066,-464.799191271421,-31.454365294112495,386.6760841983396,-126.08535695430805,499.995528704017,-439.7030338632975,414.6584002443259,-418.4945132546555,292.23478456982684,475.50087554162326,463.74786094365425,-130.78996254571862,113.2171668617225,359.71244478710383,-178.8115563802277,42.989687638125346,-123.65374350702776,-306.557354203069,-189.72249255062275,335.0227103765551,-191.19663310302136,-374.7648222653906,-54.74360333732161,-100.94977960174525,-179.88316970829814,-125.40674836696839,-130.77609633089557,-230.9590234853965,146.00982187003106,373.17401380659504,396.2998812390683,16.363854048136414,498.6596222095442,-355.19921804746826,499.734784320203,-45.989090485038155,361.4353384439571,72.74665173514003,-76.65368755962557,-478.74040318201156,-251.95115104039527,-441.73292395970657,497.16969275148534,-101.5760583918397,13.807346215424925,-498.3633227413456,62.23668208302985,460.36261760392733,-111.8960554456768,166.51157303899512,-123.7412192841281,400.11992061279227,303.0735478696232,-8.631203607680883,457.7244285212296,165.41517648061875,185.25368232942145,368.0059278132793,-358.45464282675704,178.9760379189737,445.9293835294273,-105.5881740112134,484.05919644634434,341.60236559214377,298.41811436326765,-68.94471174663195,-499.99999998305344,448.52548895521795,-106.92858526912218,37.972607529713535,271.31673001530044,279.1361742274692,117.17737017664561,27.014184313369235,67.74311615807584,57.43818578010266,-106.74737119035633,214.1418102929428,8.878157116676455,108.0220730104476,499.9773906640999,-316.45482968887876,262.1435946860846,223.91306452445178,386.42708646935716,-85.7642613290911,-22.91278774931779,76.21178845222894,445.26141572072464,441.3993859143436,349.90553109729785,493.13015270541257,182.2531955698125,29.557906396041076,-51.27434957323399,-244.7467735782656,140.12525268276934,45.26397319368333,-232.98470197033407,148.4493533148527,-247.42211858928675,-5.28670438624377,284.974518297886,14.624110489976932,398.64798251751,176.75494992839512,-163.08230943365083,499.9868749285748,499.9999999999806,57.75979735586129,-48.364981535808006,404.3452287339794,-15.00040237583776,-155.51051316453265,-9.336469247164818,-118.88900720243394,27.23064114426627,-51.03372655387176,390.0149251916494,113.67843972119456,344.7931011779833,-169.3770718547697,-226.49078339853048,86.39997859420068,-415.9206923240005,334.3923031812926,123.48405106255892,-184.56824888490667,-490.13275822290234,-485.63438411971356,-108.80487116734437,73.44982733128447,-179.04554606735434,22.707897371316324,267.93363537178584,246.2882446612101,-89.95469449458423,-169.66629482121385,-5.61025507258354,48.507830766192754,-289.339065121137,-285.64844885235203,207.99613248350786,117.68502214694531,193.5478100079765,-1.5739404911093646,-190.6534452697405,-137.5050496059792,12.389488997205037,37.61492228990614,174.90306833533353,-73.56900881121202,256.59180421244577,-89.26493557031267,175.9995268614298,48.115157845430126,-73.5804770783122,499.999999212873,-6.104528438299894e-09,-57.05996840332876,-94.98723358593473,221.51616638914084,-49.936364673442434,-112.67307521314477,27.231191764315877,-12.464796792550347,289.8196613588947,172.67222069246532,-53.38549651495573,75.51820224939483,-23.30899417738343,10.312975901902472,-117.5044588010025,-223.89940654458016,4.551493794833381,-25.597085143143737,22.40178486016892,-284.2589713700976,105.49046074762342,-34.07112414348311,11.116511607001883,183.35413560411894,-295.53283583969846,482.97062479836165,-21.46638495345283,-374.5746445964232,47.845434115477396,183.4033808876569,-447.38110684274807,121.87425764297063,411.33183088452876,-6.104528438299894e-09,226.74982775395762,-136.45785490264117,242.48084709501455,-19.42071608159474,366.23919979403524,-484.66857690193825,-499.950255145019,-53.307617865846765,162.15421487897314,448.2815097751611,-128.6155698420729,292.64515478820215,-499.99998211491516,21.29734490234327,95.90261822182535,167.88601773890045,433.8062720876668,-146.29559469320012,63.71717556342474
397,-2.281012712046504e-09,499.99999999997175,499.4304552961221,-408.89884436366015,-423.11353035004663,-3.423338057473302e-09,155.3330763257005,319.3666371152631,-152.7416673367621,32.45174052484878,35.45624301716521,202.5923763198494,347.89802159378723,129.36823489697173,3.41109184813535,303.03866485089213,444.8522531524352,500.0,46.93165499871146,-485.4798329690498,335.40188425510314,-499.86487031690734,29.78052950267369,-117.54607353394232,-196.33896122279344,-81.42677772190675,249.17964127891375,68.46934707379818,-347.4698906505521,256.43805831744305,-5.288764622908551,146.65223673805346,-86.90179399854509,-499.9534337783133,-8.51313334926362,-278.0927736658321,291.83532286385,-298.6333721992556,-155.52009654545196,-8.778506621358412,-145.17649570025094,10.151156103846397,-323.81033545849556,-397.5963804637486,-284.0347577584686,-192.8350096317083,-3.8720085272630222,-8.216590401002072,63.88713800402555,363.22834521319425,211.04649824445355,-214.3573247902106,369.14883946482684,-292.53973957033736,-72.64250463581406,17.238489694848337,180.3470893723783,217.69205014780218,5.219053753850385,486.5084840369928,-477.2688750505516,-165.71387118453134,-91.59861807107114,38.54469359606123,-276.7247166863573,431.0701091034885,-93.29145298864421,-141.6047917294912,-464.8011852367013,-30.95312481826766,386.87855706358613,-126.07615879375112,499.99557733720167,-439.76823924758935,415.654759802159,-418.52974943368935,293.9724931253569,475.57858482559493,463.82100125765135,-130.52770241176967,116.37384385682437,359.70407060989635,-179.29858582258333,33.41647159864332,-124.40439283100707,-306.588271243162,-191.0568519903091,338.322482012646,-192.35026211274936,-374.8661146077611,-54.59990117034109,-101.5774492559017,-180.5429533718854,-125.21019372625992,-131.8916040595611,-230.55224832201372,146.09812403017935,373.9385058895988,396.3219834599574,17.191920824854364,498.6669629244786,-354.795080447798,499.75318325878425,-46.497161743549924,361.06954490096757,73.18629328000657,-76.34046465463392,-478.91570269018405,-252.23051195864682,-441.7464312440088,497.18324767779154,-101.54785417794078,14.450146230349668,-498.36802828167214,63.07008271779337,460.5660456305215,-113.97363018803819,164.66996909212443,-123.76682701036387,400.320598131414,301.3494193024295,-9.222299679385562,457.83925368491475,169.78800257323817,184.53163879643657,370.0407459679718,-358.594845660486,179.5780994082218,446.0876258699146,-104.5451349517955,484.0732133559511,344.1696679189658,298.736435691212,-68.82101937122572,-499.9999999830535,448.6388389017595,-106.52553842715481,38.09365574121616,271.7351669409213,279.2515649334409,118.3011886053946,26.98995494593226,64.89797005351849,57.67174095904822,-106.21930490735221,212.03247031839243,9.133134730318135,108.02398990460254,499.9778284393576,-316.7352636565606,262.89384055090125,223.67397364270104,386.222747997896,-83.8819705949628,-22.605850885244212,76.68713978343762,446.2307999844234,442.6804389299509,349.74925784713,493.12454039566893,179.23348933582915,27.72743623783778,-50.835982989299396,-244.78622607464712,140.4360155813332,44.54113121810465,-233.53642861409523,147.1230081003999,-248.40570069193237,-5.73304353362911,286.7580159973361,16.385525070922544,398.289133171998,176.52946432176435,-167.49101833190727,499.98709262719666,499.9999999999806,58.03315598092317,-50.09915811106376,404.8393369406644,-15.005535629566879,-155.50784824479223,-8.917806621752469,-120.1059628259588,28.787255813000773,-50.19549737439784,388.8256771669949,113.78685186185214,345.65747372800223,-171.5123617179815,-226.89573920949732,87.41118997208925,-414.9520501834846,334.5161105889534,123.53932291194987,-185.2631531822855,-489.9367149548497,-485.4903211053667,-108.82168698732544,76.13563113815002,-179.1948440073777,24.244754529095495,268.618436514275,247.13859035379662,-90.60650615028575,-170.1861996855027,-5.628172071153854,50.303010451306434,-289.3477841662745,-286.9751619058418,201.7024918439904,118.29715595531383,193.82126981055728,-0.38531017611676016,-191.2352711986345,-139.5446708306721,13.181155706179661,37.82801157484643,175.3316090851961,-71.7853118799942,255.62556553833022,-89.92053032917022,174.07092224031277,46.67722852322523,-72.32711267259691,499.99999944596516,-5.704350769519806e-09,-58.274922602673584,-94.60140463199754,221.78501289790725,-47.80958120605817,-113.68670420648019,26.490941809578967,-8.784077148596174,289.8357439409658,172.06062829625137,-51.647583953926585,76.58034833440222,-24.419366064820014,10.56646999392663,-115.91852878037952,-224.0624559550407,4.163227534764456,-25.398600123761245,22.984196315556257,-285.0985034065152,105.3453372933844,-33.39389144350178,10.64679134524147,184.9593962914014,-295.8353336961997,482.87492069485984,-19.993709798022614,-374.71161218521297,47.31789991724348,192.10901393969155,-447.39195944014324,121.77672502924015,412.72220750677764,-5.704350769519806e-09,231.56408376612322,-135.8915264834267,240.33796344636335,-17.299518030680268,364.0308895457543,-483.4507753453513,-499.95025703650526,-53.26630986894487,162.57221691473737,450.4373545490019,-131.9237920468064,304.8743024755833,-499.99998211491567,21.244544102331098,95.08531134123572,167.27225385460187,440.8652128450215,-145.57378052876828,65.64370472179971
398,-2.1354935597628355e-09,499.99999999949176,499.4367200761358,-409.0292542229953,-424.8712588133612,-3.205059329047799e-09,159.3253428513523,322.1229605851125,-152.57846085798045,31.683281219794466,37.156368552152905,203.70797768386205,348.95046067346186,130.48979099234415,2.757857100528268,305.93501006551395,446.03235415366527,500.0,49.802244558168056,-485.0133689839806,336.61839653991365,-499.8635244877442,31.387963929371224,-119.21112880254566,-194.79223062747204,-80.52309916844513,249.39076413682713,64.16627064022119,-346.94947104436545,256.85229345995356,-5.261129363606092,147.02094470055678,-86.76481231816332,-499.95343377543844,-8.148745464315782,-279.160610089699,293.14975553469566,-298.90063002501086,-154.9356581336188,-8.727172317252569,-146.09902679569313,4.844486258607222,-324.09228501493766,-397.0728503710227,-283.15648904668825,-195.08229395375722,-3.7908785678785124,-8.022649788956366,63.844312754229485,365.1403899810275,206.92272366364338,-214.64234604952838,370.24605531446736,-292.8799828858894,-72.47488763801665,17.200887303119032,180.3074346786287,225.20416681654834,5.745819277630959,486.65813910315023,-477.2593760005738,-166.35226092524854,-91.39290122190694,14.673387926564683,-277.79265555701693,431.6896891347569,-93.29840918569543,-141.45901186911047,-464.80322570713474,-30.38609342288266,387.0741905883608,-126.06963129347143,499.9956243220861,-439.83114165183326,416.61136669471523,-418.5629214321066,295.6461843418143,475.6542539760741,463.89109713386114,-130.19960868086844,119.50482879986113,359.69550187818294,-179.76504495881505,24.196013265146643,-125.11023620522272,-306.6107346675968,-192.3586441233187,341.4476043528865,-193.43219102055664,-374.96104684142676,-54.425535461034585,-102.20877714876066,-181.16823221589104,-125.0166119427063,-132.9624225456951,-230.17954454622517,146.17913106650565,374.6770217800105,396.34335808390216,18.000360289250956,498.6740074712183,-354.41649981828857,499.76982563778853,-46.95164001672208,360.7178419651377,73.6050809654262,-76.02582804453603,-478.97119625705744,-252.2482072729999,-441.7592347241783,497.1958335402274,-101.52941108514565,15.198697724402523,-498.3725254021816,64.43906658205132,460.75767624977505,-115.95519746382367,162.70345985495928,-123.76365548641154,400.51191724606707,299.6435336959221,-9.79162680258119,457.9497157316417,173.96868240416714,183.77360641076478,371.95486675107907,-358.7259786445402,180.1115084817638,446.23813684594944,-103.553462388887,484.08713151772355,346.615225501574,299.04215210181,-68.62707843752693,-499.9999999830536,448.74947578364396,-106.03516385363127,38.24210890705644,272.13517194867825,279.3324329766954,119.36750649821525,26.96022902824934,61.98117127273193,57.93984078504739,-105.68630926805612,209.88871615967514,9.389437711637603,108.0074187405999,499.97823835855337,-317.0113474796717,263.6298075855795,223.4432419922917,386.02538879736505,-81.96119605451312,-22.252970278090984,77.17680513932636,447.15352621861484,443.92538259407763,349.5752714033322,493.1156101242873,176.21292927754007,25.935245209544785,-50.404390565877755,-244.8073722927307,140.71021185304215,43.87386144228592,-234.06176466164524,145.75909672938636,-249.37149987478236,-6.123909398353781,288.4708463586854,18.084337120175196,397.94040027435574,176.2843181221501,-171.7452900370858,499.98729689336426,499.9999999999806,58.28227885642434,-51.74212666756744,405.3051276942441,-15.005338199481002,-155.50488140647158,-8.463163704922486,-121.28730902134177,30.153690460387253,-49.37786386441217,387.627020567135,113.89582701630219,346.4851660613599,-173.62590810729623,-227.29108704341925,88.44423512548445,-413.99455720055647,334.6048762315831,123.5751926445154,-185.9542600048132,-489.7415850134749,-485.34785723496805,-108.8360418665948,78.75499140185794,-179.35125221813246,25.81143510447591,269.2686730752329,247.95509886815472,-91.20079380366953,-170.74788658240158,-5.645459965647771,52.04713111239579,-289.3530081446751,-288.22365126454326,195.55847773096605,118.92193436952529,194.0718385543302,0.7904970693872392,-191.84530456114862,-141.73769660433967,13.977937818215246,37.977031043258265,175.76216154087666,-70.00600525010562,254.7353074397571,-90.61469239900569,172.23964185295088,45.29994207262123,-71.09578121784432,499.9999996068681,-5.340552888810635e-09,-59.43638238857297,-94.26915520589014,222.0380529838994,-45.76317498112224,-114.96245469013645,25.674628940213534,-5.141519452435504,289.84024393751616,171.4632784171772,-49.95340998913821,77.6184320305817,-25.891532493787487,10.608563673589172,-114.37795961780306,-224.2459607499309,3.734640929552691,-25.213198867768682,23.582206400252222,-285.92583940835095,105.16987622011509,-32.80615665910048,10.157892090564081,186.5080235104185,-296.1283985252755,482.7485559734326,-18.590827538967478,-374.8344806514866,46.757346752594,200.7811603182461,-447.4055853150944,121.65660159812403,414.1054258701785,-5.340552888810635e-09,236.08478300187426,-135.32037744198263,238.2849012530005,-14.330768772564188,361.8919178577813,-482.1737647407517,-499.9502589116159,-53.166743647672675,162.9474944481013,452.4542677536171,-135.04447937274918,316.26919757305444,-499.99998211491607,21.149794824635208,94.06219172470712,166.63630516955445,447.04396113496256,-144.8084780581433,67.41588492293894
399,-2.000888343900442e-09,499.9999999913961,499.44273936892455,-409.1609095166663,-426.5257275703173,-2.997694537043572e-09,163.18442528611607,324.8216636193131,-152.40132639670185,31.006110114589617,38.81373787187458,204.7701909534415,349.99763920070416,131.5730137635884,2.1359879187672637,308.9002249716252,447.14275204617473,500.0,52.5946265126553,-484.5548817364017,337.78201434585105,-499.8622371689893,32.93063148625053,-120.79213412862511,-193.32255097220872,-79.62989475902914,249.6666621235207,60.04985021569326,-346.4391967263332,257.24965960078606,-5.232533386581853,147.36963114921164,-86.62163426554976,-499.95343377265175,-7.785184014354024,-280.17002849759484,294.40820076443083,-299.15427105828724,-154.3392721918017,-8.66623283366957,-147.02245992633866,-1.0083696761054435,-324.389676383959,-396.56481710713075,-282.3086817727901,-197.22361277939706,-3.6974408287846408,-7.63339306683012,63.802972257631794,367.0339882283893,202.82649628857922,-214.92757188326033,371.3226368496973,-293.2067815448824,-72.27932217185707,17.145428252126674,180.26858729141063,232.65208384967053,6.418965533859814,486.8015192908168,-477.24863199234807,-166.97344980366267,-91.18412582606055,-8.279334201741742,-278.811113922922,432.2832337162889,-93.20173440781907,-141.32242120463636,-464.8053342630839,-29.751606020636338,387.2617518383896,-126.06640724284351,499.9956695634846,-439.8921728740998,417.52640543253034,-418.5941269085788,297.25291491319126,475.72788114162626,463.9575080624412,-129.77459371999979,122.60337660886887,359.6866633157767,-180.21399045231001,15.33520297105068,-125.76481435978113,-306.62224415380854,-193.62802294905742,344.3985702180176,-194.43334749977484,-375.0498580310962,-54.22175688866791,-102.84280797097973,-181.75493471036208,-124.81994966058242,-133.99035220998954,-229.84077447387705,146.25377006696715,375.3888210395355,396.3640291623726,18.788774749368702,498.68072477523293,-354.0654918463493,499.7848663016165,-47.3471108297814,360.3797146410896,74.0011736538231,-75.70874125138305,-478.8534097992118,-251.90404970779935,-441.7713863891886,497.20740951985476,-101.52415789179071,16.104486648626924,-498.376804453794,66.55991273623299,460.93609890201446,-117.84392736637746,160.50416731275809,-123.73694625427856,400.69185055397764,297.9535377105167,-10.337681827803776,458.0550510036512,177.95413613287707,182.97477814110408,373.74843247241415,-358.8483660875737,180.51183082804866,446.37953129236763,-102.61260204682213,484.10106518906684,348.93790562512766,299.3334401131828,-68.33179572556632,-499.9999999830537,448.8573439329568,-105.41391505910578,38.43187001090979,272.5170215117044,279.3673891908712,120.36738903663385,26.924824836721793,58.95430941931018,58.2509770389407,-105.1468635993125,207.68681532118893,9.646208202611367,107.97088795973299,499.9786222511451,-317.286522693587,264.34594144993247,223.21796338447982,385.8347100299632,-80.00852281770337,-21.859477364223242,77.69381553632144,448.0294242434723,445.1329338229311,349.38570363547996,493.10352450183797,173.17636336387505,24.176166505423488,-49.97487369281203,-244.81217744226745,140.96005085003878,43.2712379187231,-234.55681266879506,144.33025485823632,-250.31192565862014,-6.443903787931624,290.11862415130406,19.68973641140154,397.6014691342356,176.00325624383342,-175.84846537867514,499.9874875752775,499.9999999999806,58.47857997845128,-53.284151197847656,405.7457804877704,-14.99948478267186,-155.50090658924321,-7.970776606947417,-122.43174355062364,31.25087902429968,-48.602681657162606,386.42612849422994,114.00507616515942,347.27660500248214,-175.7582225581711,-227.67689812546416,89.4970528565569,-413.04921575538395,334.660077175089,123.56275283673106,-186.63877945205306,-489.5475565698191,-485.2071226737776,-108.84793571297685,81.28076498259395,-179.51296382048236,27.413123211340434,269.8841744214224,248.7305655880282,-91.74285404659283,-171.3486877365756,-5.661992821298174,53.70811339711313,-289.35478760166495,-289.39148878850756,189.56714881589568,119.56286332857248,194.2982890726086,1.941331624835359,-192.47969203432072,-144.07004256535345,14.777289720529595,38.05139602993358,176.1975032787789,-68.24165434377664,253.9156593849366,-91.34889510968193,170.4993502333574,43.99150603482932,-69.88754897976632,499.99999971880163,-4.99130692332983e-09,-60.550671829171065,-94.01353405162236,222.280178185393,-43.83181177242117,-116.53445021202164,24.772217732214127,-1.574400697434743,289.8357881111485,170.88091116427802,-48.32170776907768,78.61829937306071,-27.78148623423941,10.379124427860047,-112.90268218341203,-224.44846638428444,3.262524085246607,-25.04208585087105,24.195451903448333,-286.73135114521256,104.96061626973973,-32.32529439253657,9.63965183071751,187.99402790269792,-296.4099341017483,482.58763241300204,-17.284035577103555,-374.94414721141055,46.16114415545779,209.39115130477376,-447.4220947138142,121.51235193694154,415.47757992699997,-4.99130692332983e-09,240.27298597749814,-134.7663226362029,236.31904604828387,-10.092583804895115,359.8217230291492,-480.8365864738935,-499.95026076754846,-53.01507480835393,163.27873798624674,454.34122607437183,-137.98698890232725,326.8802121852936,-499.9999821149165,21.006062237507912,92.81279847349064,166.03325255005493,452.45976043273356,-144.00542476626737,69.00606338045337
